0 0.402444 0.069552 0.062581 0.075768
0 0.233311 0.218678 0.054611 0.071670
0 0.731436 0.031469 0.058447 0.062938
0 0.763550 0.245463 0.061598 0.073542
0 0.151958 0.248324 0.054911 0.071756
0 0.812614 0.346574 0.062476 0.073993
0 0.675347 0.034970 0.060147 0.069940
0 0.347705 0.070872 0.074639 0.089530
0 0.860561 0.320998 0.062272 0.079695
0 0.050493 0.043304 0.060440 0.074971
0 0.252686 0.098835 0.062212 0.082428
0 0.971103 0.958619 0.057793 0.075857
0 0.277060 0.221804 0.053772 0.079577
0 0.973750 0.474366 0.051909 0.123898
0 0.022478 0.085003 0.043571 0.076899
0 0.210638 0.275014 0.051640 0.066058
0 0.366244 0.205816 0.055054 0.091733
0 0.051738 0.164590 0.043310 0.057107