2 0.728637 0.242780 0.050288 0.061998
2 0.698472 0.211350 0.055150 0.065939
2 0.102926 0.911734 0.043823 0.054502
2 0.796561 0.085370 0.048243 0.065987
2 0.747685 0.135297 0.048281 0.064382
2 0.352237 0.973916 0.034908 0.045630
2 0.148543 0.245979 0.032464 0.042155
2 0.217594 0.584064 0.027912 0.034791
2 0.261679 0.271597 0.031223 0.037936
2 0.270500 0.337218 0.032213 0.040702
2 0.761546 0.060149 0.051624 0.064781
2 0.093220 0.840870 0.039352 0.050191
2 0.352747 0.230935 0.036148 0.043306
2 0.248454 0.479279 0.029557 0.038259
2 0.057264 0.837318 0.040206 0.050596
2 0.759270 0.682245 0.039216 0.042320
2 0.753523 0.807001 0.036045 0.038323
2 0.128583 0.837825 0.035719 0.049170
2 0.386043 0.965499 0.027401 0.039270
2 0.351801 0.320952 0.030749 0.038391
2 0.279729 0.279982 0.028955 0.041705
2 0.771563 0.694879 0.042301 0.049298
2 0.710959 0.059308 0.031158 0.067468
2 0.223470 0.145585 0.030692 0.035572
2 0.205946 0.073772 0.026488 0.035242
2 0.895615 0.365395 0.033872 0.038038