2 0.693535 0.925058 0.044834 0.050372
2 0.271762 0.871527 0.039914 0.051262
2 0.744534 0.865682 0.041330 0.047138
2 0.286555 0.539786 0.039671 0.048503
2 0.272095 0.667930 0.037432 0.048542
2 0.249246 0.543608 0.037774 0.047321
2 0.197857 0.701473 0.037629 0.046785
2 0.085227 0.979427 0.036009 0.040389
2 0.060519 0.955257 0.040947 0.051980
2 0.288262 0.777227 0.040015 0.052197
2 0.226613 0.534103 0.037567 0.045124
2 0.736997 0.164359 0.032438 0.037590
2 0.089855 0.881216 0.033634 0.049267
2 0.710117 0.136795 0.033281 0.037522
2 0.274530 0.721819 0.036240 0.050983
2 0.246223 0.699886 0.032889 0.042657
2 0.064199 0.876612 0.035324 0.049827