0 0.340970 0.688603 0.061406 0.077531
0 0.157859 0.194518 0.048142 0.056374
0 0.805635 0.459000 0.063369 0.074555
0 0.503763 0.367105 0.069242 0.088025
0 0.896047 0.972752 0.058788 0.054497
0 0.225790 0.159497 0.051816 0.060553
0 0.837192 0.398858 0.070271 0.085215
0 0.437631 0.420566 0.063961 0.080997
0 0.517404 0.519266 0.071305 0.089788
0 0.899360 0.809843 0.063555 0.080401
0 0.639796 0.535524 0.067644 0.082969
0 0.443121 0.339107 0.065942 0.080046
0 0.324107 0.233359 0.056919 0.066034
0 0.895629 0.475926 0.070729 0.083001
0 0.537405 0.422966 0.071115 0.089460
0 0.610086 0.758620 0.070300 0.082562
0 0.652104 0.723337 0.072020 0.085343
0 0.395271 0.340803 0.065366 0.081366
0 0.559440 0.373261 0.068369 0.082938
0 0.069893 0.181125 0.041700 0.050854
0 0.516593 0.738781 0.060389 0.071846
0 0.633990 0.488523 0.069437 0.084893
0 0.473547 0.539005 0.055723 0.072654
0 0.928418 0.893249 0.052040 0.074999
0 0.974449 0.909693 0.051101 0.065401
0 0.852899 0.972360 0.052533 0.055279
0 0.985421 0.823617 0.028038 0.072097
0 0.167295 0.839693 0.054369 0.064188
0 0.451655 0.511740 0.065890 0.088281
0 0.750004 0.957724 0.057558 0.065873
0 0.886820 0.535480 0.068357 0.071602
0 0.611690 0.718998 0.064226 0.084776
0 0.980609 0.817957 0.035468 0.068824