0 0.898228 0.629830 0.051720 0.061825
0 0.928621 0.837883 0.057617 0.069032
0 0.941691 0.466945 0.064077 0.076450
0 0.950282 0.399774 0.062739 0.070370
0 0.905259 0.685984 0.056694 0.069599
0 0.495450 0.388208 0.069500 0.088176
0 0.729620 0.059027 0.060081 0.074277
0 0.120554 0.664221 0.045562 0.057462
0 0.427929 0.350951 0.065237 0.085930
0 0.952757 0.617663 0.056333 0.067477
0 0.947143 0.695675 0.047902 0.068216
0 0.481002 0.247846 0.065186 0.072980
0 0.844595 0.485224 0.052924 0.065858
0 0.432844 0.529650 0.061087 0.073187
0 0.825204 0.446992 0.055159 0.067656
0 0.293901 0.645148 0.061022 0.070760
0 0.563558 0.320561 0.064664 0.077101
0 0.415064 0.265502 0.063088 0.076421
0 0.147094 0.148039 0.045033 0.052916
0 0.301531 0.704655 0.066362 0.081137
0 0.353902 0.108208 0.060798 0.063494
0 0.790737 0.025059 0.061448 0.049192
0 0.840236 0.020048 0.053073 0.040095
0 0.984815 0.471704 0.028989 0.076443
0 0.834281 0.793795 0.042585 0.058743
0 0.345820 0.672476 0.052509 0.070194
0 0.372237 0.593092 0.061957 0.072697
0 0.480542 0.319225 0.058166 0.069990
0 0.709724 0.149969 0.054516 0.065913
0 0.297339 0.931795 0.155597 0.136410
0 0.702143 0.195635 0.056700 0.058780
0 0.497785 0.478333 0.052605 0.061429