2 0.417479 0.469958 0.063599 0.086630
2 0.428961 0.747510 0.051008 0.070946
2 0.535804 0.268879 0.054691 0.070324
2 0.501100 0.423574 0.048799 0.070155
2 0.560591 0.523310 0.048599 0.064795
2 0.639897 0.448156 0.042212 0.058953
2 0.584079 0.317957 0.050744 0.067587
2 0.609623 0.501677 0.048811 0.064558
2 0.598931 0.437676 0.047225 0.064941
2 0.535122 0.653230 0.043054 0.052452
2 0.259142 0.969534 0.050930 0.060933
2 0.448350 0.229630 0.043676 0.064347
2 0.384200 0.113934 0.048643 0.059493
2 0.741718 0.748877 0.043819 0.056456
2 0.683052 0.683817 0.044422 0.057650
2 0.980017 0.914714 0.033322 0.040776
1 0.301216 0.032424 0.052445 0.064847
2 0.787987 0.751945 0.045585 0.053892
2 0.366872 0.721156 0.054843 0.083817
2 0.446079 0.057084 0.049573 0.060472
2 0.271745 0.378233 0.047351 0.058013
2 0.916030 0.678802 0.043078 0.052613
2 0.336043 0.761717 0.059931 0.071285
2 0.626974 0.390765 0.048111 0.061246
2 0.373228 0.728355 0.052274 0.081053
2 0.479219 0.330641 0.040840 0.057590
2 0.414194 0.225519 0.046178 0.055506
2 0.393743 0.173141 0.056268 0.059376
2 0.320844 0.131762 0.050011 0.060295
1 0.370837 0.073615 0.045912 0.062142
2 0.772671 0.791363 0.044801 0.046516
2 0.282649 0.209255 0.049588 0.065285
1 0.071377 0.958615 0.049420 0.069505
2 0.149981 0.424537 0.059424 0.084030
2 0.408615 0.169675 0.055892 0.059530
2 0.580330 0.394259 0.042885 0.050781
2 0.970191 0.022127 0.035429 0.042622
2 0.233176 0.189646 0.047666 0.061855
2 0.370725 0.072787 0.046425 0.061385
2 0.659441 0.665420 0.043786 0.051304
2 0.957167 0.850576 0.047902 0.066452
2 0.619907 0.548854 0.040631 0.057744