2 0.749530 0.637838 0.065557 0.089128
0 0.508643 0.415997 0.048539 0.060164
0 0.429484 0.936695 0.053930 0.064149
2 0.942939 0.713733 0.086688 0.107346
2 0.683817 0.658450 0.067165 0.087705
0 0.385173 0.935075 0.052113 0.060847
2 0.762969 0.375954 0.072146 0.091364
2 0.780932 0.135026 0.073770 0.091106
0 0.590268 0.849480 0.049476 0.062805
1 0.670557 0.390305 0.075144 0.085339
2 0.711619 0.531991 0.070204 0.096788
0 0.124132 0.910995 0.133789 0.151218
0 0.706000 0.298678 0.053118 0.080621
2 0.618426 0.805122 0.051448 0.062771
1 0.715481 0.531578 0.067177 0.102085
0 0.733312 0.144479 0.063708 0.080737
2 0.957947 0.634157 0.081329 0.090561
1 0.673818 0.492207 0.069987 0.080250
0 0.948932 0.871697 0.058224 0.076461