2 0.250877 0.255510 0.048576 0.060103
2 0.698984 0.638980 0.036844 0.047010
2 0.392114 0.882465 0.041558 0.051644
2 0.250719 0.981271 0.032698 0.035657
2 0.683045 0.590093 0.039931 0.051041
2 0.717400 0.512769 0.043232 0.055925
2 0.269863 0.307608 0.042012 0.056396
2 0.391732 0.838410 0.033274 0.038598
2 0.103209 0.429835 0.027659 0.033750
2 0.533513 0.858117 0.039161 0.047956
2 0.719811 0.679942 0.033399 0.042557
2 0.490755 0.867679 0.039584 0.052635
2 0.419554 0.797442 0.043491 0.053034
2 0.735747 0.621639 0.035319 0.046127
2 0.500750 0.066634 0.029314 0.033056
2 0.209198 0.942740 0.033613 0.040439
1 0.454484 0.859230 0.039513 0.053604
2 0.225059 0.955188 0.029805 0.037921
2 0.511638 0.183760 0.030797 0.037226
2 0.392925 0.778005 0.031916 0.046195
2 0.682205 0.471828 0.036878 0.044707
2 0.541485 0.069109 0.027760 0.035048
2 0.428851 0.893395 0.031280 0.042082
1 0.402680 0.709308 0.054545 0.051898
2 0.676820 0.541606 0.037694 0.048584
0 0.047993 0.078598 0.035053 0.034310
2 0.427360 0.939454 0.040501 0.047470
2 0.578339 0.014875 0.030254 0.029751
2 0.339294 0.322512 0.025116 0.030721
2 0.463405 0.200371 0.029323 0.035925
2 0.493826 0.100156 0.026737 0.032999
2 0.754433 0.578249 0.035246 0.043839
2 0.475187 0.355481 0.031902 0.030489