0 0.617829 0.435909 0.050624 0.060452
0 0.840703 0.073516 0.045596 0.059636
0 0.538311 0.394993 0.050065 0.057471
0 0.627779 0.062527 0.041915 0.050906
0 0.055615 0.292938 0.038809 0.048249
0 0.515872 0.029191 0.038754 0.048485
0 0.868047 0.578146 0.067345 0.081383
0 0.030769 0.396641 0.037195 0.041767
0 0.382603 0.545905 0.040300 0.052630
0 0.799171 0.044126 0.050143 0.063083
0 0.398066 0.021200 0.040888 0.042400
0 0.564881 0.669214 0.047557 0.059581
0 0.050834 0.635471 0.037043 0.044127
0 0.447422 0.941359 0.044349 0.056276
0 0.495341 0.428899 0.043209 0.054280
0 0.356065 0.131306 0.036240 0.044918
0 0.535262 0.115872 0.039146 0.048022
0 0.443416 0.561905 0.042182 0.055924
0 0.746837 0.034979 0.046685 0.060190
0 0.827365 0.358617 0.052157 0.061062
0 0.026281 0.458309 0.036025 0.047234
0 0.400654 0.598623 0.042029 0.052388
0 0.649907 0.112542 0.038722 0.049114
0 0.420042 0.533979 0.043722 0.048566
0 0.927492 0.627037 0.060761 0.067644
0 0.435155 0.060675 0.036677 0.050108
0 0.478263 0.548082 0.043234 0.057528
0 0.026091 0.353280 0.033580 0.045274
0 0.575548 0.483094 0.045824 0.054528
0 0.525308 0.443507 0.040267 0.053514
0 0.681730 0.034429 0.044026 0.053256
0 0.925954 0.669875 0.057380 0.062317
0 0.385467 0.291955 0.041313 0.049885
0 0.427981 0.975387 0.039308 0.046769
0 0.571025 0.434644 0.047370 0.054770
0 0.688679 0.038497 0.053356 0.058483
0 0.502168 0.586986 0.038199 0.049293
0 0.382428 0.984320 0.052550 0.031359
0 0.149853 0.024617 0.034972 0.044845
0 0.458139 0.219243 0.038405 0.046927
0 0.414264 0.219587 0.033904 0.039831
0 0.404921 0.192917 0.036257 0.042377
0 0.007523 0.333060 0.014324 0.047633
0 0.561678 0.107963 0.037036 0.048432
0 0.130772 0.085276 0.037466 0.048542
0 0.194735 0.010942 0.041651 0.021885
2 0.978745 0.895411 0.042398 0.142694
1 0.978322 0.889062 0.043355 0.137678
0 0.009327 0.249759 0.018653 0.063870