2 0.149115 0.499230 0.041977 0.055114
2 0.378096 0.959905 0.050489 0.066263
2 0.903228 0.411941 0.050991 0.067617
2 0.343902 0.392735 0.047249 0.060121
2 0.412429 0.933761 0.048711 0.065232
2 0.325393 0.156385 0.042926 0.056867
2 0.833462 0.551038 0.049633 0.062083
2 0.117145 0.476655 0.046055 0.061635
2 0.894870 0.526923 0.050320 0.066318
2 0.248352 0.152305 0.043373 0.055671
2 0.931045 0.507056 0.051886 0.063432
2 0.335444 0.209300 0.041393 0.063034
2 0.568460 0.470732 0.048258 0.062876
2 0.835842 0.500367 0.050070 0.060847
2 0.872894 0.597364 0.047999 0.061021
2 0.581856 0.489958 0.047356 0.051572
2 0.334394 0.009549 0.051279 0.019097
2 0.292594 0.148345 0.044653 0.054800
2 0.141985 0.378136 0.040451 0.056399
2 0.288526 0.010389 0.050511 0.020778
2 0.298312 0.013498 0.049844 0.026997
2 0.848528 0.623186 0.044229 0.058631
2 0.113190 0.385084 0.039516 0.052242
1 0.925995 0.842219 0.049771 0.056931
2 0.541388 0.969921 0.049036 0.055582
2 0.080595 0.263879 0.043882 0.053842