2 0.963395 0.862446 0.072769 0.097759
2 0.891633 0.864357 0.067719 0.083954
2 0.421335 0.583185 0.056072 0.081229
2 0.634970 0.923639 0.051088 0.073381
2 0.489837 0.518324 0.054188 0.075703
2 0.626364 0.275339 0.064333 0.079734
2 0.747317 0.306378 0.063162 0.075119
2 0.357480 0.172834 0.048184 0.061409
2 0.550084 0.130574 0.048713 0.062604
2 0.322496 0.141019 0.042929 0.058429
2 0.740346 0.242585 0.056124 0.064208
2 0.985536 0.376922 0.028927 0.089332
2 0.935060 0.632131 0.039413 0.057420
2 0.338363 0.084508 0.039807 0.056321
2 0.188508 0.042222 0.043615 0.058056
2 0.936771 0.839214 0.038880 0.069743
2 0.638654 0.277277 0.069031 0.080978
2 0.364566 0.044072 0.044755 0.055101