0 0.304948 0.229874 0.083478 0.101203
0 0.252302 0.144336 0.081217 0.101306
0 0.168203 0.470819 0.118618 0.133023
0 0.096601 0.161517 0.109222 0.143387
0 0.195867 0.195047 0.090639 0.109029
0 0.446505 0.034556 0.035036 0.041189
0 0.408614 0.396833 0.075363 0.097673
0 0.503879 0.091280 0.035614 0.041097
0 0.820838 0.170359 0.090553 0.104252
0 0.195300 0.121847 0.060095 0.067734
0 0.267504 0.065793 0.042275 0.057347
0 0.154720 0.137849 0.050475 0.122119
0 0.334732 0.113986 0.035736 0.039376
0 0.063237 0.019463 0.126474 0.038927
0 0.922844 0.405414 0.079714 0.097721