2 0.602211 0.811025 0.053482 0.074414
2 0.861405 0.736912 0.068397 0.086179
2 0.936252 0.732251 0.074159 0.100513
2 0.440626 0.395083 0.057040 0.077042
2 0.372748 0.468554 0.060321 0.081524
2 0.967753 0.232877 0.063012 0.089674
2 0.309484 0.056433 0.049669 0.063377
2 0.574807 0.140023 0.056191 0.070570
2 0.698528 0.104975 0.057106 0.070459
2 0.705466 0.168275 0.064948 0.075630
2 0.273443 0.028774 0.044679 0.057549
2 0.509194 0.021285 0.060264 0.042569
1 0.782403 0.482435 0.030261 0.049251
2 0.684498 0.227194 0.053137 0.063055
2 0.611509 0.143532 0.038950 0.065834
2 0.903968 0.500736 0.040121 0.062077
2 0.650607 0.156261 0.046513 0.066473
2 0.991517 0.188500 0.016967 0.061146