0 0.495436 0.700646 0.064236 0.074870
0 0.570283 0.295579 0.069631 0.078856
0 0.208483 0.855069 0.059805 0.072492
0 0.105157 0.793609 0.055209 0.066085
0 0.354963 0.648353 0.061464 0.068810
0 0.316981 0.712417 0.056284 0.065024
0 0.882707 0.787444 0.038795 0.046093
0 0.865916 0.678190 0.047886 0.056795
0 0.357181 0.834770 0.069128 0.091839
0 0.186940 0.652853 0.059948 0.070974
0 0.772114 0.360324 0.053791 0.058521
0 0.162057 0.378563 0.046990 0.055628
0 0.032228 0.537322 0.047935 0.051882
0 0.061026 0.235488 0.054062 0.061724