0 0.386068 0.419673 0.033898 0.039881
0 0.443854 0.733192 0.031904 0.041524
0 0.335222 0.439237 0.033227 0.041743
0 0.941419 0.519581 0.042434 0.053145
0 0.325907 0.183304 0.031350 0.039329
0 0.630926 0.201903 0.034357 0.041366
0 0.042723 0.846694 0.034652 0.043000
0 0.424784 0.782695 0.032401 0.043795
0 0.658747 0.167024 0.033893 0.039323
0 0.112428 0.764211 0.034596 0.049047
0 0.670027 0.319431 0.033109 0.041613
0 0.859475 0.534733 0.035946 0.052969
0 0.336745 0.017061 0.032990 0.034123
0 0.801132 0.839225 0.050238 0.057816
0 0.897635 0.468834 0.039837 0.046796
0 0.477283 0.082010 0.027192 0.033735
0 0.165692 0.673436 0.040176 0.047969
0 0.099816 0.475708 0.038879 0.043718
0 0.355639 0.490311 0.030517 0.038594
0 0.636556 0.601358 0.036940 0.047964
0 0.695350 0.497888 0.037723 0.045377
0 0.982768 0.337206 0.033481 0.042813
0 0.134496 0.903068 0.037507 0.046206
0 0.335495 0.478706 0.028439 0.036447
0 0.915283 0.881320 0.045022 0.059083
0 0.749185 0.631287 0.036878 0.049548
0 0.682737 0.522807 0.034742 0.042821
0 0.656257 0.498939 0.037559 0.047605
0 0.498263 0.076213 0.026384 0.031079
0 0.795106 0.664733 0.036497 0.044600
0 0.386930 0.013175 0.027654 0.026351
0 0.745930 0.224172 0.033177 0.036041
0 0.874690 0.518924 0.032731 0.048547