0 0.103687 0.732012 0.049687 0.064904
0 0.231880 0.082258 0.034156 0.046886
0 0.941728 0.899011 0.038812 0.049360
0 0.338554 0.157480 0.034887 0.044937
0 0.301237 0.154582 0.041146 0.052003
0 0.423738 0.073306 0.033348 0.044145
0 0.048889 0.603529 0.044105 0.053121
0 0.887748 0.016324 0.041826 0.032648
0 0.510185 0.257109 0.038288 0.046712
0 0.309446 0.095996 0.033231 0.047068
0 0.331192 0.079591 0.035198 0.041412
0 0.815646 0.221958 0.034075 0.042548
0 0.247308 0.176771 0.036205 0.046162
1 0.751240 0.291244 0.043841 0.050988
0 0.633265 0.924110 0.041027 0.057560
0 0.808730 0.590568 0.039751 0.045433
0 0.940220 0.036457 0.033329 0.043373
0 0.852811 0.448878 0.037415 0.048344
0 0.266540 0.100152 0.033963 0.045049
0 0.087680 0.777456 0.044469 0.070470
0 0.015196 0.534375 0.028459 0.040151
0 0.179926 0.252507 0.035819 0.044946
0 0.198351 0.203462 0.033145 0.040358
1 0.017211 0.759821 0.033223 0.067036
0 0.241963 0.145914 0.035718 0.040684
0 0.443085 0.536034 0.040850 0.049766
0 0.324125 0.223216 0.035883 0.046013
0 0.668820 0.900865 0.045258 0.052099
0 0.211850 0.679500 0.037891 0.051855
1 0.436198 0.985109 0.048102 0.029782
0 0.276620 0.066959 0.029085 0.036799
1 0.495086 0.501443 0.047968 0.054781
0 0.293292 0.218664 0.032379 0.045098
0 0.009858 0.094916 0.019716 0.034089
0 0.264244 0.222575 0.031601 0.043483
0 0.414131 0.007852 0.044142 0.015705
0 0.905250 0.221652 0.037489 0.043673
0 0.082312 0.833315 0.035418 0.052256
0 0.912172 0.048338 0.034117 0.045730
0 0.331644 0.053298 0.032348 0.039320
1 0.903308 0.516741 0.036193 0.046419
1 0.685431 0.985850 0.050175 0.028300
0 0.011324 0.565435 0.022034 0.041087
0 0.857602 0.107900 0.036091 0.045901
0 0.092757 0.771435 0.045549 0.066666