2 0.7727037668228149 0.5024459958076477 0.161446213722229 0.16078796982765198
2 0.7938950061798096 0.35101398825645447 0.15773499011993408 0.15265101194381714
2 0.9911121726036072 0.7242299914360046 0.017775654792785645 0.1540600061416626
2 0.7910599708557129 0.6742510199546814 0.16519129276275635 0.1718369722366333
2 0.9210646748542786 0.44829100370407104 0.15787065029144287 0.15915098786354065
2 0.9291268587112427 0.6002240180969238 0.14174628257751465 0.15613794326782227
1 0.04178406298160553 0.5181099772453308 0.08356812596321106 0.1585400104522705
2 0.18592000007629395 0.7501029968261719 0.1525775045156479 0.16985595226287842
1 0.16975751519203186 0.47647398710250854 0.14734375476837158 0.15370798110961914
2 0.11384373158216476 0.6211130023002625 0.1610962301492691 0.14177405834197998
2 0.28658124804496765 0.570343017578125 0.15845996141433716 0.14814400672912598
1 0.1811312437057495 0.314193993806839 0.1347062587738037 0.13097698986530304
2 0.2963462471961975 0.38832199573516846 0.16898122429847717 0.14755398035049438
2 0.9139825105667114 0.2526240050792694 0.15347003936767578 0.13807600736618042
1 0.9153175354003906 0.25275999307632446 0.15476751327514648 0.1329439878463745
1 0.016349688172340393 0.2698040008544922 0.032699376344680786 0.16382502019405365
2 0.9864915013313293 0.35087698698043823 0.02701699733734131 0.12917298078536987
