1 0.5598337650299072 0.3363879919052124 0.133736252784729 0.13719099760055542
1 0.6757912635803223 0.2774049937725067 0.13418495655059814 0.13708901405334473
1 0.024578124284744263 0.5108759999275208 0.049156248569488525 0.15806996822357178
2 0.7614012360572815 0.8105570077896118 0.18354129791259766 0.17115700244903564
1 0.7237187623977661 0.41498199105262756 0.1454787254333496 0.14007097482681274
2 0.6345275640487671 0.6346989870071411 0.17443501949310303 0.16692304611206055
1 0.45285123586654663 0.25078698992729187 0.14707624912261963 0.1335809826850891
2 0.48837000131607056 0.5695279836654663 0.1591700315475464 0.15978801250457764
1 0.617947518825531 0.4781529903411865 0.16635751724243164 0.15377402305603027
1 0.8014637231826782 0.6623089909553528 0.16148120164871216 0.15342402458190918
2 0.9621824622154236 0.254177987575531 0.07563507556915283 0.12579399347305298
1 0.6358237862586975 0.6286519765853882 0.16677749156951904 0.162727952003479
1 0.8687812089920044 0.42760103940963745 0.14666128158569336 0.1450280249118805
1 0.7659362554550171 0.8092920184135437 0.1658550500869751 0.16579604148864746
1 0.4793437719345093 0.41491198539733887 0.1463174819946289 0.14548897743225098
1 0.7857037782669067 0.5412669777870178 0.14877378940582275 0.1465209722518921
2 0.9425368905067444 0.34988701343536377 0.11492621898651123 0.13171303272247314
2 0.7972837686538696 0.6637459993362427 0.1722712516784668 0.15339696407318115
2 0.949495255947113 0.510673999786377 0.10100948810577393 0.1730179786682129
1 0.8018312454223633 0.30528199672698975 0.14364874362945557 0.1271039843559265
2 0.4781525135040283 0.41192999482154846 0.13929498195648193 0.15443599224090576
2 0.36244499683380127 0.5121350288391113 0.14735376834869385 0.12870898842811584
2 0.5231249332427979 0.7515149712562561 0.1415262222290039 0.14500999450683594
2 0.7832874655723572 0.5359979867935181 0.155922532081604 0.13736101984977722
1 0.9514597058296204 0.5004259943962097 0.09708058834075928 0.1762629747390747
1 0.9421606063842773 0.3525159955024719 0.11567878723144531 0.1362360119819641
2 0.9369062185287476 0.683754026889801 0.12618756294250488 0.16806304454803467
1 0.042794689536094666 0.37674200534820557 0.08558937907218933 0.13809502124786377
