1 0.4521329998970032 0.3363879919052124 0.10698900371789932 0.13719099760055542
1 0.3593670129776001 0.2774049937725067 0.1073480024933815 0.13708899915218353
1 0.9269499778747559 0.5108759999275208 0.13255000114440918 0.15806999802589417
2 0.2908790111541748 0.8105570077896118 0.14683300256729126 0.17115700244903564
1 0.321025013923645 0.41498199105262756 0.11638300120830536 0.14007100462913513
2 0.39237797260284424 0.6346989870071411 0.13954800367355347 0.16692300140857697
1 0.5377190113067627 0.25078698992729187 0.1176609992980957 0.1335809975862503
2 0.5093039870262146 0.5695279836654663 0.12733599543571472 0.15978799760341644
1 0.40564197301864624 0.4781529903411865 0.13308599591255188 0.15377399325370789
1 0.2588289976119995 0.6623089909553528 0.1291850060224533 0.1534239947795868
2 0.10338401794433594 0.254177987575531 0.11424800008535385 0.12579399347305298
1 0.391340970993042 0.6286519765853882 0.13342200219631195 0.16272799670696259
1 0.20497500896453857 0.42760100960731506 0.11732900142669678 0.1450279951095581
1 0.28725099563598633 0.8092920184135437 0.13268400728702545 0.16579599678516388
1 0.5165250301361084 0.41491198539733887 0.11705400049686432 0.14548900723457336
1 0.27143698930740356 0.5412669777870178 0.11901900172233582 0.14652100205421448
2 0.1357319951057434 0.34988701343536377 0.11241800338029861 0.13171300292015076
2 0.26217299699783325 0.6637459993362427 0.13781699538230896 0.15339699387550354
2 0.10397201776504517 0.510673999786377 0.153670996427536 0.17301799356937408
1 0.2585350275039673 0.30528199672698975 0.11491899937391281 0.1271039992570877
2 0.5174779891967773 0.41192999482154846 0.11143600195646286 0.15443600714206696
2 0.610044002532959 0.5121350288391113 0.11788299679756165 0.12870900332927704
2 0.4815000295639038 0.7515149712562561 0.11322099715471268 0.14500999450683594
2 0.27337002754211426 0.5359979867935181 0.12473800033330917 0.13736100494861603
1 0.09423798322677612 0.5004259943962097 0.16685299575328827 0.1762630045413971
1 0.1362370252609253 0.3525159955024719 0.11261200159788132 0.13623599708080292
2 0.13456600904464722 0.683754026889801 0.13276800513267517 0.1680629998445511
1 0.8996390104293823 0.37674200534820557 0.1362210065126419 0.13809500634670258
