2 0.28183698654174805 0.5024459958076477 0.12915700674057007 0.16078799962997437
2 0.26488399505615234 0.35101398825645447 0.1261879950761795 0.15265099704265594
2 0.05728501081466675 0.7242299914360046 0.1138710007071495 0.1540600061416626
2 0.26715201139450073 0.6742510199546814 0.1321530044078827 0.1718370020389557
2 0.16257601976394653 0.44829100370407104 0.12744100391864777 0.15915100276470184
2 0.1446639895439148 0.6002240180969238 0.13746599853038788 0.15613800287246704
1 0.8973129987716675 0.5181099772453308 0.12833499908447266 0.15853999555110931
2 0.7512639760971069 0.7501029968261719 0.12206199765205383 0.169855996966362
1 0.9637550115585327 0.4234429895877838 0.07141400128602982 0.1656150072813034
1 0.7641940116882324 0.47647398710250854 0.11787500232458115 0.15370799601078033
2 0.8089250326156616 0.6211130023002625 0.12887699902057648 0.1417739987373352
2 0.6707350015640259 0.570343017578125 0.12676799297332764 0.14814400672912598
1 0.9685860276222229 0.6298249959945679 0.06228699907660484 0.1737550050020218
1 0.7550950050354004 0.314193993806839 0.10776499658823013 0.13097700476646423
2 0.9656969904899597 0.6351330280303955 0.06630299985408783 0.16973499953746796
2 0.6629229784011841 0.38832199573516846 0.13518500328063965 0.14755399525165558
2 0.16881400346755981 0.2526240050792694 0.12277600169181824 0.13807600736618042
1 0.16774600744247437 0.25275999307632446 0.12381400167942047 0.1329440027475357
1 0.9369199872016907 0.2698040008544922 0.12615899741649628 0.16382500529289246
2 0.06788402795791626 0.35087698698043823 0.10745900124311447 0.12917299568653107
