2 0.10309797525405884 0.7809510231018066 0.13491900265216827 0.15679000318050385
2 0.07608497142791748 0.4697589874267578 0.13150300085544586 0.15197399258613586
1 0.7377319931983948 0.3558860123157501 0.11639200150966644 0.138387992978096
2 0.12439501285552979 0.6008939743041992 0.11887700110673904 0.1535000056028366
1 0.6360980272293091 0.28793999552726746 0.1138409972190857 0.1377429962158203
2 0.6101900339126587 0.7121520042419434 0.12942099571228027 0.15728400647640228
2 0.3550500273704529 0.2769100069999695 0.12474799901247025 0.14634299278259277
2 0.9292240142822266 0.5370500087738037 0.10878200083971024 0.12022700160741806
1 0.6260119676589966 0.4378640055656433 0.11637099832296371 0.1444849967956543
1 0.7220920324325562 0.5062699913978577 0.12424200028181076 0.15895000100135803
2 0.42011797428131104 0.5567229986190796 0.13096299767494202 0.16033199429512024
1 0.7288119792938232 0.6676419973373413 0.13496999442577362 0.16924600303173065
2 0.8419690132141113 0.6004949808120728 0.12571600079536438 0.16609500348567963
1 0.8171539902687073 0.26269298791885376 0.10748600214719772 0.1389950066804886
2 0.5921670198440552 0.5742400288581848 0.12020500004291534 0.14820599555969238
2 0.035376012325286865 0.6905530095100403 0.07075300067663193 0.15516500174999237
1 0.7227209806442261 0.19408699870109558 0.11307500302791595 0.13252200186252594
2 0.6503900289535522 0.8549050092697144 0.13644400238990784 0.17038099467754364
2 0.7293130159378052 0.6706399917602539 0.13881799578666687 0.16967499256134033
1 0.41494202613830566 0.3765369951725006 0.12118799984455109 0.1443129926919937
1 0.01912897825241089 0.30711498856544495 0.03825699910521507 0.15635399520397186
2 0.413470983505249 0.3771440088748932 0.12028700113296509 0.14350099861621857
1 0.5042369961738586 0.45341798663139343 0.11883000284433365 0.1501549929380417
2 0.09850800037384033 0.3267579972743988 0.12117200344800949 0.13513199985027313
2 0.5046490430831909 0.4527769982814789 0.12021400034427643 0.15100699663162231
