2 0.0676800012588501 0.5848140120506287 0.1353590041399002 0.17083700001239777
2 0.590582013130188 0.442438006401062 0.13156500458717346 0.1700270026922226
1 0.7098430395126343 0.443901002407074 0.11737299710512161 0.14672699570655823
2 0.1821950078010559 0.5130580067634583 0.12758199870586395 0.16339099407196045
2 0.18358898162841797 0.35413500666618347 0.11871200054883957 0.15058299899101257
1 0.8511729836463928 0.5070649981498718 0.12213899940252304 0.15114299952983856
1 0.039130985736846924 0.21860699355602264 0.07732400298118591 0.15500399470329285
1 0.11475402116775513 0.27162399888038635 0.11593999713659286 0.13952000439167023
1 0.06401997804641724 0.5800060033798218 0.12803900241851807 0.17146599292755127
1 0.6761989593505859 0.28834500908851624 0.12515899538993835 0.14125099778175354
2 0.2807620167732239 0.44287198781967163 0.12162400037050247 0.12284000217914581
1 0.20136600732803345 0.17491799592971802 0.11350200325250626 0.1429709941148758
2 0.07349997758865356 0.4182190001010895 0.1309960037469864 0.16300399601459503
1 0.02249300479888916 0.34198999404907227 0.04498700052499771 0.12222100049257278
1 0.18472599983215332 0.3490599989891052 0.11526600271463394 0.14121299982070923
2 0.8524050116539001 0.5111070275306702 0.12259700149297714 0.16058899462223053
1 0.11890798807144165 0.10366000235080719 0.11769700050354004 0.13511699438095093
2 0.7525950074195862 0.5758569836616516 0.13636499643325806 0.1543319970369339
1 0.7536150217056274 0.5736280083656311 0.1291469931602478 0.15718799829483032
2 0.93886798620224 0.6057289838790894 0.12168999761343002 0.15685699880123138
1 0.025279998779296875 0.07802899926900864 0.05056000128388405 0.1354369968175888
2 0.7104259729385376 0.44242700934410095 0.11938899755477905 0.14534500241279602
1 0.07294201850891113 0.4202139973640442 0.13725799322128296 0.16782400012016296
