2 0.718163013458252 0.4975540041923523 0.12915700674057007 0.16078799962997437
2 0.7351160049438477 0.6489859819412231 0.1261879950761795 0.15265099704265594
2 0.9427149891853333 0.27577000856399536 0.1138710007071495 0.1540600061416626
2 0.7328479886054993 0.3257489800453186 0.1321530044078827 0.1718370020389557
2 0.8374239802360535 0.551708996295929 0.12744100391864777 0.15915100276470184
2 0.8553360104560852 0.39977598190307617 0.13746599853038788 0.15613800287246704
1 0.10268700122833252 0.4818900227546692 0.12833499908447266 0.15853999555110931
2 0.24873599410057068 0.24989700317382812 0.12206199765205383 0.169855996966362
1 0.03624499961733818 0.5765570402145386 0.07141400128602982 0.1656150072813034
1 0.23580600321292877 0.5235260128974915 0.11787500232458115 0.15370799601078033
2 0.19107499718666077 0.37888699769973755 0.12887699902057648 0.1417739987373352
2 0.3292649984359741 0.429656982421875 0.12676799297332764 0.14814400672912598
1 0.03141399845480919 0.37017500400543213 0.06228699907660484 0.1737550050020218
1 0.2449049949645996 0.6858060359954834 0.10776499658823013 0.13097700476646423
2 0.03430299833416939 0.3648669719696045 0.06630299985408783 0.16973499953746796
2 0.33707699179649353 0.6116780042648315 0.13518500328063965 0.14755399525165558
2 0.8311859965324402 0.7473759651184082 0.12277600169181824 0.13807600736618042
1 0.8322539925575256 0.7472400069236755 0.12381400167942047 0.1329440027475357
1 0.06307999789714813 0.7301959991455078 0.12615899741649628 0.16382500529289246
2 0.9321159720420837 0.6491230130195618 0.10745900124311447 0.12917299568653107
