2 0.05150799825787544 0.5946969985961914 0.1030149981379509 0.13865600526332855
2 0.1709820032119751 0.49978601932525635 0.13450799882411957 0.16783499717712402
2 0.2665799856185913 0.3981800079345703 0.12498100101947784 0.1501549929380417
2 0.1626800000667572 0.6500300168991089 0.12387999892234802 0.14547699689865112
2 0.07049199938774109 0.7304220199584961 0.1185849979519844 0.1437699943780899
2 0.34564200043678284 0.4902169704437256 0.12172099947929382 0.14452800154685974
2 0.8808389902114868 0.5568410158157349 0.13591499626636505 0.14632299542427063
2 0.059751998633146286 0.43918198347091675 0.10632199794054031 0.1626569926738739
2 0.887935996055603 0.7705770134925842 0.11930499970912933 0.13550500571727753
1 0.8188729882240295 0.9827799797058105 0.10832899808883667 0.03444100171327591
2 0.965939998626709 0.7282339930534363 0.06812100112438202 0.1476690024137497
1 0.1738560050725937 0.5013300180435181 0.13117800652980804 0.16333800554275513
2 0.9004719853401184 0.3648639917373657 0.12373600155115128 0.16084599494934082
2 0.8178070187568665 0.6746659874916077 0.1103610023856163 0.13627900183200836
