2 0.4504620134830475 0.33467400074005127 0.11657500267028809 0.14048999547958374
2 0.2745780050754547 0.47363102436065674 0.10006000101566315 0.12912000715732574
2 0.39285001158714294 0.49922001361846924 0.11155500262975693 0.13826699554920197
2 0.5792359709739685 0.37133800983428955 0.11525200307369232 0.12571600079536438
2 0.6545630097389221 0.19056499004364014 0.14082400500774384 0.18001900613307953
2 0.3457010090351105 0.3947070240974426 0.10813400149345398 0.12453199923038483
2 0.5339270234107971 0.5072720050811768 0.09043599665164948 0.11546800285577774
2 0.3430890142917633 0.2512590289115906 0.14221400022506714 0.17866100370883942
2 0.7032179832458496 0.31117600202560425 0.12136299908161163 0.12834599614143372
2 0.6135749816894531 0.45650798082351685 0.10205599665641785 0.11644399911165237
2 0.5063109993934631 0.7502710223197937 0.09918099641799927 0.12233199924230576
2 0.5380719900131226 0.24973297119140625 0.11243599653244019 0.1493380069732666
2 0.46704399585723877 0.4406440258026123 0.10908400267362595 0.10342200100421906
2 0.6100710034370422 0.8465499877929688 0.09339399635791779 0.11269599944353104
2 0.39041000604629517 0.7777529954910278 0.10346399992704391 0.15914799273014069
