2 0.9323199987411499 0.41518598794937134 0.1353590041399002 0.17083700001239777
2 0.409417986869812 0.557561993598938 0.13156500458717346 0.1700270026922226
1 0.2901569902896881 0.556098997592926 0.11737299710512161 0.14672699570655823
2 0.8178049921989441 0.48694199323654175 0.12758199870586395 0.16339099407196045
2 0.816411018371582 0.6458649635314941 0.11871200054883957 0.15058299899101257
1 0.14882700145244598 0.4929350018501282 0.12213899940252304 0.15114299952983856
1 0.9608690142631531 0.7813929915428162 0.07732400298118591 0.15500399470329285
1 0.8852459788322449 0.728376030921936 0.11593999713659286 0.13952000439167023
1 0.9359800219535828 0.4199939966201782 0.12803900241851807 0.17146599292755127
1 0.3238010108470917 0.7116550207138062 0.12515899538993835 0.14125099778175354
2 0.7192379832267761 0.5571280121803284 0.12162400037050247 0.12284000217914581
1 0.7986339926719666 0.825082004070282 0.11350200325250626 0.1429709941148758
2 0.9265000224113464 0.5817810297012329 0.1309960037469864 0.16300399601459503
1 0.9775069952011108 0.6580100059509277 0.04498700052499771 0.12222100049257278
1 0.8152740001678467 0.6509400010108948 0.11526600271463394 0.14121299982070923
2 0.14759500324726105 0.48889297246932983 0.12259700149297714 0.16058899462223053
1 0.8810920119285583 0.896340012550354 0.11769700050354004 0.13511699438095093
2 0.24740499258041382 0.4241430163383484 0.13636499643325806 0.1543319970369339
1 0.24638499319553375 0.4263719916343689 0.1291469931602478 0.15718799829483032
2 0.061131998896598816 0.39427101612091064 0.12168999761343002 0.15685699880123138
1 0.9747200012207031 0.9219710230827332 0.05056000128388405 0.1354369968175888
2 0.28957399725914 0.5575729608535767 0.11938899755477905 0.14534500241279602
1 0.9270579814910889 0.5797860026359558 0.13725799322128296 0.16782400012016296
