1 0.5478670001029968 0.6636120080947876 0.10698900371789932 0.13719099760055542
1 0.6406329870223999 0.7225949764251709 0.1073480024933815 0.13708899915218353
1 0.07304999977350235 0.48912400007247925 0.13255000114440918 0.15806999802589417
2 0.7091209888458252 0.18944299221038818 0.14683300256729126 0.17115700244903564
1 0.678974986076355 0.5850180387496948 0.11638300120830536 0.14007100462913513
2 0.6076220273971558 0.3653010129928589 0.13954800367355347 0.16692300140857697
1 0.4622809886932373 0.7492129802703857 0.1176609992980957 0.1335809975862503
2 0.4906960129737854 0.4304720163345337 0.12733599543571472 0.15978799760341644
1 0.5943580269813538 0.5218470096588135 0.13308599591255188 0.15377399325370789
1 0.7411710023880005 0.3376910090446472 0.1291850060224533 0.1534239947795868
2 0.8966159820556641 0.745822012424469 0.11424800008535385 0.12579399347305298
1 0.608659029006958 0.3713480234146118 0.13342200219631195 0.16272799670696259
1 0.7950249910354614 0.5723990201950073 0.11732900142669678 0.1450279951095581
1 0.7127490043640137 0.1907079815864563 0.13268400728702545 0.16579599678516388
1 0.483474999666214 0.5850880146026611 0.11705400049686432 0.14548900723457336
1 0.7285630106925964 0.4587330222129822 0.11901900172233582 0.14652100205421448
2 0.8642680048942566 0.6501129865646362 0.11241800338029861 0.13171300292015076
2 0.7378270030021667 0.3362540006637573 0.13781699538230896 0.15339699387550354
2 0.8960279822349548 0.48932600021362305 0.153670996427536 0.17301799356937408
1 0.7414649724960327 0.6947180032730103 0.11491899937391281 0.1271039992570877
2 0.48252201080322266 0.5880700349807739 0.11143600195646286 0.15443600714206696
2 0.389955997467041 0.48786497116088867 0.11788299679756165 0.12870900332927704
2 0.5184999704360962 0.2484850287437439 0.11322099715471268 0.14500999450683594
2 0.7266299724578857 0.46400201320648193 0.12473800033330917 0.13736100494861603
1 0.9057620167732239 0.4995740056037903 0.16685299575328827 0.1762630045413971
1 0.8637629747390747 0.6474840044975281 0.11261200159788132 0.13623599708080292
2 0.8654339909553528 0.316245973110199 0.13276800513267517 0.1680629998445511
1 0.10036099702119827 0.6232579946517944 0.1362210065126419 0.13809500634670258
