0 0.407221 0.936174 0.075110 0.098423
0 0.327238 0.942179 0.083014 0.110785
0 0.565792 0.428823 0.081934 0.102569
0 0.757139 0.315499 0.086396 0.110637
0 0.496464 0.074811 0.085445 0.107072
0 0.468007 0.943177 0.068693 0.096217
0 0.532762 0.652990 0.074394 0.097365
0 0.480746 0.409400 0.091223 0.112296
0 0.175136 0.815596 0.084566 0.110006
0 0.511469 0.231131 0.074065 0.085781
0 0.015367 0.476544 0.030694 0.105751
0 0.832554 0.341612 0.072309 0.091030
0 0.825393 0.256012 0.079990 0.108078
0 0.474671 0.671811 0.065969 0.090169
0 0.682537 0.404734 0.070800 0.088044
0 0.468233 0.400319 0.090590 0.107250
1 0.590476 0.875800 0.084406 0.099893
2 0.617788 0.288434 0.061410 0.090402
0 0.169031 0.966464 0.082998 0.067071
0 0.335322 0.028027 0.078595 0.055447