0 0.501505 0.877692 0.068274 0.099148
0 0.379648 0.803262 0.074812 0.097848
0 0.587636 0.424856 0.087062 0.110853
0 0.125148 0.867929 0.092249 0.126500
0 0.708571 0.321905 0.087291 0.097811
2 0.282529 0.776116 0.074707 0.094409
0 0.050010 0.822348 0.076219 0.113401
0 0.174982 0.700702 0.087846 0.112819
0 0.663259 0.456704 0.083527 0.115462
0 0.809852 0.654077 0.092336 0.103159
0 0.466134 0.986744 0.084284 0.025673
0 0.234880 0.619155 0.070118 0.089646
0 0.123129 0.973800 0.068305 0.050908
0 0.793476 0.559138 0.090729 0.117997
0 0.864374 0.682204 0.057380 0.079785
2 0.535439 0.511264 0.075284 0.106951
2 0.562073 0.622871 0.083107 0.108096
0 0.326188 0.852913 0.070323 0.103421
0 0.241202 0.495084 0.094864 0.106288