2 0.127216 0.841521 0.071345 0.090657
2 0.651765 0.395628 0.067620 0.092846
2 0.268786 0.942840 0.079529 0.098636
2 0.061054 0.753043 0.071795 0.089873
2 0.218098 0.681270 0.076811 0.094892
2 0.687130 0.469423 0.065092 0.072778
2 0.080422 0.637865 0.072119 0.084679
2 0.942651 0.927055 0.071246 0.088451
2 0.240999 0.790503 0.062122 0.093364
1 0.735521 0.895637 0.074085 0.086841
2 0.786490 0.492493 0.069594 0.092295
2 0.735668 0.897748 0.073967 0.085474
1 0.939292 0.855569 0.073356 0.080477
1 0.666662 0.974138 0.065903 0.051725
2 0.667160 0.972939 0.068661 0.053234
1 0.092885 0.704703 0.047510 0.052243