0 0.481549 0.114121 0.076180 0.096247
0 0.455016 0.426578 0.073679 0.095572
0 0.486082 0.300134 0.078150 0.099116
0 0.529456 0.378914 0.073657 0.095437
0 0.932125 0.532711 0.083236 0.107625
0 0.535536 0.213145 0.084619 0.100156
0 0.873292 0.562106 0.082847 0.110423
0 0.966504 0.247766 0.066991 0.093852
0 0.904999 0.452350 0.094567 0.104289
0 0.444869 0.259906 0.065922 0.090751
0 0.893539 0.976344 0.087655 0.047228
0 0.346199 0.943529 0.071868 0.092058
0 0.818029 0.974198 0.069180 0.051068
0 0.944151 0.332391 0.078836 0.112748