0 0.320972 0.135121 0.081191 0.103976
0 0.136522 0.493596 0.076534 0.094688
0 0.971698 0.550482 0.056603 0.092064
0 0.251165 0.554621 0.070506 0.100943
0 0.019801 0.343302 0.039558 0.073922
0 0.389615 0.164501 0.080068 0.107796
0 0.537390 0.358006 0.081817 0.095200
0 0.587638 0.391642 0.060489 0.076362
2 0.303865 0.326074 0.077479 0.099100
0 0.025598 0.204021 0.049764 0.101381
2 0.055645 0.481587 0.072967 0.092071
2 0.192154 0.529045 0.078306 0.097410
0 0.433339 0.041428 0.079831 0.082668
0 0.929836 0.454569 0.076897 0.096130
2 0.282380 0.224313 0.071260 0.096345
0 0.098841 0.547839 0.069188 0.091549
2 0.298852 0.932016 0.064684 0.091091