2 0.072115 0.219788 0.067891 0.087402
2 0.603358 0.217802 0.071156 0.090964
2 0.332179 0.912961 0.070738 0.093467
2 0.394637 0.808578 0.069580 0.090075
2 0.348290 0.196591 0.063875 0.078686
2 0.502423 0.608198 0.074539 0.095860
2 0.753972 0.547366 0.081564 0.116588
2 0.574257 0.388308 0.070789 0.092974
2 0.476086 0.814753 0.065374 0.082426
2 0.618368 0.578972 0.079405 0.093034
2 0.798524 0.317544 0.062895 0.080441
2 0.486738 0.689884 0.062468 0.080611
2 0.851151 0.658941 0.063839 0.076418
2 0.921501 0.299079 0.064117 0.084163
2 0.886596 0.193587 0.071093 0.086685
2 0.811481 0.103696 0.070849 0.078983
2 0.581163 0.789237 0.072037 0.087034
2 0.846090 0.364285 0.061549 0.077484
2 0.808644 0.039170 0.107568 0.077455
2 0.575050 0.625231 0.058270 0.071296
2 0.786487 0.914322 0.059478 0.078330
2 0.704063 0.747718 0.060271 0.075857
2 0.550470 0.694006 0.071470 0.088366
2 0.608328 0.357382 0.061520 0.080668
2 0.846534 0.143334 0.053745 0.072215
2 0.718119 0.465710 0.073863 0.092710
2 0.729920 0.308645 0.049314 0.074001