2 0.860840 0.935904 0.085964 0.113037
2 0.859205 0.839772 0.081908 0.104561
2 0.781345 0.475431 0.087556 0.101964
2 0.291614 0.667341 0.079107 0.117901
2 0.757601 0.786738 0.077624 0.100234
2 0.543192 0.502137 0.084738 0.100811
2 0.128519 0.854352 0.090424 0.118326
2 0.322065 0.925065 0.078763 0.100020
2 0.518553 0.779199 0.078067 0.092308
2 0.389309 0.864242 0.081751 0.098500
2 0.111513 0.725289 0.085868 0.120534
2 0.459027 0.918600 0.079007 0.094535
2 0.388972 0.481560 0.072861 0.093098
2 0.878536 0.739543 0.074461 0.095620
2 0.199379 0.818640 0.087094 0.117789
2 0.335422 0.837218 0.075351 0.097229
2 0.479421 0.564416 0.080926 0.105450
2 0.419280 0.553456 0.056086 0.094448
2 0.695437 0.253700 0.066193 0.080559
2 0.013014 0.691729 0.025849 0.134028
2 0.238017 0.740831 0.079702 0.116381
2 0.265020 0.803470 0.063581 0.088547
2 0.371683 0.070708 0.077171 0.095962
2 0.023851 0.965841 0.047578 0.068317
2 0.428642 0.552551 0.078256 0.101136
2 0.010636 0.681073 0.020865 0.109517