2 0.199959 0.773591 0.105525 0.133083
2 0.833447 0.942162 0.101484 0.115676
0 0.148755 0.134512 0.111818 0.132291
2 0.552139 0.788452 0.120366 0.114835
2 0.016253 0.667468 0.032505 0.082731
0 0.681116 0.868502 0.139479 0.189332
2 0.922334 0.558745 0.051816 0.112332
2 0.018375 0.520113 0.036750 0.082464
2 0.557572 0.807879 0.110741 0.159675
2 0.304045 0.772731 0.083910 0.160546
2 0.396421 0.822637 0.131466 0.166777
0 0.704689 0.237427 0.139865 0.153322
2 0.305867 0.794898 0.089821 0.115893
2 0.735450 0.646646 0.143899 0.172751
0 0.396621 0.825798 0.135082 0.163723
2 0.917261 0.278482 0.066841 0.097745