0 0.758312 0.221371 0.088400 0.110268
0 0.544250 0.717521 0.082737 0.113295
0 0.819111 0.325186 0.080084 0.117189
0 0.455641 0.730459 0.091508 0.117093
0 0.161994 0.914127 0.063240 0.080875
0 0.095538 0.717650 0.070775 0.086135
0 0.669903 0.675891 0.081078 0.103505
0 0.362101 0.925740 0.072981 0.097118
0 0.190578 0.515550 0.076918 0.092265
0 0.343799 0.711822 0.064050 0.084743
2 0.763376 0.798011 0.076237 0.107562
0 0.409772 0.721818 0.083501 0.104131
2 0.362779 0.926304 0.072402 0.097117
0 0.485139 0.968131 0.089577 0.063041
0 0.848535 0.773220 0.082249 0.106875
0 0.293606 0.604020 0.068721 0.097279