2 0.123423 0.545799 0.086996 0.108650
2 0.250223 0.216194 0.089689 0.122127
2 0.685770 0.051395 0.096683 0.101119
2 0.454837 0.521290 0.079515 0.102639
2 0.378952 0.409078 0.076358 0.100675
2 0.664012 0.371575 0.076833 0.098613
2 0.914190 0.371777 0.083193 0.101353
2 0.108653 0.085986 0.118167 0.139568
2 0.622955 0.114735 0.084033 0.111564
2 0.512159 0.078402 0.084060 0.102843
2 0.257764 0.348971 0.120132 0.138409
2 0.939258 0.041549 0.100872 0.083099
2 0.555440 0.173644 0.063089 0.093593
2 0.610407 0.451118 0.085333 0.113129
2 0.346127 0.270498 0.102484 0.139456
2 0.414537 0.232011 0.101025 0.125825
2 0.030878 0.080821 0.061756 0.123892
2 0.525562 0.433574 0.087767 0.112867
2 0.240976 0.358979 0.088075 0.118225