2 0.837723 0.696583 0.069482 0.096119
2 0.561739 0.114176 0.087065 0.118668
2 0.502219 0.419801 0.087456 0.116252
2 0.641728 0.101122 0.077802 0.122735
2 0.477590 0.279349 0.090955 0.112115
1 0.742341 0.543513 0.080182 0.103765
2 0.783679 0.757965 0.077695 0.090879
2 0.448724 0.165092 0.082327 0.111706
1 0.935681 0.201813 0.095650 0.101691
2 0.245064 0.394517 0.072257 0.105552
2 0.766321 0.650894 0.075303 0.099740
2 0.832474 0.594651 0.075715 0.091106
1 0.746544 0.306465 0.086736 0.098195
2 0.891577 0.314393 0.063818 0.072575
2 0.821864 0.880703 0.055867 0.078419
2 0.581011 0.031795 0.070914 0.063591
2 0.743739 0.306330 0.083647 0.099698
2 0.828501 0.430251 0.039850 0.096471
2 0.685760 0.724963 0.067451 0.070993
1 0.580358 0.029697 0.072362 0.059394
1 0.480297 0.642163 0.080873 0.067830