2 0.517036 0.603974 0.091011 0.120495
2 0.461444 0.481509 0.082359 0.112393
2 0.337424 0.666683 0.084683 0.108502
2 0.372892 0.525437 0.078314 0.117092
2 0.441542 0.577996 0.062844 0.088759
2 0.064925 0.943988 0.091229 0.112024
2 0.552074 0.955671 0.086415 0.088659
2 0.943615 0.709038 0.068159 0.078294
2 0.464091 0.787917 0.052764 0.071538
2 0.183477 0.148194 0.045397 0.058658
2 0.215074 0.107929 0.041405 0.054719
2 0.841509 0.442238 0.034946 0.072405
2 0.328037 0.445106 0.061842 0.087232
2 0.732678 0.975927 0.037999 0.047171
2 0.234912 0.617597 0.075356 0.080272
2 0.290668 0.594889 0.065290 0.085505
2 0.290930 0.031242 0.044859 0.052862
2 0.381228 0.263921 0.049204 0.072330