2 0.402380 0.442503 0.068090 0.091163
2 0.435502 0.363745 0.068255 0.083109
2 0.893055 0.147272 0.060308 0.076000
2 0.572688 0.401947 0.063505 0.076408
2 0.549174 0.461979 0.063493 0.086515
2 0.597906 0.524271 0.077680 0.092726
2 0.766370 0.177146 0.064683 0.080464
1 0.097947 0.663156 0.062569 0.083823
2 0.928361 0.662112 0.053355 0.067279
2 0.482426 0.538418 0.066813 0.079557
2 0.830440 0.678492 0.052112 0.066845
2 0.850078 0.195311 0.066056 0.081537
1 0.439361 0.625524 0.065545 0.086826
2 0.439626 0.624567 0.066334 0.088098
2 0.834158 0.089264 0.063471 0.082516
2 0.681716 0.594540 0.050788 0.075813
2 0.807294 0.720370 0.046935 0.066505
1 0.161299 0.226106 0.074805 0.092972
2 0.359696 0.589178 0.055668 0.075265
1 0.198782 0.628624 0.054685 0.073382
2 0.545338 0.588242 0.064216 0.096126
2 0.885468 0.043460 0.062074 0.076716
1 0.585596 0.795741 0.065971 0.068743
2 0.970676 0.514711 0.049694 0.057778
1 0.812274 0.017372 0.073952 0.033846
2 0.363555 0.701222 0.064936 0.083729
1 0.363874 0.702502 0.064057 0.088133
2 0.162052 0.227247 0.077584 0.092714
1 0.881404 0.746886 0.050072 0.062548
1 0.881886 0.388220 0.062416 0.074656
2 0.815018 0.018121 0.071474 0.036241
2 0.885105 0.387095 0.055959 0.072345
1 0.868542 0.405471 0.046725 0.050441
2 0.051276 0.017150 0.055718 0.033408