0 0.199864 0.752401 0.072155 0.088763
0 0.223694 0.543427 0.082064 0.104755
0 0.136097 0.725484 0.074275 0.091964
0 0.270091 0.412964 0.082137 0.104087
0 0.446205 0.511200 0.073173 0.089628
0 0.555487 0.573964 0.066511 0.094821
0 0.637175 0.170951 0.078784 0.101503
0 0.704292 0.202690 0.079478 0.109899
0 0.161311 0.505721 0.072837 0.098456
0 0.162894 0.802040 0.060029 0.074986
0 0.611695 0.357244 0.075003 0.095188
0 0.749310 0.076259 0.079445 0.097111
0 0.324143 0.353218 0.064716 0.087411
0 0.332100 0.232557 0.084226 0.100867
0 0.774815 0.368716 0.062823 0.100435
0 0.838363 0.395488 0.084422 0.096254
0 0.887226 0.430908 0.059674 0.073819
0 0.404784 0.561056 0.065460 0.097233
0 0.827586 0.210621 0.062197 0.097316
0 0.518930 0.733605 0.066761 0.082381
0 0.364773 0.500641 0.066199 0.089905
0 0.109169 0.978082 0.070059 0.043777
1 0.583136 0.950197 0.069168 0.089154
0 0.492718 0.546122 0.072999 0.101119
0 0.823429 0.307040 0.084624 0.096234