2 0.928044 0.174796 0.078499 0.099072
2 0.670784 0.573961 0.066169 0.084802
2 0.755843 0.149536 0.075633 0.091107
2 0.366922 0.273980 0.051673 0.066476
2 0.543976 0.551857 0.059921 0.072238
2 0.979520 0.048767 0.040959 0.080054
2 0.534980 0.391189 0.056619 0.074169
2 0.350312 0.439521 0.045382 0.055026
2 0.733978 0.509783 0.058493 0.067962
2 0.640814 0.460703 0.068875 0.081435
2 0.439999 0.579561 0.048960 0.059475
2 0.264783 0.684431 0.043773 0.056300
2 0.935905 0.033787 0.058324 0.067574
2 0.399435 0.307648 0.043729 0.052701
2 0.263484 0.413745 0.045113 0.059083
2 0.693852 0.481670 0.059024 0.073407
2 0.325508 0.292723 0.043529 0.058031
2 0.256956 0.645233 0.049754 0.052946
2 0.203107 0.086911 0.038990 0.050713
2 0.244084 0.020142 0.053196 0.040285
2 0.254984 0.462212 0.039942 0.044461
2 0.481198 0.567599 0.047351 0.061150
2 0.750164 0.013996 0.085038 0.024896
2 0.362727 0.599477 0.046828 0.060250
2 0.329189 0.566121 0.047419 0.053707
2 0.382491 0.468963 0.044051 0.052494
2 0.322218 0.519714 0.037828 0.045862
2 0.382363 0.706568 0.043830 0.047384
2 0.303223 0.199484 0.045625 0.056507
2 0.286927 0.462837 0.031822 0.039591