2 0.854608 0.402359 0.105640 0.138509
2 0.366021 0.628225 0.114319 0.146128
2 0.965098 0.331583 0.068957 0.136791
2 0.500766 0.922704 0.106219 0.135929
1 0.780693 0.236979 0.125831 0.157112
1 0.949840 0.030590 0.100320 0.061179
2 0.394288 0.950513 0.105180 0.098973
2 0.034751 0.902952 0.060307 0.075724
2 0.037572 0.744998 0.062149 0.078359
2 0.983122 0.124118 0.033755 0.120065
1 0.847298 0.022905 0.136486 0.045032
1 0.807456 0.984533 0.113279 0.030934
1 0.337798 0.962951 0.105164 0.073778
2 0.776558 0.240876 0.128120 0.151051
2 0.287355 0.906423 0.044968 0.064579