0 0.561397 0.476367 0.067348 0.083718
2 0.435291 0.861611 0.069837 0.096620
0 0.069844 0.552964 0.068416 0.090162
2 0.372308 0.844417 0.059322 0.084714
0 0.109203 0.836804 0.077490 0.098755
0 0.133171 0.344725 0.045595 0.058751
0 0.194963 0.690060 0.073747 0.086929
2 0.453214 0.776603 0.055969 0.076064
2 0.529374 0.411304 0.067726 0.093261
0 0.087439 0.720056 0.084898 0.083990
2 0.547087 0.324521 0.071751 0.095925
0 0.015263 0.911718 0.029580 0.066117
1 0.362779 0.657681 0.067908 0.092721
2 0.625355 0.397914 0.075096 0.096995
2 0.363191 0.658698 0.071152 0.095311