0 0.620611 0.836692 0.095847 0.116866
0 0.571314 0.545786 0.117627 0.145182
0 0.504920 0.675265 0.092510 0.112133
0 0.027325 0.414954 0.054649 0.109428
0 0.637065 0.703392 0.133425 0.160749
0 0.178442 0.366152 0.109584 0.147257
0 0.044917 0.238061 0.089835 0.162708
0 0.517317 0.212669 0.113249 0.151071
0 0.518032 0.228612 0.106703 0.110705
0 0.274095 0.501806 0.094647 0.105806
1 0.274810 0.499269 0.093900 0.106455
1 0.609699 0.422519 0.081680 0.143417
2 0.130483 0.214678 0.111494 0.135639
1 0.131452 0.212432 0.108727 0.141113
0 0.901844 0.632338 0.122086 0.177124