2 0.885679 0.377957 0.066238 0.101958
2 0.353123 0.347051 0.088224 0.109541
2 0.117299 0.435300 0.086974 0.110449
2 0.686533 0.498470 0.071638 0.102586
2 0.274421 0.297251 0.085983 0.122191
2 0.289773 0.049441 0.086833 0.098883
2 0.627059 0.305687 0.089358 0.109725
2 0.311390 0.425804 0.086600 0.111969
2 0.270673 0.496837 0.083405 0.118032
2 0.990812 0.286231 0.018376 0.128236
2 0.272927 0.517858 0.066690 0.102820
2 0.986107 0.288271 0.026991 0.145576
2 0.991479 0.279928 0.017043 0.093925
2 0.078335 0.156579 0.054104 0.077856