2 0.146794 0.724281 0.075073 0.101887
2 0.821131 0.488861 0.068776 0.089906
2 0.721023 0.577635 0.066626 0.084476
2 0.310148 0.747716 0.073712 0.095071
2 0.413966 0.716253 0.064343 0.084716
2 0.208178 0.637233 0.081073 0.104225
2 0.784918 0.289711 0.067903 0.089810
2 0.061314 0.646741 0.083648 0.106490
2 0.666206 0.508902 0.069081 0.087130
2 0.300518 0.396338 0.067854 0.094372
2 0.622436 0.300622 0.067139 0.087080
2 0.574672 0.440508 0.071007 0.090117
2 0.369815 0.575360 0.077372 0.100378
2 0.734339 0.502331 0.066139 0.078687
2 0.136487 0.523904 0.087708 0.100702
2 0.101248 0.818305 0.075124 0.101467
2 0.540134 0.182957 0.069778 0.087248
2 0.446903 0.396421 0.064227 0.090487
2 0.532081 0.509089 0.069409 0.090383
2 0.729268 0.271076 0.062126 0.080727
2 0.203438 0.975108 0.067001 0.049784
2 0.131539 0.970678 0.079350 0.057962
2 0.501997 0.394892 0.068802 0.096940
2 0.263652 0.450092 0.069114 0.093102
2 0.733337 0.447745 0.060606 0.070547
2 0.720346 0.388431 0.064650 0.075022
2 0.299955 0.668222 0.057668 0.076559
2 0.696736 0.244993 0.060709 0.086839
2 0.349577 0.464863 0.063829 0.087139
1 0.566794 0.323531 0.062122 0.079739
2 0.027470 0.974078 0.054940 0.051844
2 0.012528 0.628495 0.023709 0.098059