0 0.366909 0.241538 0.072302 0.094249
0 0.295288 0.260429 0.076861 0.104890
0 0.453480 0.552895 0.077289 0.101030
0 0.232175 0.654289 0.073679 0.095607
0 0.157568 0.133835 0.085280 0.106760
0 0.357009 0.390682 0.092586 0.112390
0 0.163399 0.321511 0.076432 0.103251
0 0.430415 0.267047 0.070311 0.096411
0 0.472182 0.352766 0.072708 0.092811
0 0.394779 0.477742 0.089694 0.105732
0 0.445208 0.437057 0.076807 0.097935
0 0.073393 0.290930 0.078726 0.108544
0 0.451444 0.733349 0.075941 0.097039
0 0.166758 0.768026 0.076560 0.095301
0 0.501353 0.735844 0.068844 0.100371
0 0.544261 0.704808 0.074315 0.103186
0 0.125029 0.634934 0.072973 0.090950
0 0.444252 0.025113 0.075150 0.050226
0 0.371168 0.731187 0.088856 0.106077
0 0.184999 0.652609 0.061695 0.096328
0 0.581473 0.354745 0.061008 0.082791
0 0.115897 0.269904 0.071764 0.103394
0 0.568258 0.224752 0.072531 0.118135
0 0.214961 0.735694 0.058230 0.089251
0 0.518438 0.024260 0.067592 0.047303