0 0.33040499687194824 0.8595150113105774 0.13657626509666443 0.13467800617218018
1 0.875902533531189 0.6861969828605652 0.09004753828048706 0.09690999984741211
2 0.7227225303649902 0.2603130042552948 0.10002374649047852 0.06782698631286621
0 0.22295251488685608 0.4336870014667511 0.12791001796722412 0.11645501852035522
2 0.6206249594688416 0.1210630014538765 0.08311498165130615 0.12118099629878998
1 0.7582112550735474 0.5503950119018555 0.11643505096435547 0.10858902335166931
1 0.7428662776947021 0.4567919969558716 0.10639500617980957 0.09887301921844482
2 0.7213462591171265 0.2353390008211136 0.10511994361877441 0.11838999390602112
0 0.36708250641822815 0.5232660174369812 0.13215500116348267 0.12031698226928711
2 0.03558000177145004 0.0482960008084774 0.07116000354290009 0.0965920016169548
0 0.8606038093566895 0.7768070101737976 0.09191370010375977 0.08709895610809326
1 0.7970000505447388 0.7296350002288818 0.0872650146484375 0.0924990177154541
