2 0.08050750195980072 0.5971480011940002 0.14628127217292786 0.1359790563583374
2 0.7014274597167969 0.3775689899921417 0.1543262004852295 0.1734669804573059
2 0.5839625597000122 0.4496389925479889 0.1871887445449829 0.20284801721572876
2 0.5137462615966797 0.49758797883987427 0.09821498394012451 0.11464998126029968
2 0.00292312353849411 0.2739030122756958 0.00584624707698822 0.14763902127742767
1 0.19356748461723328 0.5457980036735535 0.1290774941444397 0.13772797584533691
2 0.19327375292778015 0.5442529916763306 0.12908750772476196 0.1387699842453003
1 0.002418436110019684 0.27052998542785645 0.004836872220039368 0.14105600118637085
1 0.26826998591423035 0.436242014169693 0.0963512659072876 0.10211402177810669
1 0.11767749488353729 0.23386099934577942 0.12780126929283142 0.13406498730182648
