0 0.9118837118148804 0.6820870041847229 0.09949618577957153 0.09843802452087402
0 0.971707820892334 0.47495999932289124 0.05658435821533203 0.09647101163864136
0 0.026169687509536743 0.5340679883956909 0.052339375019073486 0.14925196766853333
0 0.9412449598312378 0.5679450035095215 0.09823012351989746 0.0967710018157959
0 0.07438499480485916 0.8849310278892517 0.13777373731136322 0.1424260139465332
0 0.692597508430481 0.6349049806594849 0.12231624126434326 0.12077105045318604
0 0.1539362668991089 0.746317982673645 0.14824998378753662 0.13920295238494873
0 0.5821225643157959 0.6406400203704834 0.11235618591308594 0.12509000301361084
0 0.11735749244689941 0.5070229768753052 0.15675002336502075 0.14370203018188477
0 0.28808000683784485 0.7497050166130066 0.1385449767112732 0.13638198375701904
0 0.8529162406921387 0.03852200135588646 0.08714503049850464 0.07538300007581711
0 0.32855623960494995 0.9742827415466309 0.13991126418113708 0.05143451690673828
0 0.31121498346328735 0.9694589972496033 0.15471625328063965 0.05920100212097168
0 0.6042225360870361 0.49797001481056213 0.155808687210083 0.12942403554916382
