2 0.9703500270843506 0.37795698642730713 0.05929994583129883 0.10195797681808472
2 0.31640374660491943 0.3470509946346283 0.11027997732162476 0.10954099893569946
2 0.037991248071193695 0.43529999256134033 0.07598249614238739 0.11044901609420776
2 0.7331662178039551 0.4984700083732605 0.08954751491546631 0.10258603096008301
2 0.21802625060081482 0.29725098609924316 0.10747873783111572 0.12219101190567017
2 0.23721623420715332 0.049441248178482056 0.10854125022888184 0.09888249635696411
2 0.6588237285614014 0.3056870102882385 0.11169755458831787 0.1097249984741211
2 0.26423752307891846 0.4258039891719818 0.10825002193450928 0.111968994140625
2 0.21334126591682434 0.4968370199203491 0.104256272315979 0.11803200840950012
2 0.21615874767303467 0.5178580284118652 0.08336251974105835 0.1028200089931488
2 0.0033668726682662964 0.15657900273799896 0.006733745336532593 0.07785600423812866
