0 0.3073025047779083 0.7805629968643188 0.09502249956130981 0.09569001197814941
0 0.054295942187309265 0.46317699551582336 0.10859188437461853 0.12964099645614624
0 0.07134374976158142 0.9235929846763611 0.0964449942111969 0.0981760025024414
0 0.16665875911712646 0.4849109947681427 0.13077248632907867 0.1372789740562439
0 0.5123112797737122 0.6067339777946472 0.12120628356933594 0.11305296421051025
0 0.00816468894481659 0.63127601146698 0.01632937788963318 0.1002800464630127
0 0.4797212481498718 0.33553799986839294 0.1029050350189209 0.11570197343826294
0 0.5966925024986267 0.3131040036678314 0.128944993019104 0.11918097734451294
0 0.3040024936199188 0.4922949969768524 0.12779998779296875 0.12522703409194946
0 0.5624113082885742 0.45290201902389526 0.11574876308441162 0.11514201760292053
0 0.2877137362957001 0.2057349979877472 0.1257525086402893 0.12143099308013916
0 0.22848251461982727 0.6193659901618958 0.12411123514175415 0.12744998931884766
0 0.3947637677192688 0.7983009815216064 0.0758412778377533 0.08026695251464844
0 0.11971373856067657 0.27772900462150574 0.14037123322486877 0.1333860158920288
0 0.7210149765014648 0.42697200179100037 0.07783246040344238 0.10047399997711182
0 0.011594682931900024 0.2698430120944977 0.02318936586380005 0.12584400177001953
0 0.8040424585342407 0.46919697523117065 0.11127626895904541 0.11894199252128601
0 0.010525628924369812 0.11067900061607361 0.021051257848739624 0.1074100062251091
1 0.012406565248966217 0.5374770164489746 0.024813130497932434 0.08954203128814697
0 0.00417780876159668 0.9120110273361206 0.00835561752319336 0.10000503063201904
0 0.04673249274492264 0.20589399337768555 0.09346498548984528 0.11685198545455933
0 0.2272374927997589 0.8551309704780579 0.0753825306892395 0.08244597911834717
0 0.7259162664413452 0.5676019787788391 0.0864487886428833 0.11178302764892578
0 0.37411999702453613 0.7279360294342041 0.07701122760772705 0.09754002094268799
0 0.9285687208175659 0.045444995164871216 0.13794255256652832 0.08504199981689453
0 0.017896562814712524 0.758961021900177 0.03579312562942505 0.07851600646972656
0 0.059052497148513794 0.18964000046253204 0.11810499429702759 0.10362300276756287
0 0.010784059762954712 0.9122120141983032 0.021568119525909424 0.09707403182983398
