0 0.5257325172424316 0.9354159832000732 0.10127747058868408 0.10278201103210449
0 0.6194637417793274 0.957368016242981 0.10351371765136719 0.08515298366546631
0 0.6930224895477295 0.7498400211334229 0.12181496620178223 0.11931502819061279
0 0.5917412042617798 0.6965939998626709 0.10737252235412598 0.12309801578521729
0 0.9854499697685242 0.7114779949188232 0.02910006046295166 0.11546099185943604
0 0.7415374517440796 0.5751870274543762 0.12049496173858643 0.12773406505584717
0 0.853793740272522 0.36548399925231934 0.12491369247436523 0.10737299919128418
0 0.1175374984741211 0.122856006026268 0.09797501564025879 0.08893600851297379
0 0.8291187286376953 0.4978469908237457 0.09370756149291992 0.09643799066543579
0 0.08205875754356384 0.05306300148367882 0.09304249286651611 0.08340200036764145
2 0.8798812627792358 0.6727089881896973 0.10334628820419312 0.10522794723510742
0 0.6443575620651245 0.8827990293502808 0.08072495460510254 0.07899999618530273
0 0.2591474950313568 0.09233000129461288 0.050581276416778564 0.04330800473690033
