0 0.8649424910545349 0.3271769881248474 0.10016500949859619 0.10353600978851318
0 0.3934512734413147 0.6554639935493469 0.09709501266479492 0.10304403305053711
0 0.5499187707901001 0.7894589900970459 0.09532999992370605 0.10410904884338379
0 0.04470750689506531 0.2644050121307373 0.08941501379013062 0.09628801047801971
0 0.6290500164031982 0.7897030115127563 0.08998620510101318 0.09585905075073242
0 0.7077687382698059 0.8122169971466064 0.08712875843048096 0.09456300735473633
0 0.21605625748634338 0.33040401339530945 0.08686250448226929 0.0954899787902832
0 0.5975125432014465 0.9462429881095886 0.11986994743347168 0.10660898685455322
0 0.3975849747657776 0.8152809739112854 0.08543252944946289 0.09662401676177979
0 0.720981240272522 0.28324100375175476 0.09412252902984619 0.09912198781967163
0 0.022144995629787445 0.3569279909133911 0.04428999125957489 0.10111099481582642
0 0.7794349789619446 0.12580899894237518 0.09706377983093262 0.08775800466537476
0 0.7367812395095825 0.5597670078277588 0.08902370929718018 0.07971203327178955
2 0.9626256227493286 0.20128199458122253 0.07474875450134277 0.09208399057388306
0 0.7741400003433228 0.314532995223999 0.08656620979309082 0.09293299913406372
0 0.29803746938705444 0.7840200066566467 0.09366375207901001 0.09254598617553711
0 0.7444912195205688 0.016262002289295197 0.09395623207092285 0.03130500018596649
0 0.7210012674331665 0.9571809768676758 0.09360754489898682 0.07913100719451904
0 0.1853637397289276 0.4226990044116974 0.05884873867034912 0.07869201898574829
0 0.3100599944591522 0.7834770083427429 0.12253749370574951 0.10337698459625244
0 0.676731288433075 0.9799129962921143 0.10887002944946289 0.038844943046569824
0 0.6963649988174438 0.9728109836578369 0.10857999324798584 0.052186012268066406
0 0.3360374867916107 0.7828549742698669 0.08578246831893921 0.10669898986816406
0 0.685990035533905 0.15218399465084076 0.08466994762420654 0.07719799876213074
