1 0.8868112564086914 0.10018199682235718 0.06884747743606567 0.066336989402771
1 0.9689109325408936 0.1718290001153946 0.06217813491821289 0.06930199265480042
1 0.9537750482559204 0.11378200352191925 0.0742487907409668 0.06679000705480576
0 0.9907824993133545 0.7153319716453552 0.018435001373291016 0.06440699100494385
1 0.40841251611709595 0.9330329895019531 0.07389625906944275 0.07458102703094482
1 0.9775475263595581 0.24887700378894806 0.04490494728088379 0.06353601813316345
1 0.8514937162399292 0.20263700187206268 0.06372755765914917 0.06495100259780884
1 0.41246873140335083 0.05863499641418457 0.08703747391700745 0.10499200224876404
2 0.6017724871635437 0.8218640089035034 0.07315623760223389 0.07149899005889893
2 0.35367876291275024 0.19244800508022308 0.0786537230014801 0.07939198613166809
1 0.4868425130844116 0.8747419714927673 0.08347749710083008 0.07165396213531494
1 0.35353249311447144 0.19170500338077545 0.07940125465393066 0.0792590081691742
1 0.1294274926185608 0.02919900044798851 0.06722623109817505 0.05050799995660782
