2 0.7491112947463989 0.2721650004386902 0.09572005271911621 0.10536400973796844
2 0.19375625252723694 0.312857985496521 0.08811253309249878 0.09034699201583862
2 0.4243199825286865 0.19214999675750732 0.08607244491577148 0.0844150185585022
2 0.2665649950504303 0.23958800733089447 0.13486748933792114 0.104451984167099
2 0.14854750037193298 0.22352901101112366 0.08895748853683472 0.09303100407123566
2 0.00036250054836273193 0.07030700147151947 0.0007250010967254639 0.09779399633407593
2 0.011632189154624939 0.17397500574588776 0.023264378309249878 0.09468400478363037
2 0.6900625228881836 0.1886029988527298 0.08647370338439941 0.09394299983978271
2 0.8453337550163269 0.1542550027370453 0.09019243717193604 0.08919799327850342
2 0.3648799955844879 0.033006004989147186 0.09333378076553345 0.06601099669933319
2 0.03826156258583069 0.048983000218868256 0.07652312517166138 0.09020699560642242
2 0.1125824823975563 0.03988099843263626 0.09007124602794647 0.07874499261379242
2 0.7737812995910645 0.2028529942035675 0.09798121452331543 0.09864901006221771
