0 0.8228899836540222 0.22137099504470825 0.11049997806549072 0.1102679967880249
0 0.5553125143051147 0.7175210118293762 0.10342121124267578 0.11329495906829834
0 0.8988887071609497 0.32518601417541504 0.10010504722595215 0.11718899011611938
0 0.4445512294769287 0.7304589748382568 0.11438500881195068 0.11709296703338623
0 0.07749249041080475 0.914126992225647 0.07905000448226929 0.08087503910064697
0 0.019328437745571136 0.7176499962806702 0.03865687549114227 0.08613502979278564
0 0.712378740310669 0.6758909821510315 0.10134744644165039 0.10350501537322998
0 0.32762622833251953 0.9257400035858154 0.09122622013092041 0.09711802005767822
0 0.11322249472141266 0.5155500173568726 0.09614750742912292 0.09226500988006592
0 0.3047487437725067 0.711821973323822 0.08006250858306885 0.08474302291870117
2 0.8292199969291687 0.7980110049247742 0.09529626369476318 0.10756194591522217
0 0.3872150182723999 0.7218179702758789 0.10437628626823425 0.10413098335266113
2 0.3284737467765808 0.9263039827346802 0.09050250053405762 0.09711694717407227
0 0.4814237356185913 0.9681310057640076 0.11197125911712646 0.06304097175598145
0 0.9356687068939209 0.7732200026512146 0.10281133651733398 0.10687506198883057
0 0.2420075237751007 0.6040199995040894 0.08590126037597656 0.09727895259857178
