2 0.5978800058364868 0.5489310026168823 0.0880274772644043 0.0898749828338623
2 0.4878462553024292 0.48539999127388 0.08206629753112793 0.08077102899551392
2 0.5278662443161011 0.5918880105018616 0.08002996444702148 0.08053195476531982
2 0.028299376368522644 0.7905229926109314 0.05659875273704529 0.08342599868774414
2 0.13540124893188477 0.22492298483848572 0.08713500201702118 0.09082798659801483
2 0.6711174845695496 0.20217999815940857 0.07944869995117188 0.08585399389266968
2 0.5887099504470825 0.31019699573516846 0.08938252925872803 0.08737999200820923
1 0.018316254019737244 0.9109910130500793 0.03663250803947449 0.09262204170227051
1 0.9627302885055542 0.6175000071525574 0.0745394229888916 0.07386898994445801
1 0.10138000547885895 0.10497000068426132 0.08380874991416931 0.08299000561237335
1 0.16600000858306885 0.14556099474430084 0.08271998167037964 0.08398100733757019
1 0.6993299722671509 0.10546000301837921 0.09485125541687012 0.09127399325370789
1 0.6713987588882446 0.7835540175437927 0.0728524923324585 0.06537795066833496
1 0.9060900211334229 0.9680950045585632 0.07015872001647949 0.06206095218658447
2 0.06815250217914581 0.9119430184364319 0.07528123259544373 0.08623099327087402
2 0.6047275066375732 0.4794600009918213 0.05662119388580322 0.057271987199783325
1 0.1804637312889099 0.4280639886856079 0.08266502618789673 0.07329100370407104
1 0.06746749579906464 0.9115859866142273 0.07884249091148376 0.08872997760772705
2 0.5640612840652466 0.444938987493515 0.08313369750976562 0.08763402700424194
1 0.4568300247192383 0.38488900661468506 0.08415746688842773 0.08481299877166748
1 0.25334876775741577 0.9475629925727844 0.06770122051239014 0.06669104099273682
1 0.7366575002670288 0.7749469876289368 0.06507503986358643 0.06945502758026123
2 0.16676747798919678 0.1452299952507019 0.08652876317501068 0.0865359902381897
2 0.45616626739501953 0.3867810070514679 0.08392119407653809 0.08392798900604248
1 0.45757627487182617 0.5539739727973938 0.06708002090454102 0.0658559799194336
1 0.32418501377105713 0.9014120101928711 0.05877000093460083 0.05677998065948486
1 0.004640311002731323 0.9813460111618042 0.009280622005462646 0.030889034271240234
1 0.8408899903297424 0.9761649966239929 0.06304502487182617 0.04767000675201416
2 0.45661503076553345 0.5535169839859009 0.06763124465942383 0.06817793846130371
1 0.7183587551116943 0.9137309789657593 0.06308996677398682 0.05663299560546875
1 0.09420375525951385 0.028147999197244644 0.08989498019218445 0.05620000511407852
1 0.8965874910354614 0.9062020182609558 0.055530011653900146 0.0560450553894043
1 0.9821440577507019 0.8919619917869568 0.03571188449859619 0.07342398166656494
2 0.8970361948013306 0.9069640040397644 0.0548287034034729 0.056846022605895996
1 0.03836125135421753 0.9837250113487244 0.06219375133514404 0.030565977096557617
2 0.9888112545013428 0.9678469896316528 0.022377490997314453 0.06149101257324219
