2 0.436748743057251 0.615697979927063 0.06558752059936523 0.07183504104614258
2 0.4476974606513977 0.364749014377594 0.07008004188537598 0.07346898317337036
2 0.36378252506256104 0.47212499380111694 0.06903627514839172 0.06880199909210205
2 0.7698012590408325 0.3668060004711151 0.05499875545501709 0.06517797708511353
2 0.729200005531311 0.33260899782180786 0.055554986000061035 0.05560499429702759
2 0.7624512314796448 0.23203200101852417 0.0581587553024292 0.06754899024963379
2 0.42547500133514404 0.08335299789905548 0.0654599666595459 0.06796100735664368
2 0.8045787811279297 0.19527700543403625 0.0636587142944336 0.07272899150848389
2 0.4073275327682495 0.6879590153694153 0.04982125759124756 0.04855501651763916
2 0.7287650108337402 0.3959529995918274 0.05426371097564697 0.05912500619888306
2 0.43793749809265137 0.15965700149536133 0.07040619850158691 0.06950199604034424
2 0.3479987382888794 0.10997900366783142 0.06337997317314148 0.070156991481781
2 0.05219000577926636 0.33301499485969543 0.07163125276565552 0.07251399755477905
2 0.4547024965286255 0.4579089879989624 0.06100130081176758 0.06918799877166748
2 0.37578874826431274 0.5252270102500916 0.064698725938797 0.0711519718170166
2 0.9415187835693359 0.061268001794815063 0.050576210021972656 0.06239999830722809
2 0.04581625759601593 0.5589900016784668 0.07216748595237732 0.07887005805969238
2 0.6600362062454224 0.3941330015659332 0.0585474967956543 0.05906397104263306
2 0.8511762619018555 0.19693900644779205 0.05783504247665405 0.0659169852733612
2 0.282471239566803 0.0704139992594719 0.06737500429153442 0.06524500250816345
2 0.2942050099372864 0.19841699302196503 0.06414127349853516 0.06666198372840881
2 0.08618374168872833 0.5003740191459656 0.06799498200416565 0.07752397656440735
2 0.40067875385284424 0.4213959872722626 0.06184124946594238 0.0654190182685852
2 0.03841593861579895 0.45322999358177185 0.0768318772315979 0.07467401027679443
2 0.1508362591266632 0.5077130198478699 0.07033376395702362 0.07141497731208801
2 0.534426212310791 0.9647780060768127 0.03956878185272217 0.04086601734161377
2 0.4815725088119507 0.44164299964904785 0.06582248210906982 0.08087998628616333
2 0.3779674768447876 0.664152979850769 0.04253003001213074 0.042999982833862305
2 0.016107186675071716 0.480322003364563 0.03221437335014343 0.057427018880844116
2 0.263902485370636 0.16178199648857117 0.05685126781463623 0.04869401454925537
2 0.5269775390625 0.4234060049057007 0.053398728370666504 0.06469297409057617
2 0.43732625246047974 0.5590280294418335 0.05371880531311035 0.051445960998535156
2 0.15971875190734863 0.35509100556373596 0.0821399837732315 0.07832199335098267
2 0.34191998839378357 0.8679680228233337 0.04151374101638794 0.04514503479003906
2 0.3830912709236145 0.13612699508666992 0.057201266288757324 0.07412899285554886
