2 0.18182748556137085 0.3650990128517151 0.09792625904083252 0.09756797552108765
2 0.2018812596797943 0.24080699682235718 0.09129250049591064 0.09757699072360992
2 0.30884748697280884 0.2795630097389221 0.0911712646484375 0.09559899568557739
1 0.33919501304626465 0.14216800034046173 0.09776628017425537 0.09650799632072449
1 0.2486475110054016 0.12790800631046295 0.09420627355575562 0.10396599769592285
1 0.2024974822998047 0.048695001751184464 0.12035375833511353 0.09739000350236893
2 0.2792462706565857 0.39238300919532776 0.11500126123428345 0.12761998176574707
1 0.32153749465942383 0.14259499311447144 0.13394877314567566 0.10240299254655838
2 0.33759623765945435 0.5649700164794922 0.09199997782707214 0.08159196376800537
2 0.33842000365257263 0.5001919865608215 0.09355872869491577 0.07934299111366272
1 0.33621877431869507 0.5646569728851318 0.09025123715400696 0.08080196380615234
