0 0.12483000755310059 0.7524009943008423 0.0901937484741211 0.08876299858093262
0 0.15461748838424683 0.5434269905090332 0.1025800108909607 0.10475501418113708
0 0.04577156901359558 0.7254840135574341 0.09154313802719116 0.0919640064239502
0 0.2126137614250183 0.41296398639678955 0.10267126560211182 0.1040869951248169
0 0.432756245136261 0.5112000107765198 0.09146630764007568 0.08962798118591309
0 0.5693587064743042 0.57396399974823 0.08313870429992676 0.09482097625732422
0 0.6714687943458557 0.1709509938955307 0.0984799861907959 0.10150299221277237
0 0.7553650140762329 0.2026900053024292 0.09934747219085693 0.10989898443222046
0 0.07663875818252563 0.5057209730148315 0.09104624390602112 0.09845602512359619
0 0.07861749827861786 0.8020399808883667 0.07503625750541687 0.07498598098754883
0 0.6396187543869019 0.35724401473999023 0.09375369548797607 0.09518802165985107
0 0.8116375207901001 0.07625900208950043 0.09930622577667236 0.09711100161075592
0 0.2801787257194519 0.3532179892063141 0.08089500665664673 0.08741098642349243
0 0.2901250123977661 0.2325569987297058 0.1052824854850769 0.10086701810359955
0 0.8435187935829163 0.3687160015106201 0.0785287618637085 0.10043501853942871
0 0.922953724861145 0.3954879939556122 0.10552746057510376 0.09625399112701416
0 0.9733681082725525 0.4309079945087433 0.05326378345489502 0.07381898164749146
0 0.3809800148010254 0.5610560178756714 0.08182501792907715 0.09723305702209473
0 0.909482479095459 0.21062099933624268 0.07774621248245239 0.09731601178646088
0 0.5236625075340271 0.7336050271987915 0.0834512710571289 0.08238101005554199
0 0.3309662640094757 0.5006409883499146 0.08274877071380615 0.0899050235748291
0 0.027624055743217468 0.978082001209259 0.055248111486434937 0.0437769889831543
1 0.603920042514801 0.9501969814300537 0.08645999431610107 0.08915400505065918
0 0.490897536277771 0.5461220145225525 0.09124875068664551 0.1011190116405487
0 0.90428626537323 0.3070400059223175 0.10577994585037231 0.0962340235710144
