0 0.08060499280691147 0.5373370051383972 0.10799248516559601 0.10290801525115967
0 0.8079487085342407 0.26675400137901306 0.10473620891571045 0.10500599443912506
2 0.3111499845981598 0.8711000084877014 0.11794251203536987 0.13034498691558838
2 0.8148125410079956 0.8225880265235901 0.11246001720428467 0.11052501201629639
2 0.03685780614614487 0.6026409864425659 0.07371561229228973 0.10071098804473877
0 0.6724600195884705 0.7136849761009216 0.11533749103546143 0.11713004112243652
2 0.970673143863678 0.78199702501297 0.05865371227264404 0.09572994709014893
0 0.4090012311935425 0.8049920201301575 0.10823872685432434 0.11150205135345459
2 0.5093749761581421 0.6622220277786255 0.09145498275756836 0.1268860101699829
0 0.8543775081634521 0.5350210070610046 0.10916376113891602 0.11237397789955139
2 0.2020624876022339 0.17994600534439087 0.10890251398086548 0.10811901092529297
2 0.9272400140762329 0.8681409955024719 0.10995370149612427 0.1105879545211792
2 0.5821500420570374 0.6585670113563538 0.10220623016357422 0.1123800277709961
0 0.14055749773979187 0.8561300039291382 0.1069524884223938 0.11041605472564697
2 0.3651549816131592 0.018655000254511833 0.13390123844146729 0.035367999225854874
2 0.40571749210357666 0.6773120164871216 0.09641873836517334 0.09311497211456299
2 0.9538612365722656 0.20044900476932526 0.07367134094238281 0.07453599572181702
0 0.9207812547683716 0.9664490222930908 0.09327125549316406 0.06710100173950195
0 0.8220912218093872 0.6847469806671143 0.1120862364768982 0.11296200752258301
1 0.7691637873649597 0.08178599923849106 0.09389495849609375 0.045159995555877686
2 0.8535275459289551 0.5327230095863342 0.11141252517700195 0.10943102836608887
2 0.34861624240875244 0.016496000811457634 0.12435626983642578 0.032694000750780106
0 0.9937927722930908 0.9809020161628723 0.01241445541381836 0.03685104846954346
0 0.2021237313747406 0.18058599531650543 0.11076498031616211 0.11147600412368774
2 0.8221612572669983 0.6832659840583801 0.11056005954742432 0.10787403583526611
0 0.1472887396812439 0.7112900018692017 0.1047850102186203 0.10594797134399414
2 0.6673762798309326 0.44467997550964355 0.11028754711151123 0.1200539767742157
2 0.7091649770736694 0.6533259749412537 0.10921120643615723 0.11234903335571289
0 0.3423762619495392 0.23278799653053284 0.09031873941421509 0.08433099091053009
1 0.38357996940612793 0.9247699975967407 0.0877237319946289 0.09356200695037842
2 0.987542450428009 0.019181249663233757 0.024915099143981934 0.038362499326467514
