2 0.846750020980835 0.3965129852294922 0.09627503156661987 0.10059601068496704
2 0.969890296459198 0.20863300561904907 0.060219407081604004 0.10020601749420166
2 0.6777524948120117 0.11586400121450424 0.0894012451171875 0.09224800765514374
2 0.8837412595748901 0.2858459949493408 0.09570246934890747 0.09688501060009003
2 0.956273078918457 0.05261100083589554 0.08745384216308594 0.10079099237918854
2 0.7073712348937988 0.036090001463890076 0.09816873073577881 0.07218000292778015
2 0.8858612775802612 0.03626599907875061 0.08306121826171875 0.07062500715255737
2 0.9199775457382202 0.23111698031425476 0.06577253341674805 0.0679359883069992
2 0.7560374736785889 0.08488699793815613 0.08070755004882812 0.0812230110168457
2 0.9249362945556641 0.24144400656223297 0.07191872596740723 0.08190098404884338
2 0.81053626537323 0.011381000280380249 0.10816872119903564 0.021498002111911774
