2 0.030674688518047333 0.22755500674247742 0.061349377036094666 0.09589700400829315
2 0.16198375821113586 0.4886719882488251 0.09220874309539795 0.08733600378036499
2 0.07462625205516815 0.3135029971599579 0.09912624955177307 0.09647500514984131
2 0.18912872672080994 0.24977999925613403 0.0927724838256836 0.09239399433135986
2 0.19670501351356506 0.08512900024652481 0.08804124593734741 0.08879499137401581
2 0.27759748697280884 0.09370700269937515 0.0983399748802185 0.11043699085712433
2 0.03716062754392624 0.5095610022544861 0.07432125508785248 0.07906198501586914
2 0.05459250509738922 0.40720200538635254 0.08447375893592834 0.08423799276351929
2 0.45723873376846313 0.6781830191612244 0.07242751121520996 0.07515895366668701
2 0.10492625832557678 0.03724999725818634 0.09777623414993286 0.07280600070953369
2 0.17108124494552612 0.35875698924064636 0.08725374937057495 0.09384799003601074
2 0.46287500858306885 0.10232800245285034 0.08021998405456543 0.0752599909901619
2 0.38051629066467285 0.25265300273895264 0.07906997203826904 0.07932500541210175
2 0.41603249311447144 0.3286980092525482 0.07020878791809082 0.08049499988555908
2 0.20973250269889832 0.31995201110839844 0.07008874416351318 0.07502198219299316
2 0.5311762690544128 0.42703500390052795 0.07651877403259277 0.07219499349594116
1 0.6048949956893921 0.07063400000333786 0.07353496551513672 0.06858000159263611
2 0.6064087152481079 0.0695519968867302 0.07060754299163818 0.07309399545192719
2 0.3809587359428406 0.5572190284729004 0.08079123497009277 0.0698310136795044
