2 0.944812536239624 0.1275310069322586 0.0975961685180664 0.11067301034927368
2 0.7063137292861938 0.07905600219964981 0.10183501243591309 0.10126800835132599
2 0.9508324861526489 0.6480870246887207 0.08994007110595703 0.09058201313018799
2 0.9763928055763245 0.7713720202445984 0.047214388847351074 0.09561598300933838
2 0.9309637546539307 0.5153030157089233 0.08389616012573242 0.08870801329612732
2 0.9018537998199463 0.38471901416778564 0.12568998336791992 0.1017029881477356
2 0.7561212182044983 0.04870299994945526 0.08772623538970947 0.09216900169849396
2 0.846750020980835 0.453914999961853 0.0857037901878357 0.09174501895904541
2 0.8476161956787109 0.28412699699401855 0.08151501417160034 0.08937400579452515
2 0.9864528179168701 0.31642401218414307 0.027094364166259766 0.09833800792694092
2 0.7866762280464172 0.4935840368270874 0.09311378002166748 0.09055402874946594
2 0.9997540712356567 0.512703001499176 0.0004918575286865234 0.0876220166683197
2 0.8068762421607971 0.1932390034198761 0.07600748538970947 0.08595600724220276
