0 0.9959284663200378 0.6500999927520752 0.008143067359924316 0.11603200435638428
2 0.23791125416755676 0.2629829943180084 0.10982877016067505 0.1143999844789505
2 0.8557724952697754 0.3581419885158539 0.09955376386642456 0.09274899959564209
0 0.37083375453948975 0.5606319904327393 0.1323162317276001 0.14245903491973877
2 0.6111025214195251 0.27180400490760803 0.09216630458831787 0.09599600732326508
0 0.17481249570846558 0.32916200160980225 0.07510000467300415 0.07381099462509155
2 0.9390050172805786 0.7791439890861511 0.08811259269714355 0.08392798900604248
0 0.7430599927902222 0.3527910113334656 0.11410379409790039 0.11295801401138306
0 0.3726462721824646 0.7610549926757812 0.11867627501487732 0.12571895122528076
2 0.738319993019104 0.3491950035095215 0.12177503108978271 0.1162559986114502
0 0.6868612170219421 0.49889999628067017 0.10383999347686768 0.1002030074596405
0 0.5605937838554382 0.573166012763977 0.11691749095916748 0.12045705318450928
