0 0.19921377301216125 0.7384679913520813 0.09001624584197998 0.08749604225158691
0 0.12090374529361725 0.7104989886283875 0.09245625138282776 0.09122705459594727
0 0.5155512094497681 0.499549001455307 0.09256625175476074 0.09371203184127808
0 0.7623512744903564 0.15658700466156006 0.09916126728057861 0.10155600309371948
0 0.23468124866485596 0.5279200077056885 0.1041100025177002 0.10481598973274231
0 0.2924099862575531 0.3962410092353821 0.10540372133255005 0.10270702838897705
0 0.6522537469863892 0.5677369832992554 0.08434629440307617 0.09107601642608643
0 0.15283626317977905 0.7867109775543213 0.07279498875141144 0.07598698139190674
0 0.1570887565612793 0.48987698554992676 0.09277373552322388 0.10146403312683105
0 0.9042937755584717 0.06494099646806717 0.10092496871948242 0.09730599820613861
0 0.8495887517929077 0.18837100267410278 0.10068005323410034 0.11254501342773438
0 0.9802358746528625 0.38776999711990356 0.0395282506942749 0.09977298974990845
0 0.3746412992477417 0.21492700278759003 0.10510125756263733 0.10051700472831726
0 0.3624325394630432 0.3370189964771271 0.08008876442909241 0.08461803197860718
0 0.9689006805419922 0.2990109920501709 0.062198638916015625 0.10313701629638672
0 0.4628850221633911 0.5478050112724304 0.08346378803253174 0.09640702605247498
0 0.5989475250244141 0.7224720120429993 0.08077502250671387 0.07738304138183594
1 0.6788074970245361 0.9471520185470581 0.0898125171661377 0.09323000907897949
0 0.7026975154876709 0.24662700295448303 0.0873037576675415 0.09151101112365723
0 0.9320775270462036 0.3612630069255829 0.08154749870300293 0.10084998607635498
