0 0.2811737656593323 0.7763109803199768 0.11573624610900879 0.11717104911804199
0 0.8563437461853027 0.44341498613357544 0.1129949688911438 0.1170550286769867
0 0.5535262227058411 0.9504799842834473 0.09728622436523438 0.0980839729309082
0 0.45507872104644775 0.943702757358551 0.1083974838256836 0.11259448528289795
0 0.105188749730587 0.38464298844337463 0.10713250935077667 0.11087900400161743
0 0.05173999071121216 0.49106699228286743 0.07681876420974731 0.08827197551727295
0 0.787897527217865 0.04790300130844116 0.1270749568939209 0.09580600261688232
0 0.691724956035614 0.6913149952888489 0.09870123863220215 0.09759199619293213
0 0.7071112394332886 0.38752299547195435 0.10609245300292969 0.10904699563980103
0 0.7544487118721008 0.42069700360298157 0.09681880474090576 0.10226500034332275
2 0.9655352830886841 0.30940499901771545 0.06892943382263184 0.09828901290893555
0 0.7890987396240234 0.20746800303459167 0.10068368911743164 0.09748399257659912
0 0.2561962604522705 0.9516119956970215 0.10575628280639648 0.09677600860595703
0 0.6511750221252441 0.9637150168418884 0.12320375442504883 0.07224297523498535
0 0.1431400179862976 0.9143580198287964 0.10317373275756836 0.10698902606964111
