2 0.0059418752789497375 0.6369199752807617 0.011883750557899475 0.1250690221786499
1 0.7140650153160095 0.5514929890632629 0.10753750801086426 0.10347101092338562
1 0.6967200040817261 0.3895399868488312 0.11955749988555908 0.11539500951766968
1 0.22014999389648438 0.6127030253410339 0.08856499195098877 0.10193502902984619
2 0.4381600022315979 0.4384179711341858 0.12453997135162354 0.127966970205307
1 0.02668125182390213 0.2253420054912567 0.05336250364780426 0.1151919960975647
1 0.9821428656578064 0.6797869801521301 0.03571426868438721 0.08920705318450928
1 0.13405126333236694 0.7576680183410645 0.1061987429857254 0.09614098072052002
1 0.7057312726974487 0.9698357582092285 0.07217752933502197 0.06032848358154297
1 0.30654123425483704 0.9516879916191101 0.0924612283706665 0.08909404277801514
1 0.13262873888015747 0.5677160024642944 0.12497375905513763 0.11491096019744873
2 0.1318587362766266 0.5665420293807983 0.12330250442028046 0.11223399639129639
2 0.10037125647068024 0.6626539826393127 0.11436375975608826 0.09871900081634521
1 0.43698251247406006 0.43838000297546387 0.12514376640319824 0.12592801451683044
1 0.09845376014709473 0.6625360250473022 0.12029248476028442 0.0988689661026001
