2 0.8355939984321594 0.5971480011940002 0.11702500283718109 0.13597899675369263
2 0.9713900089263916 0.7446230053901672 0.057218998670578 0.12461499869823456
2 0.3388580083847046 0.3775689899921417 0.12346100062131882 0.1734669953584671
2 0.43282997608184814 0.4496389925479889 0.1497509926557541 0.20284800231456757
2 0.9746549725532532 0.6148189902305603 0.050689999014139175 0.12245400249958038
2 0.4890030026435852 0.49758800864219666 0.07857199758291245 0.11465000361204147
2 0.9438580274581909 0.2739030122756958 0.09707000106573105 0.14763900637626648
1 0.7451460361480713 0.5457980036735535 0.10326199978590012 0.1377280056476593
2 0.7453809976577759 0.5442529916763306 0.10327000170946121 0.1387699991464615
1 0.9445819854736328 0.27052998542785645 0.096902996301651 0.14105600118637085
1 0.6853840351104736 0.436242014169693 0.07708100229501724 0.1021139994263649
1 0.8058580160140991 0.23386099934577942 0.10224100202322006 0.13406500220298767
