2 0.939113974571228 0.11829400062561035 0.08182000368833542 0.10931500047445297
2 0.31640297174453735 0.6703959703445435 0.11678600311279297 0.13463999330997467
2 0.615352988243103 0.1209930032491684 0.08795599639415741 0.11658699810504913
2 0.6714800000190735 0.3143320083618164 0.047742001712322235 0.08598899841308594
2 0.43152499198913574 0.6857770085334778 0.06742899864912033 0.09288299828767776
2 0.7151489853858948 0.5307319760322571 0.06883499771356583 0.09017699956893921
2 0.8719689846038818 0.38860100507736206 0.09169600158929825 0.12544399499893188
2 0.9443709850311279 0.313647985458374 0.11125899851322174 0.1611810028553009
0 0.6131809949874878 0.11945399641990662 0.08527500182390213 0.12025599926710129
2 0.9480770230293274 0.34606099128723145 0.10384500026702881 0.11380399763584137
