0 0.6356760263442993 0.8595150113105774 0.10926099866628647 0.13467800617218018
1 0.19927799701690674 0.6861969828605652 0.07203800231218338 0.09690999984741211
2 0.32182198762893677 0.2603130042552948 0.08001899719238281 0.0678270012140274
0 0.7216379642486572 0.4336870014667511 0.10232800245285034 0.11645500361919403
2 0.4035000205039978 0.1210630014538765 0.06649199873209 0.12118099629878998
1 0.29343098402023315 0.5503950119018555 0.09314800053834915 0.10858900099992752
0 0.9742230176925659 0.04648499935865402 0.05036500096321106 0.09229400008916855
1 0.3057069778442383 0.4567919969558716 0.08511599898338318 0.09887299686670303
2 0.3229230046272278 0.2353390008211136 0.08409599959850311 0.11839000135660172
0 0.6063339710235596 0.5232660174369812 0.10572399944067001 0.1203169971704483
2 0.8964679837226868 0.0482960008084774 0.10679200291633606 0.0965920016169548
1 0.9599080085754395 0.654026985168457 0.07801699638366699 0.12423600256443024
0 0.21151697635650635 0.7768070101737976 0.07353100180625916 0.08709900081157684
1 0.26239997148513794 0.7296350002288818 0.06981199979782104 0.09249900281429291
1 0.9688760042190552 0.36444899439811707 0.062247999012470245 0.11578000336885452
