2 0.5617280006408691 0.6428300142288208 0.10177300125360489 0.1512479931116104
2 0.44398897886276245 0.575689971446991 0.08224599808454514 0.1196340024471283
2 0.34248197078704834 0.7244870066642761 0.09551700204610825 0.12018200010061264
2 0.24621301889419556 0.5849130153656006 0.11356800049543381 0.1459379941225052
2 0.3543180227279663 0.6122310161590576 0.09286099672317505 0.1305290013551712
2 0.28749799728393555 0.8286780118942261 0.11887100338935852 0.14841200411319733
2 0.4603559970855713 0.6819940209388733 0.09996899962425232 0.12900899350643158
2 0.06956100463867188 0.9442009925842285 0.10150499641895294 0.11159799993038177
2 0.3623970150947571 0.48583000898361206 0.09713300317525864 0.1326880007982254
2 0.04839199781417847 0.6642900109291077 0.09165599942207336 0.13537800312042236
2 0.4375929832458496 0.45251598954200745 0.07990700006484985 0.11533299833536148
2 0.20515501499176025 0.9228619933128357 0.08831699937582016 0.15116700530052185
2 0.23092299699783325 0.05649600178003311 0.03651899844408035 0.04732299968600273
2 0.2425910234451294 0.019972000271081924 0.033952999860048294 0.03994299843907356
2 0.13608300685882568 0.9143800139427185 0.07446300238370895 0.11833599954843521
2 0.3370100259780884 0.9752709865570068 0.07636400312185287 0.04945899918675423
2 0.0986589789390564 0.027912000194191933 0.044505998492240906 0.05582499876618385
2 0.03398102521896362 0.7482370138168335 0.06412900239229202 0.07898599654436111
