2 0.5504859685897827 0.26199400424957275 0.08151800185441971 0.1037990003824234
2 0.5807720422744751 0.7138689756393433 0.06096599996089935 0.08837100118398666
2 0.7171269655227661 0.2446579933166504 0.07636000216007233 0.09087999910116196
2 0.36961501836776733 0.18990199267864227 0.07534600049257278 0.09836100041866302
2 0.2486550211906433 0.3626599907875061 0.07450699806213379 0.0947910025715828
2 0.3438029885292053 0.4721420109272003 0.06710900366306305 0.0855029970407486
2 0.18239498138427734 0.45785099267959595 0.07040400058031082 0.0932760015130043
2 0.8465539813041687 0.12222699820995331 0.06636200100183487 0.08484700322151184
2 0.034326016902923584 0.5293959975242615 0.06704899668693542 0.09739399701356888
2 0.0861240029335022 0.2765609920024872 0.07896900177001953 0.10011900216341019
2 0.959883987903595 0.6718389987945557 0.08023100346326828 0.09378600120544434
2 0.6179920434951782 0.28748300671577454 0.06487300246953964 0.08616100251674652
2 0.05746197700500488 0.37456899881362915 0.06682900339365005 0.09486500173807144
2 0.8253499865531921 0.606751024723053 0.07705900073051453 0.07959699630737305
2 0.50142502784729 0.5325629711151123 0.0640610009431839 0.07772299647331238
2 0.23454898595809937 0.2598620057106018 0.0704519972205162 0.08189699798822403
2 0.38902002573013306 0.4140140116214752 0.08376199752092361 0.0920180007815361
2 0.9485399723052979 0.1259869933128357 0.0639759972691536 0.05962299928069115
2 0.8461880087852478 0.6735090017318726 0.06667699664831161 0.08707699924707413
2 0.5308220386505127 0.4804379940032959 0.0616069994866848 0.07745400071144104
2 0.5791339874267578 0.7777479887008667 0.06021299958229065 0.04837200045585632
2 0.8988040089607239 0.4103510081768036 0.0581820011138916 0.06282900273799896
2 0.7444590330123901 0.3269459903240204 0.07364299893379211 0.06960099935531616
1 0.794514000415802 0.9002529978752136 0.0641390010714531 0.07120200246572495
2 0.7989180088043213 0.03427400067448616 0.060780998319387436 0.06852299720048904
2 0.45809000730514526 0.3470250070095062 0.043129000812768936 0.07490000128746033
2 0.468114972114563 0.3748469948768616 0.05079900100827217 0.08359300345182419
2 0.35812997817993164 0.40219199657440186 0.05247600004076958 0.08247199654579163
