2 0.34751999378204346 0.5845109820365906 0.09002900123596191 0.11319900304079056
2 0.7681310176849365 0.9441400170326233 0.08685100078582764 0.1117200031876564
2 0.975488007068634 0.6214410066604614 0.0487230010330677 0.10039500147104263
1 0.5379079580307007 0.08991300314664841 0.10103999823331833 0.12620599567890167
1 0.4230549931526184 0.21359600126743317 0.09431499987840652 0.11727999895811081
2 0.6757450103759766 0.9463729858398438 0.10397300124168396 0.10725300014019012
1 0.3664510250091553 0.4662669897079468 0.08321099728345871 0.11029800027608871
1 0.6809070110321045 0.29495999217033386 0.1034339964389801 0.12953700125217438
1 0.2907620072364807 0.4157789945602417 0.09386099874973297 0.11274199932813644
2 0.8836669921875 0.8590229749679565 0.0776429995894432 0.12241300195455551
2 0.9667810201644897 0.8876150250434875 0.0657460018992424 0.1014230027794838
2 0.6367819905281067 0.4257209897041321 0.0985570028424263 0.1251630038022995
2 0.46803200244903564 0.3884330093860626 0.10307999700307846 0.11799400299787521
2 0.6277379989624023 0.0754690021276474 0.10050500184297562 0.13293300569057465
1 0.3288469910621643 0.8176519870758057 0.08424100279808044 0.11757799983024597
1 0.6360390186309814 0.4276520013809204 0.09216099977493286 0.12864600121974945
1 0.6305879950523376 0.07653000205755234 0.09991999715566635 0.12859299778938293
2 0.537202000617981 0.08764900267124176 0.09870699793100357 0.12759199738502502
1 0.38857799768447876 0.3678340017795563 0.0904730036854744 0.10562200099229813
2 0.9507060050964355 0.9618930220603943 0.09715799987316132 0.076214998960495
1 0.2775620222091675 0.02811400033533573 0.10536900162696838 0.053734999150037766
