2 0.38823598623275757 0.47120600938796997 0.08262299746274948 0.12107100337743759
2 0.2899079918861389 0.49702098965644836 0.1048009991645813 0.13538099825382233
2 0.7852299809455872 0.07507000118494034 0.1150590032339096 0.14933399856090546
2 0.4424149990081787 0.0770379975438118 0.10337600111961365 0.1457030028104782
2 0.9516900181770325 0.3350690007209778 0.08917000144720078 0.1417659968137741
2 0.5947790145874023 0.3892289996147156 0.10930400341749191 0.16340899467468262
2 0.6341210007667542 0.5753369927406311 0.09489499777555466 0.1323460042476654
2 0.9635390043258667 0.4529460072517395 0.07130599766969681 0.12725099921226501
2 0.03554898500442505 0.03497200086712837 0.06552500277757645 0.06994400173425674
2 0.1572120189666748 0.9470509886741638 0.06464199721813202 0.10091400146484375
2 0.9845939874649048 0.6945710182189941 0.029986999928951263 0.13027100265026093
2 0.3891119956970215 0.01902499981224537 0.11222399771213531 0.03804999962449074
2 0.9884790182113647 0.7203410267829895 0.023041000589728355 0.12478599697351456
