2 0.8978310227394104 0.8793169856071472 0.07732900232076645 0.10006199777126312
2 0.4272940158843994 0.06125500053167343 0.07846400141716003 0.09070400148630142
2 0.7040500044822693 0.6623839735984802 0.07103200256824493 0.11660999804735184
2 0.503445029258728 0.7699210047721863 0.0945499986410141 0.12635000050067902
2 0.1725749969482422 0.7314460277557373 0.0998769998550415 0.1397320032119751
2 0.1971529722213745 0.8796749711036682 0.11212100088596344 0.11946199834346771
2 0.7341569662094116 0.17517699301242828 0.055706001818180084 0.073853999376297
2 0.9642059803009033 0.8803009986877441 0.05427199974656105 0.08750700205564499
2 0.30079197883605957 0.11395999789237976 0.06102899834513664 0.07149700075387955
2 0.7401900291442871 0.04875599965453148 0.060867998749017715 0.0768510028719902
2 0.2620149850845337 0.06892599910497665 0.08049699664115906 0.1099570021033287
2 0.7245819568634033 0.11742399632930756 0.048337001353502274 0.06390500068664551
2 0.1824129819869995 0.9629169702529907 0.1082570031285286 0.0731780007481575
2 0.026968002319335938 0.03252200037240982 0.053637001663446426 0.06504499912261963
2 0.21910202503204346 0.020640000700950623 0.10961999744176865 0.04052399843931198
2 0.8324869871139526 0.29637300968170166 0.06022600084543228 0.08423300087451935
2 0.23767298460006714 0.020431000739336014 0.11521600186824799 0.03932800143957138
2 0.20323002338409424 0.015807000920176506 0.06626000255346298 0.030937999486923218
2 0.7832980155944824 0.015891000628471375 0.05341700091958046 0.030426999554038048
