2 0.5506010055541992 0.615697979927063 0.052469998598098755 0.071834996342659
2 0.541841983795166 0.364749014377594 0.056063998490571976 0.07346899807453156
2 0.6089739799499512 0.47212499380111694 0.05522900074720383 0.06880199909210205
2 0.28415900468826294 0.3668060004711151 0.04399900138378143 0.06517799943685532
2 0.3166400194168091 0.33260899782180786 0.044443998485803604 0.055605001747608185
2 0.2900390028953552 0.23203200101852417 0.04652699828147888 0.06754899770021439
2 0.5596200227737427 0.08335299789905548 0.05236800014972687 0.06796099990606308
2 0.2563369870185852 0.19527700543403625 0.050926998257637024 0.07272899895906448
2 0.9639610052108765 0.3750540018081665 0.05383700132369995 0.0744440034031868
2 0.5741379857063293 0.6879590153694153 0.03985700011253357 0.048555001616477966
2 0.3169879913330078 0.3959529995918274 0.043411001563072205 0.05912499874830246
2 0.5496500134468079 0.15965700149536133 0.056324999779462814 0.06950200349092484
2 0.6216009855270386 0.10997900366783142 0.050703998655080795 0.0701569989323616
2 0.9393090009689331 0.29552701115608215 0.05603500083088875 0.07824099808931351
2 0.8582479953765869 0.33301499485969543 0.057305000722408295 0.07251399755477905
2 0.5362380146980286 0.4579089879989624 0.0488010011613369 0.06918799877166748
2 0.9289109706878662 0.42631199955940247 0.054131001234054565 0.0755779966711998
2 0.5993689894676208 0.5252270102500916 0.05175900086760521 0.07115200161933899
2 0.14678502082824707 0.061268001794815063 0.04046100005507469 0.06239999830722809
2 0.8633469939231873 0.5589900016784668 0.05773400142788887 0.07886999845504761
2 0.3719710111618042 0.3941330015659332 0.046838000416755676 0.059064000844955444
2 0.21905899047851562 0.19693900644779205 0.046268001198768616 0.0659170001745224
2 0.6740230321884155 0.0704139992594719 0.05389999970793724 0.06524500250816345
2 0.05471599102020264 0.34781500697135925 0.03485200181603432 0.044544000178575516
2 0.6646360158920288 0.19841699302196503 0.05131300166249275 0.06666199862957001
2 0.8310530185699463 0.5003740191459656 0.054395999759435654 0.07752399891614914
2 0.9869530200958252 0.6202319860458374 0.025578999891877174 0.0712210014462471
2 0.5794570446014404 0.4213959872722626 0.04947299882769585 0.06541900336742401
2 0.8695970177650452 0.45322999358177185 0.06212500110268593 0.07467400282621384
2 0.7793309688568115 0.5077130198478699 0.05626700073480606 0.0714149996638298
2 0.47245901823043823 0.9647780060768127 0.031654998660087585 0.04086599871516228
2 0.5147420167922974 0.44164299964904785 0.052657999098300934 0.08088000118732452
2 0.5976259708404541 0.664152979850769 0.03402400016784668 0.0430000014603138
2 0.8947020173072815 0.480322003364563 0.04094700142741203 0.057427000254392624
2 0.6888779997825623 0.16178199648857117 0.04548100009560585 0.04869399964809418
2 0.9886320233345032 0.2918449938297272 0.022481000050902367 0.0819849967956543
2 0.4784179925918579 0.4234060049057007 0.042718999087810516 0.06469299644231796
2 0.5501390099525452 0.5590280294418335 0.04297500103712082 0.05144599825143814
2 0.772225022315979 0.35509100556373596 0.06571199744939804 0.07832200080156326
2 0.6264640092849731 0.8679680228233337 0.03321100026369095 0.045145001262426376
2 0.5935269594192505 0.13612699508666992 0.045761000365018845 0.07412900030612946
