2 0.4665619730949402 0.3906469941139221 0.07152699679136276 0.0955670028924942
2 0.4293460249900818 0.19180899858474731 0.11253699660301208 0.13145600259304047
2 0.08209002017974854 0.0611019991338253 0.10618399828672409 0.1222039982676506
2 0.9569259881973267 0.784633994102478 0.08133900165557861 0.11461400240659714
2 0.7726349830627441 0.13226699829101562 0.1079540029168129 0.15207399427890778
2 0.5431720018386841 0.3418619930744171 0.0694269984960556 0.09509900212287903
2 0.4671729803085327 0.26608601212501526 0.07109499722719193 0.09040000289678574
2 0.6527360081672668 0.044009000062942505 0.09213999658823013 0.08801700174808502
2 0.3776789903640747 0.09856999665498734 0.09909500181674957 0.13674399256706238
2 0.9672600030899048 0.7205280065536499 0.06548000127077103 0.08076199889183044
2 0.018908023834228516 0.229543998837471 0.03701600059866905 0.142985001206398
2 0.42361199855804443 0.018936999142169952 0.07507500052452087 0.03787299990653992
2 0.017754018306732178 0.2016109973192215 0.03158099949359894 0.14320799708366394
2 0.017459988594055176 0.2558780014514923 0.031908001750707626 0.08924999833106995
