2 0.7294360399246216 0.6301199793815613 0.07784900069236755 0.1020049974322319
2 0.8165730237960815 0.7465140223503113 0.08265399932861328 0.12090200185775757
2 0.8809900283813477 0.9205639958381653 0.08424700051546097 0.1163100004196167
2 0.35701197385787964 0.5519229769706726 0.07453300058841705 0.09833600372076035
2 0.40240299701690674 0.6282719969749451 0.07696600258350372 0.09940599650144577
2 0.8128210306167603 0.9534299969673157 0.07575900107622147 0.09314099699258804
2 0.44276100397109985 0.5386000275611877 0.1074569970369339 0.11622899770736694
2 0.6580950021743774 0.5980169773101807 0.07309799641370773 0.10059600323438644
2 0.4568380117416382 0.6654980182647705 0.06249000132083893 0.10124299675226212
2 0.3484500050544739 0.8815330266952515 0.08586599677801132 0.12201700359582901
2 0.37768399715423584 0.9413759708404541 0.08440099656581879 0.07897999882698059
2 0.1108580231666565 0.926472008228302 0.08128499984741211 0.10785800218582153
2 0.22542798519134521 0.9443060159683228 0.0703509971499443 0.10871600359678268
2 0.03475797176361084 0.9350820183753967 0.06570100039243698 0.12983599305152893
2 0.6965050101280212 0.9751620292663574 0.09404300153255463 0.048048000782728195
2 0.7549989819526672 0.9776110053062439 0.0756710022687912 0.04076400026679039
2 0.7111979722976685 0.975816011428833 0.1368730068206787 0.04480300098657608
