0 0.16870200634002686 0.6747940182685852 0.07736100256443024 0.10079199820756912
0 0.35516101121902466 0.6802420020103455 0.07840999960899353 0.09587299823760986
0 0.6495050191879272 0.2521289885044098 0.07813099771738052 0.1074569970369339
0 0.3520110249519348 0.8418660163879395 0.07806699723005295 0.09840100258588791
1 0.7486859560012817 0.1979379951953888 0.09815099835395813 0.1282690018415451
0 0.6435379981994629 0.40996798872947693 0.08565100282430649 0.10784699767827988
0 0.7285410165786743 0.3141160011291504 0.08501499891281128 0.10471600294113159
0 0.11859399080276489 0.40891098976135254 0.08603200316429138 0.10685300081968307
0 0.20865398645401 0.477306991815567 0.07770200073719025 0.09967900067567825
0 0.13411498069763184 0.5488070249557495 0.06264500319957733 0.08614599704742432
