0 0.11415797472000122 0.07834800332784653 0.06636100262403488 0.08080700039863586
0 0.7651829719543457 0.10400599986314774 0.0823419988155365 0.10390099883079529
0 0.12573999166488647 0.1835169941186905 0.06813500076532364 0.09058599919080734
0 0.7136949896812439 0.13913999497890472 0.06218099966645241 0.08784399926662445
0 0.33209800720214844 0.15319299697875977 0.08058500289916992 0.09842400252819061
0 0.9771699905395508 0.13301299512386322 0.04566099867224693 0.095380999147892
0 0.21259301900863647 0.10789100080728531 0.08000099658966064 0.09445399791002274
0 0.974291980266571 0.02946699969470501 0.05141700059175491 0.05893399938941002
0 0.2644990086555481 0.04726500064134598 0.07129999995231628 0.08769900351762772
0 0.7394689917564392 0.978721022605896 0.055688001215457916 0.040835000574588776
0 0.5641709566116333 0.9755970239639282 0.07865600287914276 0.048806000500917435
0 0.171097993850708 0.24299800395965576 0.07271900027990341 0.0869550034403801
0 0.2879890203475952 0.24274200201034546 0.07166899740695953 0.08685900270938873
0 0.200872004032135 0.12214300036430359 0.09973199665546417 0.09760700166225433
