0 0.11922097206115723 0.6650859713554382 0.08395200222730637 0.10468100011348724
0 0.276544988155365 0.7263789772987366 0.07386399805545807 0.09087999910116196
0 0.22230297327041626 0.6501169800758362 0.07187099754810333 0.09551600366830826
0 0.1975039839744568 0.7922430038452148 0.0684640035033226 0.09801500290632248
0 0.8773109912872314 0.7562689781188965 0.09205000102519989 0.1152459979057312
0 0.13518601655960083 0.8068490028381348 0.07022300362586975 0.08881799876689911
0 0.04371100664138794 0.809444010257721 0.08450700342655182 0.08995400369167328
0 0.12429898977279663 0.9553790092468262 0.07562600076198578 0.08538799732923508
0 0.23640000820159912 0.8852419853210449 0.08635500073432922 0.11383199691772461
0 0.20496302843093872 0.9719210267066956 0.13791699707508087 0.052494000643491745
