0 0.26283401250839233 0.7005860209465027 0.08457700163125992 0.10444799810647964
0 0.20375502109527588 0.8047580122947693 0.08747600018978119 0.12039399892091751
1 0.8760319948196411 0.11173799633979797 0.05079299956560135 0.06792499870061874
1 0.7253140211105347 0.030787000432610512 0.04703500121831894 0.05753900110721588
1 0.7787879705429077 0.1006850004196167 0.03961100056767464 0.054005999118089676
1 0.5951150059700012 0.1154170036315918 0.053624000400304794 0.06447599828243256
1 0.7382099628448486 0.11325699836015701 0.049552999436855316 0.059262000024318695
2 0.7380579710006714 0.11310499906539917 0.049890998750925064 0.057996999472379684
0 0.9763110280036926 0.9480770230293274 0.04737799987196922 0.08054599910974503
1 0.7272449731826782 0.9419659972190857 0.06535899639129639 0.08834800124168396
1 0.9711570143699646 0.03249099850654602 0.049522001296281815 0.059459999203681946
2 0.8758659958839417 0.11138799786567688 0.050314001739025116 0.0681689977645874
1 0.5502300262451172 0.11661399900913239 0.0535850003361702 0.05172500014305115
1 0.726036012172699 0.17045000195503235 0.05201699957251549 0.058348000049591064
1 0.8513829708099365 0.03824099898338318 0.05255600064992905 0.06159000098705292
1 0.9814299941062927 0.3168329894542694 0.037140000611543655 0.05124799907207489
