0 0.7406289577484131 0.7384679913520813 0.0720129981637001 0.08749599754810333
0 0.8032770156860352 0.7104989886283875 0.07396499812602997 0.09122700244188309
0 0.4875590205192566 0.499549001455307 0.07405299693346024 0.09371200203895569
0 0.2901189923286438 0.15658700466156006 0.0793289989233017 0.10155600309371948
0 0.7122550010681152 0.5279200077056885 0.08328799903392792 0.1048159971833229
0 0.6660720109939575 0.3962410092353821 0.08432299643754959 0.10270699858665466
0 0.3781970143318176 0.5677369832992554 0.06747700273990631 0.09107600152492523
0 0.7777310013771057 0.7867109775543213 0.05823599919676781 0.07598699629306793
0 0.7743290066719055 0.48987698554992676 0.0742190033197403 0.10146400332450867
0 0.1765649914741516 0.06494099646806717 0.08073999732732773 0.09730599820613861
0 0.22032898664474487 0.18837100267410278 0.08054400235414505 0.11254499852657318
0 0.08853602409362793 0.38776999711990356 0.08617299795150757 0.09977299720048904
0 0.6002869606018066 0.21492700278759003 0.0840810015797615 0.10051699727773666
0 0.6100540161132812 0.3370189964771271 0.06407099962234497 0.08461800217628479
0 0.1052669882774353 0.2990109920501709 0.08898399770259857 0.10313700139522552
0 0.5296919941902161 0.5478050112724304 0.066771000623703 0.09640700370073318
0 0.4208419919013977 0.7224720120429993 0.0646200031042099 0.07738299667835236
2 0.017570018768310547 0.858951985836029 0.03402699902653694 0.061441000550985336
1 0.3569539785385132 0.9471520185470581 0.0718500018119812 0.0932300016283989
0 0.04018199443817139 0.42419999837875366 0.060109999030828476 0.07513699680566788
0 0.3378419876098633 0.24662700295448303 0.06984300166368484 0.09151100367307663
0 0.15433800220489502 0.3612630069255829 0.06523799896240234 0.10085000097751617
