0 0.9000800251960754 0.12202700227499008 0.07578100264072418 0.09736599773168564
0 0.5764049887657166 0.09967300295829773 0.07840300351381302 0.10809800028800964
0 0.6618369817733765 0.3974139988422394 0.07262100279331207 0.10318200290203094
1 0.6341990232467651 0.7773690223693848 0.0871099978685379 0.11190199851989746
1 0.39594799280166626 0.41991400718688965 0.09054800122976303 0.12156199663877487
1 0.10984498262405396 0.45463401079177856 0.0865510031580925 0.10568100214004517
1 0.3214930295944214 0.7997230291366577 0.06994500011205673 0.08497799932956696
1 0.11067301034927368 0.6109910011291504 0.10061600059270859 0.10773400217294693
1 0.29067498445510864 0.9024850130081177 0.06884100288152695 0.09665799885988235
1 0.15059202909469604 0.17695200443267822 0.09826099872589111 0.12125100195407867
2 0.10942399501800537 0.6105780005455017 0.10266199707984924 0.1078680008649826
0 0.14934200048446655 0.17897099256515503 0.10002800077199936 0.1239589974284172
1 0.40159499645233154 0.7643190026283264 0.06269100308418274 0.07924900203943253
2 0.6424360275268555 0.23329199850559235 0.09030400216579437 0.11432699859142303
1 0.6635400056838989 0.6636009812355042 0.07232599705457687 0.09087800234556198
