2 0.8726409673690796 0.3732739984989166 0.09579700231552124 0.11670099943876266
0 0.16862398386001587 0.7603560090065002 0.08671600371599197 0.10544800013303757
2 0.33159297704696655 0.4523240029811859 0.08820699900388718 0.10982199758291245
2 0.6954410076141357 0.3202730119228363 0.059679001569747925 0.07180999964475632
2 0.47699499130249023 0.6221629977226257 0.08604100346565247 0.10634700208902359
1 0.10938197374343872 0.6421650052070618 0.06238299980759621 0.08756899833679199
2 0.5943540334701538 0.7273449897766113 0.09540300071239471 0.12362100183963776
2 0.24570900201797485 0.8404030203819275 0.06370300054550171 0.07611300051212311
2 0.5202839970588684 0.3652139902114868 0.05026400089263916 0.0943249985575676
0 0.7657619714736938 0.7452899813652039 0.11289200186729431 0.15435299277305603
2 0.43857699632644653 0.4713360071182251 0.09656299650669098 0.09387700259685516
2 0.7576420307159424 0.9412569999694824 0.10068199783563614 0.11398900300264359
