2 0.21802502870559692 0.6515629887580872 0.07426699995994568 0.09331999719142914
2 0.2873150110244751 0.30455198884010315 0.08233799785375595 0.10346200317144394
2 0.045111000537872314 0.6228520274162292 0.07119999825954437 0.09446199983358383
2 0.15080899000167847 0.33050501346588135 0.07318499684333801 0.09509199857711792
0 0.652819037437439 0.4062100052833557 0.11396300047636032 0.13785499334335327
2 0.5333099961280823 0.5583189725875854 0.0778219997882843 0.10106900334358215
0 0.610211968421936 0.7740210294723511 0.08240800350904465 0.10424300283193588
2 0.9640480279922485 0.3801870048046112 0.0686509981751442 0.11699700355529785
0 0.7951470017433167 0.4211300015449524 0.12254100292921066 0.15000200271606445
2 0.6805649995803833 0.5768719911575317 0.10721199959516525 0.12307099997997284
2 0.21077001094818115 0.05063199996948242 0.0784119963645935 0.0953029990196228
2 0.17848998308181763 0.23909200727939606 0.09749899804592133 0.11189399659633636
2 0.018872976303100586 0.6943280100822449 0.033452000468969345 0.0879800021648407
0 0.6110960245132446 0.2292409986257553 0.10480599850416183 0.1295579969882965
2 0.27364301681518555 0.03125400096178055 0.07455699890851974 0.06221500039100647
2 0.508620023727417 0.8191319704055786 0.09228699654340744 0.11135199666023254
2 0.2501320242881775 0.43462100625038147 0.0825589969754219 0.10585600137710571
2 0.6106439828872681 0.7750239968299866 0.07871700078248978 0.09924899786710739
2 0.20349597930908203 0.15974900126457214 0.07801300287246704 0.0931989997625351
2 0.011061012744903564 0.8797000050544739 0.022120999172329903 0.08939500153064728
0 0.5087249875068665 0.8216270208358765 0.09083200246095657 0.11639399826526642
2 0.7879689931869507 0.08218300342559814 0.106222003698349 0.1528010070323944
2 0.9666129946708679 0.32293900847435 0.06548900157213211 0.12122300267219543
2 0.009352028369903564 0.893904983997345 0.018704000860452652 0.09012799710035324
2 0.9618549942970276 0.35056498646736145 0.07139799743890762 0.18298299610614777
0 0.25026100873947144 0.4350000023841858 0.08525600284337997 0.11275699734687805
2 0.6118329763412476 0.22315900027751923 0.10827899724245071 0.1338219940662384
2 0.04901999235153198 0.30819401144981384 0.09788200259208679 0.11705999821424484
0 0.8846200108528137 0.34168800711631775 0.11217799782752991 0.141634002327919
2 0.885794997215271 0.3415679931640625 0.10692399740219116 0.1443759948015213
2 0.591064989566803 0.6514359712600708 0.09678299725055695 0.1339530050754547
2 0.014165997505187988 0.8893749713897705 0.025276999920606613 0.10158099979162216
