1 0.19055098295211792 0.10018199682235718 0.05507799983024597 0.06633699685335159
1 0.11944198608398438 0.1718290001153946 0.06060099974274635 0.06930200010538101
2 0.06667298078536987 0.5519790053367615 0.05588199943304062 0.06883300095796585
1 0.13697999715805054 0.11378200352191925 0.05939900130033493 0.06678999960422516
2 0.03304600715637207 0.5088859796524048 0.05823500081896782 0.0712210014462471
0 0.09005802869796753 0.7153319716453552 0.04938000068068504 0.06440699845552444
1 0.5732699632644653 0.9330329895019531 0.05911700055003166 0.07458099722862244
1 0.10839998722076416 0.24887700378894806 0.05504800006747246 0.06353600323200226
1 0.21880501508712769 0.20263700187206268 0.050981998443603516 0.06495100259780884
1 0.04826998710632324 0.37359100580215454 0.06401599943637848 0.07709299772977829
1 0.5700249671936035 0.05863500013947487 0.06962999701499939 0.10499200224876404
2 0.418582022190094 0.8218640089035034 0.058524999767541885 0.07149899750947952
2 0.6170569658279419 0.19244800508022308 0.06292299926280975 0.07939200103282928
1 0.5105260014533997 0.8747419714927673 0.06678199768066406 0.07165399938821793
1 0.6171740293502808 0.19170500338077545 0.06352099776268005 0.0792590007185936
1 0.7964580059051514 0.02919900044798851 0.05378099903464317 0.05050799995660782
1 0.014217972755432129 0.30971699953079224 0.02843499928712845 0.06399500370025635
