2 0.7545379996299744 0.3650990128517151 0.07834099978208542 0.09756799787282944
0 0.025493979454040527 0.06484899669885635 0.04836900159716606 0.12143299728631973
2 0.7384949922561646 0.24080699682235718 0.07303400337696075 0.09757699817419052
2 0.6529220342636108 0.2795630097389221 0.0729369968175888 0.09559900313615799
1 0.6286439895629883 0.14216800034046173 0.07821299880743027 0.09650799632072449
1 0.7010819911956787 0.12790800631046295 0.07536499947309494 0.10396599769592285
1 0.7380020022392273 0.048695001751184464 0.09628300368785858 0.09739000350236893
2 0.6766029596328735 0.39238300919532776 0.09200099855661392 0.12761999666690826
1 0.642769992351532 0.14259499311447144 0.10715900361537933 0.10240299999713898
2 0.6299229860305786 0.5649700164794922 0.07360000163316727 0.08159200102090836
2 0.6292639970779419 0.5001919865608215 0.07484699785709381 0.07934299856424332
1 0.631024956703186 0.5646569728851318 0.07220099866390228 0.08080200105905533
1 0.9533190131187439 0.0540740005671978 0.0933620035648346 0.1081480011343956
1 0.9799259901046753 0.13471800088882446 0.04014899954199791 0.11791600286960602
