0 0.4984949827194214 0.8776919841766357 0.06827399879693985 0.09914799779653549
0 0.620352029800415 0.8032619953155518 0.07481200248003006 0.09784799814224243
0 0.41236400604248047 0.4248560070991516 0.08706200122833252 0.11085300147533417
0 0.8748520016670227 0.8679289817810059 0.09224899858236313 0.1264999955892563
0 0.29142898321151733 0.3219049870967865 0.08729100227355957 0.09781099855899811
2 0.7174710035324097 0.7761160135269165 0.07470700144767761 0.09440899640321732
0 0.9499899744987488 0.8223479986190796 0.07621899992227554 0.11340100318193436
0 0.8250179886817932 0.7007020115852356 0.08784600347280502 0.11281900107860565
0 0.33674097061157227 0.4567039906978607 0.08352699875831604 0.11546199768781662
0 0.1901479959487915 0.6540769934654236 0.09233599901199341 0.10315900295972824
0 0.5338659882545471 0.9867439866065979 0.08428400009870529 0.025673000141978264
0 0.7651200294494629 0.6191549897193909 0.0701180025935173 0.08964599668979645
0 0.8768709897994995 0.973800003528595 0.06830500066280365 0.05090799927711487
0 0.20652401447296143 0.5591380000114441 0.0907289981842041 0.11799699813127518
0 0.13562601804733276 0.682204008102417 0.05737999826669693 0.07978499680757523
2 0.46456098556518555 0.5112640261650085 0.07528399676084518 0.10695099830627441
2 0.4379270076751709 0.6228709816932678 0.08310700207948685 0.10809600353240967
0 0.6738120317459106 0.8529130220413208 0.07032299786806107 0.10342100262641907
0 0.7587980031967163 0.4950839877128601 0.09486400336027145 0.10628800094127655
