2 0.8383879661560059 0.4282439947128296 0.08855800330638885 0.11022499948740005
2 0.9607020020484924 0.4721130132675171 0.07859600335359573 0.09970299899578094
2 0.6683900356292725 0.5417249798774719 0.07349400222301483 0.09316500276327133
2 0.9688590168952942 0.7967939972877502 0.062073998153209686 0.10806699842214584
2 0.8760370016098022 0.9574739933013916 0.08890099823474884 0.0850519984960556
2 0.9140120148658752 0.30187198519706726 0.08184300363063812 0.10601700097322464
2 0.9207649827003479 0.8404549956321716 0.07095400243997574 0.0913740023970604
2 0.9231820106506348 0.21097299456596375 0.07744300365447998 0.09768199920654297
2 0.9486539959907532 0.28203800320625305 0.09822099655866623 0.12314900010824203
2 0.9662870168685913 0.2772290110588074 0.06495200097560883 0.11071600019931793
2 0.9252840280532837 0.28309300541877747 0.09987500309944153 0.13429300487041473
2 0.9790160059928894 0.27816998958587646 0.04196900129318237 0.10087499767541885
