2 0.06088599935173988 0.8817059993743896 0.08182000368833542 0.10931500047445297
2 0.6835970282554626 0.32960402965545654 0.11678600311279297 0.13463999330997467
2 0.384647011756897 0.8790069818496704 0.08795599639415741 0.11658699810504913
2 0.3285199999809265 0.6856679916381836 0.047742001712322235 0.08598899841308594
2 0.5684750080108643 0.3142229914665222 0.06742899864912033 0.09288299828767776
2 0.2848510146141052 0.4692680239677429 0.06883499771356583 0.09017699956893921
2 0.12803100049495697 0.6113989949226379 0.09169600158929825 0.12544399499893188
2 0.055629000067710876 0.686352014541626 0.11125899851322174 0.1611810028553009
0 0.3868190050125122 0.880545973777771 0.08527500182390213 0.12025599926710129
2 0.0519229993224144 0.6539390087127686 0.10384500026702881 0.11380399763584137
