1 0.32528701424598694 0.4746509790420532 0.06520900130271912 0.0796009972691536
1 0.4960609972476959 0.26931697130203247 0.05451299995183945 0.06791599839925766
1 0.3938559889793396 0.45521998405456543 0.06944199651479721 0.07936999946832657
1 0.43981701135635376 0.5662660002708435 0.06844700127840042 0.08648300170898438
1 0.5889530181884766 0.4945719838142395 0.05038800090551376 0.061758000403642654
1 0.43166399002075195 0.29646801948547363 0.07050400227308273 0.07946500182151794
2 0.4409160017967224 0.5670199990272522 0.07207299768924713 0.08946900069713593
2 0.45844799280166626 0.34273797273635864 0.05087599903345108 0.06575900316238403
2 0.4328489899635315 0.292477011680603 0.0696209967136383 0.07873599976301193
2 0.3997040092945099 0.273701012134552 0.05038899928331375 0.07654500007629395
