2 0.281480997800827 0.5235700011253357 0.07029999792575836 0.08868800103664398
2 0.37636899948120117 0.6587499976158142 0.07130800187587738 0.08960399776697159
2 0.617205023765564 0.7378399968147278 0.06601099669933319 0.08241300284862518
2 0.5263379812240601 0.23047101497650146 0.05701100081205368 0.07144299894571304
2 0.40951400995254517 0.3886079788208008 0.07230199873447418 0.08937600255012512
2 0.5622699856758118 0.04767102003097534 0.05532599985599518 0.06964199990034103
2 0.5452499985694885 0.9746260046958923 0.056836001574993134 0.05074800178408623
2 0.4700140058994293 0.9389879703521729 0.06013200059533119 0.06508100032806396
2 0.4931600093841553 0.17601501941680908 0.057294998317956924 0.06650300323963165
2 0.5869510173797607 0.4708870053291321 0.04933499917387962 0.06596100330352783
2 0.6013219952583313 0.4071739912033081 0.04135200008749962 0.055125001817941666
2 0.5798230171203613 0.38338702917099 0.050002001225948334 0.07091999799013138
2 0.7641080021858215 0.13365298509597778 0.043393999338150024 0.051173001527786255
2 0.6771150231361389 0.23120498657226562 0.04122500121593475 0.055351000279188156
2 0.801243007183075 0.505391001701355 0.02641499973833561 0.03460799902677536
1 0.11560200154781342 0.30827397108078003 0.06715299934148788 0.07943300157785416
