1 0.9033060073852539 0.36872398853302 0.05900900065898895 0.0712290033698082
1 0.6889430284500122 0.4156799912452698 0.06273400038480759 0.07611799985170364
1 0.8966929912567139 0.3128669857978821 0.05187999829649925 0.04927999898791313
1 0.7480369806289673 0.45082998275756836 0.06283500045537949 0.08330000191926956
1 0.640637993812561 0.23857498168945312 0.06015999987721443 0.07870300114154816
1 0.46700000762939453 0.5751230120658875 0.058435000479221344 0.07191099971532822
1 0.9706000089645386 0.37424999475479126 0.04804899916052818 0.0705450028181076
1 0.08827300369739532 0.8491489887237549 0.07446499913930893 0.08665300160646439
1 0.9575279951095581 0.45066797733306885 0.06397800147533417 0.0785989984869957
1 0.24821700155735016 0.6583470106124878 0.0707089975476265 0.09229999780654907
1 0.8643209934234619 0.26084399223327637 0.04992099851369858 0.07041899859905243
1 0.5807480216026306 0.3496760129928589 0.06120000034570694 0.07830499857664108
1 0.88019198179245 0.6262550354003906 0.05500499904155731 0.06815999746322632
1 0.9037119746208191 0.2049739956855774 0.051433999091386795 0.06524799764156342
1 0.8606950044631958 0.16795402765274048 0.05694999918341637 0.07658199965953827
1 0.9017850160598755 0.7787529826164246 0.05952399969100952 0.08214499801397324
2 0.053433001041412354 0.7671599984169006 0.0759200006723404 0.09712699800729752
1 0.5301719903945923 0.6253370046615601 0.04981699958443642 0.060694001615047455
2 0.263280987739563 0.783145010471344 0.06993699818849564 0.0908610001206398
2 0.10853700339794159 0.6471849679946899 0.0783659964799881 0.09713099896907806
1 0.168721005320549 0.5935050249099731 0.074242003262043 0.09571199864149094
1 0.8400350213050842 0.7707409858703613 0.065699003636837 0.06633999943733215
2 0.31083399057388306 0.6475900411605835 0.06893499940633774 0.10030599683523178
1 0.8345100283622742 0.35215502977371216 0.059105001389980316 0.06374400109052658
1 0.9794340133666992 0.5358189940452576 0.038770999759435654 0.054903000593185425
1 0.6887180209159851 0.3468340039253235 0.057610999792814255 0.06274499744176865
1 0.5726869702339172 0.1690869927406311 0.051743000745773315 0.06746699661016464
1 0.19694800674915314 0.7249339818954468 0.07467400282621384 0.09624099731445312
1 0.9717299938201904 0.2670770287513733 0.03975899890065193 0.05738300085067749
1 0.26214998960494995 0.7840949892997742 0.07085300236940384 0.08902300149202347
1 0.910431981086731 0.13006800413131714 0.05783199891448021 0.07610899955034256
1 0.47196799516677856 0.4502140283584595 0.06107499822974205 0.07624199986457825
1 0.051979999989271164 0.7651079893112183 0.07517699897289276 0.09766799956560135
1 0.6978020071983337 0.243291974067688 0.05150299891829491 0.0675870031118393
0 0.03351199999451637 0.08962100744247437 0.04793500155210495 0.08557400107383728
1 0.10447700321674347 0.3572379946708679 0.06405200064182281 0.08918599784374237
1 0.47052299976348877 0.501168966293335 0.050182998180389404 0.05418099835515022
2 0.19547100365161896 0.725055992603302 0.07414799928665161 0.09588400274515152
1 0.9378229975700378 0.9006140232086182 0.054026998579502106 0.06473100185394287
1 0.8189650177955627 0.23098701238632202 0.047582998871803284 0.056471001356840134
1 0.3100000023841858 0.6501269936561584 0.07118800282478333 0.10305699706077576
1 0.7391330003738403 0.3857550024986267 0.04336100071668625 0.05183300003409386
1 0.9170609712600708 0.8310419917106628 0.05154399946331978 0.055716000497341156
1 0.7190060019493103 0.9807940125465393 0.08404099941253662 0.03674300014972687
1 0.8134080171585083 0.886538028717041 0.05635000020265579 0.06974499672651291
2 0.23633599281311035 0.5560849905014038 0.05125400051474571 0.07074999809265137
1 0.23664799332618713 0.5563249588012695 0.05015400052070618 0.07009000331163406
1 0.7935760021209717 0.25208401679992676 0.03688399866223335 0.03893300145864487
2 0.28220999240875244 0.5297920107841492 0.052083998918533325 0.06703600287437439
2 0.11000700294971466 0.5673620104789734 0.04526900127530098 0.07898099720478058
1 0.823885977268219 0.22493797540664673 0.03873400017619133 0.059946998953819275
