2 0.12735900282859802 0.6267260313034058 0.09579700231552124 0.11670099943876266
0 0.8313760161399841 0.23964399099349976 0.08671600371599197 0.10544800013303757
2 0.6684070229530334 0.5476759672164917 0.08820699900388718 0.10982199758291245
2 0.30455899238586426 0.6797269582748413 0.059679001569747925 0.07180999964475632
2 0.5230050086975098 0.37783700227737427 0.08604100346565247 0.10634700208902359
1 0.8906180262565613 0.35783499479293823 0.06238299980759621 0.08756899833679199
2 0.4056459963321686 0.27265501022338867 0.09540300071239471 0.12362100183963776
2 0.7542909979820251 0.1595969796180725 0.06370300054550171 0.07611300051212311
2 0.4797160029411316 0.6347860097885132 0.05026400089263916 0.0943249985575676
0 0.23423799872398376 0.25471001863479614 0.11289200186729431 0.15435299277305603
2 0.5614230036735535 0.5286639928817749 0.09656299650669098 0.09387700259685516
2 0.24235799908638 0.05874300003051758 0.10068199783563614 0.11398900300264359
