2 0.3948490023612976 0.30472999811172485 0.07487999647855759 0.09469400346279144
2 0.4745410084724426 0.31791001558303833 0.07586800307035446 0.10090900212526321
2 0.33845001459121704 0.7381770014762878 0.0883990004658699 0.10925000160932541
2 0.40887099504470825 0.8102740049362183 0.07497700303792953 0.1007080003619194
2 0.5322520136833191 0.48702800273895264 0.08030500262975693 0.10386700183153152
2 0.2857440114021301 0.8162750005722046 0.08282600343227386 0.10372799634933472
2 0.36622700095176697 0.9311439990997314 0.07139900326728821 0.08527299761772156
2 0.4892460107803345 0.8734959959983826 0.058726999908685684 0.09154800325632095
2 0.3425930142402649 0.6603829860687256 0.06797199696302414 0.06770999729633331
0 0.2638689875602722 0.9763740301132202 0.06262300163507462 0.04725300148129463
