2 0.342646986246109 0.6577730178833008 0.09880799800157547 0.12355600297451019
2 0.4247489869594574 0.841683030128479 0.10080700367689133 0.12493400275707245
2 0.029678000137209892 0.5622010231018066 0.059356000274419785 0.09078700095415115
2 0.9167969822883606 0.19989901781082153 0.08201300352811813 0.10317300260066986
2 0.19418300688266754 0.6490299701690674 0.0967170000076294 0.11565499752759933
2 0.680528998374939 0.5517569780349731 0.08087500184774399 0.09735099971294403
2 0.3519349992275238 0.1773509979248047 0.07118500024080276 0.0849509984254837
2 0.07267499715089798 0.6595829725265503 0.08326800167560577 0.1124430000782013
2 0.4441109895706177 0.660351037979126 0.07147400081157684 0.09029699862003326
2 0.2737239897251129 0.3702380061149597 0.06824900209903717 0.10153499990701675
2 0.9662070274353027 0.28536802530288696 0.06503099948167801 0.09451399743556976
2 0.35725998878479004 0.4755740165710449 0.10956799983978271 0.12334500253200531
2 0.17695699632167816 0.34262800216674805 0.11269599944353104 0.11300499737262726
2 0.22813700139522552 0.7732110023498535 0.06391999870538712 0.09287899732589722
2 0.08947200328111649 0.9409220218658447 0.07156399637460709 0.08476199954748154
2 0.21896100044250488 0.3373600244522095 0.08281199634075165 0.10333199799060822
2 0.20033399760723114 0.8860549926757812 0.05536000058054924 0.09057000279426575
2 0.9574130177497864 0.36577802896499634 0.05121700093150139 0.07036499679088593
2 0.15692399442195892 0.7280960083007812 0.05108800157904625 0.07744800299406052
2 0.3327130079269409 0.46212297677993774 0.09548699855804443 0.10900899767875671
2 0.9842529892921448 0.21497100591659546 0.03149399906396866 0.05897499993443489
2 0.26386401057243347 0.9460530281066895 0.05288099870085716 0.08097100257873535
