0 0.8858420252799988 0.9216520190238953 0.06636100262403488 0.08080700039863586
0 0.2348169982433319 0.8959940075874329 0.0823419988155365 0.10390099883079529
0 0.8742600083351135 0.8164830207824707 0.06813500076532364 0.09058599919080734
0 0.2863050103187561 0.8608599901199341 0.06218099966645241 0.08784399926662445
0 0.6679019927978516 0.8468070030212402 0.08058500289916992 0.09842400252819061
0 0.022830000147223473 0.8669869899749756 0.04566099867224693 0.095380999147892
0 0.7874069809913635 0.8921089768409729 0.08000099658966064 0.09445399791002274
0 0.025707999244332314 0.970533013343811 0.05141700059175491 0.05893399938941002
0 0.7355009913444519 0.9527350068092346 0.07129999995231628 0.08769900351762772
0 0.2605310082435608 0.021278977394104004 0.055688001215457916 0.040835000574588776
0 0.4358290135860443 0.024402976036071777 0.07865600287914276 0.048806000500917435
0 0.828902006149292 0.7570019960403442 0.07271900027990341 0.0869550034403801
0 0.7120109796524048 0.7572579979896545 0.07166899740695953 0.08685900270938873
0 0.799127995967865 0.877856969833374 0.09973199665546417 0.09760700166225433
