0 0.7619370222091675 0.5626950263977051 0.07185599952936172 0.09150200337171555
0 0.04192499816417694 0.5705209970474243 0.07195799797773361 0.09651599824428558
2 0.07223600149154663 0.8997080326080322 0.07410500198602676 0.10002800077199936
0 0.38101300597190857 0.727046012878418 0.05999499931931496 0.08020099997520447
2 0.09222199767827988 0.18760502338409424 0.06852100044488907 0.09189199656248093
0 0.7115799784660339 0.6585800051689148 0.0764710009098053 0.0920180007815361
0 0.32998600602149963 0.7617319822311401 0.08395499736070633 0.09628699719905853
0 0.18272900581359863 0.9498909711837769 0.0817980021238327 0.10021799802780151
2 0.09503000229597092 0.799115002155304 0.07881899923086166 0.09918899834156036
0 0.3105410039424896 0.8504520058631897 0.087567999958992 0.10091199725866318
