1 0.8094490170478821 0.8998180031776428 0.05507799983024597 0.06633699685335159
1 0.8805580139160156 0.8281710147857666 0.06060099974274635 0.06930200010538101
2 0.9333270192146301 0.4480209946632385 0.05588199943304062 0.06883300095796585
1 0.8630200028419495 0.8862180113792419 0.05939900130033493 0.06678999960422516
2 0.9669539928436279 0.4911140203475952 0.05823500081896782 0.0712210014462471
0 0.9099419713020325 0.2846680283546448 0.04938000068068504 0.06440699845552444
1 0.4267300069332123 0.06696701049804688 0.05911700055003166 0.07458099722862244
1 0.8916000127792358 0.7511230111122131 0.05504800006747246 0.06353600323200226
1 0.7811949849128723 0.7973629832267761 0.050981998443603516 0.06495100259780884
1 0.9517300128936768 0.6264089941978455 0.06401599943637848 0.07709299772977829
1 0.4299750030040741 0.9413650035858154 0.06962999701499939 0.10499200224876404
2 0.581417977809906 0.17813599109649658 0.058524999767541885 0.07149899750947952
2 0.3829430043697357 0.8075519800186157 0.06292299926280975 0.07939200103282928
1 0.48947399854660034 0.12525802850723267 0.06678199768066406 0.07165399938821793
1 0.3828260004520416 0.8082950115203857 0.06352099776268005 0.0792590007185936
1 0.20354199409484863 0.9708009958267212 0.05378099903464317 0.05050799995660782
1 0.9857820272445679 0.6902830004692078 0.02843499928712845 0.06399500370025635
