2 0.6117640137672424 0.52879399061203 0.08262299746274948 0.12107100337743759
2 0.7100920081138611 0.502979040145874 0.1048009991645813 0.13538099825382233
2 0.21477000415325165 0.9249299764633179 0.1150590032339096 0.14933399856090546
2 0.5575850009918213 0.9229620099067688 0.10337600111961365 0.1457030028104782
2 0.04831000044941902 0.6649309992790222 0.08917000144720078 0.1417659968137741
2 0.40522098541259766 0.6107710003852844 0.10930400341749191 0.16340899467468262
2 0.36587899923324585 0.4246630072593689 0.09489499777555466 0.1323460042476654
2 0.0364609993994236 0.5470539927482605 0.07130599766969681 0.12725099921226501
2 0.964451014995575 0.9650279879570007 0.06552500277757645 0.06994400173425674
2 0.8427879810333252 0.05294901132583618 0.06464199721813202 0.10091400146484375
2 0.015406000427901745 0.30542898178100586 0.029986999928951263 0.13027100265026093
2 0.6108880043029785 0.9809749722480774 0.11222399771213531 0.03804999962449074
2 0.011521000415086746 0.2796589732170105 0.023041000589728355 0.12478599697351456
