0 0.25540000200271606 0.6695829629898071 0.07742200046777725 0.08926399797201157
0 0.4983159899711609 0.44194698333740234 0.07231800258159637 0.10055200010538101
0 0.5712100267410278 0.7229549884796143 0.07534299790859222 0.09833499789237976
1 0.4993779957294464 0.19114702939987183 0.0770070031285286 0.0977649986743927
1 0.8191480040550232 0.07593798637390137 0.07547300308942795 0.0914819985628128
0 0.9623559713363647 0.6792100071907043 0.07528799772262573 0.1114950031042099
1 0.7441580295562744 0.4308130145072937 0.08361800014972687 0.11292800307273865
1 0.5269230008125305 0.07216101884841919 0.08557900041341782 0.10833600163459778
0 0.9900069832801819 0.2837669849395752 0.019984999671578407 0.11354999989271164
2 0.744234025478363 0.43233102560043335 0.08092200011014938 0.10989999771118164
0 0.986162006855011 0.2819949984550476 0.02767699956893921 0.118927001953125
0 0.4525899887084961 0.47628599405288696 0.061073001474142075 0.08292700350284576
