2 0.19995899498462677 0.22640901803970337 0.10552500188350677 0.13308300077915192
2 0.8334469795227051 0.05783802270889282 0.10148400068283081 0.11567600071430206
0 0.1487549990415573 0.8654879927635193 0.11181800067424774 0.1322910040616989
2 0.5521389842033386 0.21154797077178955 0.12036599963903427 0.11483500152826309
2 0.016253000125288963 0.33253198862075806 0.03250499814748764 0.08273100107908249
0 0.681115984916687 0.13149797916412354 0.13947899639606476 0.1893319934606552
2 0.9223340153694153 0.44125497341156006 0.051816001534461975 0.11233200132846832
2 0.01837499998509884 0.4798870086669922 0.03674999997019768 0.08246400207281113
2 0.5575720071792603 0.19212102890014648 0.11074099689722061 0.1596750020980835
2 0.3040449917316437 0.2272689938545227 0.0839100033044815 0.16054600477218628
2 0.39642098546028137 0.17736297845840454 0.13146600127220154 0.16677699983119965
0 0.7046890258789062 0.7625730037689209 0.1398649960756302 0.1533219963312149
2 0.3058669865131378 0.20510202646255493 0.08982100337743759 0.11589299887418747
2 0.735450029373169 0.35335397720336914 0.14389899373054504 0.17275099456310272
0 0.3966209888458252 0.17420202493667603 0.13508200645446777 0.16372300684452057
2 0.917261004447937 0.7215180397033691 0.0668409988284111 0.09774500131607056
