0 0.6206110119819641 0.1633080244064331 0.0958470031619072 0.11686599999666214
0 0.5713139772415161 0.4542139768600464 0.11762700229883194 0.14518199861049652
0 0.5049200057983398 0.32473498582839966 0.09250999987125397 0.11213299632072449
0 0.02732500061392784 0.5850459933280945 0.054648999124765396 0.10942800343036652
0 0.6370649933815002 0.29660797119140625 0.13342499732971191 0.16074900329113007
0 0.17844200134277344 0.6338480114936829 0.10958400368690491 0.147257000207901
0 0.04491699859499931 0.7619389891624451 0.08983500301837921 0.16270799934864044
0 0.517316997051239 0.7873309850692749 0.11324899643659592 0.1510709971189499
0 0.5180320143699646 0.7713879942893982 0.10670299828052521 0.11070500314235687
0 0.27409499883651733 0.49819397926330566 0.09464699774980545 0.10580600053071976
1 0.27480998635292053 0.5007309913635254 0.09390000253915787 0.106454998254776
1 0.609699010848999 0.5774810314178467 0.08167999982833862 0.14341700077056885
2 0.1304830014705658 0.7853220105171204 0.11149399727582932 0.1356389969587326
1 0.13145199418067932 0.7875679731369019 0.10872700065374374 0.14111299812793732
0 0.9018440246582031 0.3676620125770569 0.12208600342273712 0.1771239936351776
