0 0.9160109758377075 0.26447999477386475 0.08032099902629852 0.10897199809551239
0 0.6771759986877441 0.38203102350234985 0.09540899842977524 0.12496600300073624
0 0.15581899881362915 0.17140299081802368 0.09916800260543823 0.11526600271463394
0 0.18888600170612335 0.39566802978515625 0.09805800020694733 0.11631900072097778
0 0.3777160048484802 0.5497620105743408 0.0752279981970787 0.10404899716377258
0 0.09879299998283386 0.3307030200958252 0.08352100104093552 0.10086199641227722
0 0.3214400112628937 0.47259801626205444 0.0819770023226738 0.09979300200939178
0 0.5886459946632385 0.5393480062484741 0.10264100134372711 0.12476000189781189
0 0.6023269891738892 0.40176498889923096 0.08346399664878845 0.11588100343942642
0 0.9650130271911621 0.38001197576522827 0.06990399956703186 0.11005499958992004
0 0.057844001799821854 0.42037898302078247 0.09373100101947784 0.11642099916934967
0 0.2950409948825836 0.38358402252197266 0.07033000141382217 0.08078700304031372
0 0.026139000430703163 0.602586030960083 0.052278999239206314 0.09395600110292435
0 0.2287359982728958 0.31106501817703247 0.07583100348711014 0.0910319983959198
0 0.7220630049705505 0.5025619864463806 0.07164499908685684 0.109375
0 0.1526920050382614 0.5194799900054932 0.09770800173282623 0.12362699955701828
0 0.9718310236930847 0.39191699028015137 0.05619800090789795 0.09341099858283997
