2 0.8809319734573364 0.6259210109710693 0.10068999975919724 0.12004099786281586
2 0.768796980381012 0.4026070237159729 0.10265900194644928 0.12589000165462494
2 0.8519459962844849 0.2414960265159607 0.10437300056219101 0.1316470056772232
2 0.9352380037307739 0.3570770025253296 0.08077400177717209 0.1151840016245842
2 0.40778499841690063 0.3191490173339844 0.1627490073442459 0.19265200197696686
2 0.9639880061149597 0.825203001499176 0.07160600274801254 0.1174279972910881
2 0.9741950035095215 0.286670982837677 0.047690000385046005 0.06998299807310104
2 0.9673799872398376 0.5295270085334778 0.06233099848031998 0.11301299929618835
2 0.012350999750196934 0.5643700361251831 0.023358000442385674 0.07021299749612808
2 0.7057179808616638 0.6787700057029724 0.10067199915647507 0.1292479932308197
2 0.9703400135040283 0.7159180045127869 0.05548499897122383 0.12599299848079681
2 0.6669629812240601 0.16478502750396729 0.15260100364685059 0.1936579942703247
2 0.6624249815940857 0.5629739761352539 0.07159800082445145 0.10545399785041809
1 0.7050510048866272 0.6796579957008362 0.0993179976940155 0.12883000075817108
2 0.013167999684810638 0.5951069593429565 0.026033999398350716 0.06202400103211403
