2 0.6403549909591675 0.3551170229911804 0.07726199924945831 0.10140900313854218
0 0.3907969892024994 0.06343001127243042 0.11864300072193146 0.12685899436473846
0 0.38386601209640503 0.23122501373291016 0.12408699840307236 0.1536789983510971
2 0.7807819843292236 0.2922009825706482 0.11304999887943268 0.13609300553798676
0 0.30096501111984253 0.5040940046310425 0.13205499947071075 0.1506360024213791
2 0.6023280024528503 0.03585702180862427 0.08828099817037582 0.07171300053596497
2 0.22611500322818756 0.3724300265312195 0.11641699820756912 0.1440269947052002
0 0.5372800230979919 0.27583301067352295 0.11214999854564667 0.13897399604320526
2 0.678479015827179 0.0754290223121643 0.11777199804782867 0.14212200045585632
2 0.5384870171546936 0.27948302030563354 0.112807996571064 0.14205799996852875
2 0.4012170135974884 0.5612950325012207 0.12015800178050995 0.13912999629974365
0 0.6820409893989563 0.07331699132919312 0.12423399835824966 0.13858799636363983
0 0.6091870069503784 0.8182120323181152 0.10237599909305573 0.16499599814414978
