0 0.7893519997596741 0.5618330240249634 0.0954279974102974 0.11311200261116028
0 0.6608449816703796 0.43628597259521484 0.08891099691390991 0.11198099702596664
0 0.8656600117683411 0.5928820371627808 0.07771799713373184 0.10606399923563004
0 0.945339024066925 0.5907950401306152 0.08166400343179703 0.10454700142145157
0 0.3437559902667999 0.5138019919395447 0.07001399993896484 0.08129099756479263
0 0.3866260051727295 0.5995270013809204 0.07290299981832504 0.08825699985027313
0 0.46146100759506226 0.47649097442626953 0.06993000209331512 0.09104999899864197
0 0.39051300287246704 0.45618897676467896 0.06918700039386749 0.08012499660253525
0 0.9512529969215393 0.12489700317382812 0.07157199829816818 0.08448900282382965
0 0.4104839861392975 0.36279499530792236 0.07081799954175949 0.08858100324869156
0 0.7338219881057739 0.491474986076355 0.06590999662876129 0.10457299649715424
