0 0.32467201352119446 0.08756101131439209 0.07374399900436401 0.09419599920511246
0 0.6538100242614746 0.547245979309082 0.06962200254201889 0.08650700002908707
2 0.43963199853897095 0.760280966758728 0.07945500314235687 0.11580699682235718
2 0.4697130024433136 0.8595449924468994 0.07115600258111954 0.09249400347471237
2 0.36914798617362976 0.787559986114502 0.07297399640083313 0.09536299854516983
2 0.3913649916648865 0.9034860134124756 0.06968999654054642 0.10175400227308273
0 0.6813210248947144 0.6295369863510132 0.0749329999089241 0.08731099963188171
0 0.6108899712562561 0.01723700761795044 0.07536300271749496 0.0344729982316494
0 0.11152800172567368 0.9296640157699585 0.09366700053215027 0.11785200238227844
2 0.11174099892377853 0.9288520216941833 0.09246200323104858 0.1115180030465126
