0 0.13430799543857574 0.2816050052642822 0.07300099730491638 0.0912029966711998
0 0.38763800263404846 0.5322740077972412 0.07508400082588196 0.09588500112295151
0 0.15418599545955658 0.49733197689056396 0.08720900118350983 0.1091890037059784
0 0.06824900209903717 0.30943500995635986 0.07740499824285507 0.09510400146245956
0 0.5807070136070251 0.8847460150718689 0.08038900047540665 0.10398399829864502
0 0.4985809922218323 0.4666380286216736 0.0697150006890297 0.096499003469944
0 0.20292599499225616 0.6322500109672546 0.08630199730396271 0.10698900371789932
0 0.0886249989271164 0.5380910038948059 0.069923996925354 0.10063499957323074
0 0.6503530144691467 0.8541409969329834 0.0837860032916069 0.11220099776983261
0 0.26200398802757263 0.6928290128707886 0.06504499912261963 0.08546599745750427
0 0.5560830235481262 0.692031979560852 0.07807900011539459 0.10320699959993362
0 0.09709200263023376 0.22886699438095093 0.058747000992298126 0.07569199800491333
0 0.7876920104026794 0.6552450060844421 0.08642800152301788 0.09966100007295609
0 0.26833799481391907 0.819009006023407 0.0861240029335022 0.1025250032544136
0 0.34579700231552124 0.4822160005569458 0.06961800158023834 0.1006689965724945
0 0.4623740017414093 0.3044379949569702 0.06522999703884125 0.08165399730205536
0 0.6949800252914429 0.9662569761276245 0.08723600208759308 0.06694500148296356
1 0.5294770002365112 0.07903099060058594 0.07032400369644165 0.09774100035429001
1 0.7253559827804565 0.6818820238113403 0.07302500307559967 0.1022619977593422
0 0.8369510173797607 0.6163809895515442 0.06288900226354599 0.08174599707126617
0 0.7243779897689819 0.6792030334472656 0.06578200310468674 0.10398299992084503
0 0.4372220039367676 0.4950299859046936 0.07533399760723114 0.1038379967212677
0 0.7716889977455139 0.7435399889945984 0.08982200175523758 0.10456500202417374
