2 0.4495140016078949 0.7380059957504272 0.08151800185441971 0.1037990003824234
2 0.4192279875278473 0.28613102436065674 0.06096599996089935 0.08837100118398666
2 0.2828730046749115 0.7553420066833496 0.07636000216007233 0.09087999910116196
2 0.6303849816322327 0.8100979924201965 0.07534600049257278 0.09836100041866302
2 0.7513449788093567 0.6373400092124939 0.07450699806213379 0.0947910025715828
2 0.6561970114707947 0.5278580188751221 0.06710900366306305 0.0855029970407486
2 0.8176050186157227 0.542149007320404 0.07040400058031082 0.0932760015130043
2 0.1534460037946701 0.8777729868888855 0.06636200100183487 0.08484700322151184
2 0.9656739830970764 0.4706040024757385 0.06704899668693542 0.09739399701356888
2 0.9138759970664978 0.7234389781951904 0.07896900177001953 0.10011900216341019
2 0.040116000920534134 0.32816100120544434 0.08023100346326828 0.09378600120544434
2 0.38200798630714417 0.7125170230865479 0.06487300246953964 0.08616100251674652
2 0.9425380229949951 0.6254310011863708 0.06682900339365005 0.09486500173807144
2 0.17464999854564667 0.393248975276947 0.07705900073051453 0.07959699630737305
2 0.49857500195503235 0.4674370288848877 0.0640610009431839 0.07772299647331238
2 0.7654510140419006 0.7401379942893982 0.0704519972205162 0.08189699798822403
2 0.6109799742698669 0.5859860181808472 0.08376199752092361 0.0920180007815361
2 0.05146000161767006 0.8740130066871643 0.0639759972691536 0.05962299928069115
2 0.1538120061159134 0.32649099826812744 0.06667699664831161 0.08707699924707413
2 0.4691779911518097 0.5195620059967041 0.0616069994866848 0.07745400071144104
2 0.4208660125732422 0.2222520112991333 0.06021299958229065 0.04837200045585632
2 0.10119599848985672 0.589648962020874 0.0581820011138916 0.06282900273799896
2 0.25554099678993225 0.6730539798736572 0.07364299893379211 0.06960099935531616
1 0.205485999584198 0.09974700212478638 0.0641390010714531 0.07120200246572495
2 0.2010820060968399 0.9657260179519653 0.060780998319387436 0.06852299720048904
2 0.5419099926948547 0.6529749631881714 0.043129000812768936 0.07490000128746033
2 0.531885027885437 0.6251530051231384 0.05079900100827217 0.08359300345182419
2 0.6418700218200684 0.5978080034255981 0.05247600004076958 0.08247199654579163
