1 0.4138210117816925 0.7628520131111145 0.07892200350761414 0.09216500073671341
1 0.7524359822273254 0.38446301221847534 0.07891599833965302 0.08402299880981445
1 0.8999670147895813 0.9146100282669067 0.07676099985837936 0.0757950022816658
1 0.5925080180168152 0.654911994934082 0.06316199898719788 0.07949700206518173
2 0.4802590012550354 0.7147290110588074 0.07476799935102463 0.10152900218963623
0 0.19184599816799164 0.24849599599838257 0.049952998757362366 0.051364000886678696
1 0.41839098930358887 0.6519290208816528 0.08219599723815918 0.09991800040006638
1 0.5624880194664001 0.505882978439331 0.06258100271224976 0.0926470011472702
1 0.7197420001029968 0.23984801769256592 0.07168900221586227 0.08025199919939041
1 0.06848300248384476 0.053573012351989746 0.06070699915289879 0.07190299779176712
2 0.3171730041503906 0.6640160083770752 0.06776800006628036 0.08800899982452393
1 0.36621299386024475 0.5710639953613281 0.05826999992132187 0.08177799731492996
2 0.8760250210762024 0.8432869911193848 0.0658549964427948 0.08512700349092484
1 0.7726439833641052 0.5592859983444214 0.07436800003051758 0.09004999697208405
1 0.5832319855690002 0.27845698595046997 0.07002100348472595 0.08792299777269363
1 0.4795120060443878 0.7160919904708862 0.0764169991016388 0.09875500202178955
2 0.26208099722862244 0.6161530017852783 0.07477899640798569 0.09047699719667435
1 0.3031899929046631 0.5624719858169556 0.0674000009894371 0.0832659974694252
1 0.43817099928855896 0.5288270115852356 0.07433000206947327 0.09418399631977081
1 0.8306379914283752 0.9170380234718323 0.05911000072956085 0.06463800370693207
1 0.8756129741668701 0.8429909944534302 0.06690599769353867 0.08160900324583054
1 0.6192659735679626 0.5253039598464966 0.06620600074529648 0.08241599798202515
2 0.4389689862728119 0.5282449722290039 0.07403899729251862 0.0976170003414154
1 0.7183619737625122 0.31779801845550537 0.06363999843597412 0.0702119991183281
2 0.5626130104064941 0.5066540241241455 0.06263799965381622 0.09557200223207474
1 0.37822601199150085 0.3599820137023926 0.060582999140024185 0.07870599627494812
1 0.20765000581741333 0.4721059799194336 0.07396300137042999 0.09067899733781815
1 0.5877789855003357 0.04423898458480835 0.05565499886870384 0.07413800060749054
1 0.03209500014781952 0.29103100299835205 0.04425400123000145 0.06901399791240692
1 0.3266179859638214 0.2710980176925659 0.05709899961948395 0.06412699818611145
1 0.03873400017619133 0.018687009811401367 0.05104000121355057 0.036309998482465744
1 0.8970440030097961 0.9839640259742737 0.07346899807453156 0.030900999903678894
0 0.20741300284862518 0.47293800115585327 0.07307299971580505 0.09051399677991867
