2 0.7934820055961609 0.24322998523712158 0.059783998876810074 0.08762100338935852
2 0.7299780249595642 0.19022399187088013 0.06559199839830399 0.07662499696016312
2 0.45545101165771484 0.18497198820114136 0.06233799830079079 0.0709410011768341
2 0.7945320010185242 0.09079200029373169 0.06947500258684158 0.08834300190210342
2 0.8503580093383789 0.09119802713394165 0.06377899646759033 0.1066029965877533
0 0.4684250056743622 0.7202810049057007 0.041416000574827194 0.05027800053358078
2 0.25192898511886597 0.48851197957992554 0.05535700172185898 0.09615299850702286
2 0.8363800048828125 0.1936650276184082 0.04842900112271309 0.06569500267505646
2 0.3750320076942444 0.22409701347351074 0.04421300068497658 0.09492900222539902
2 0.38838300108909607 0.36113399267196655 0.06092999875545502 0.09714099764823914
