2 0.11306600272655487 0.7724449634552002 0.07202699780464172 0.09589699655771255
2 0.22958700358867645 0.5113279819488525 0.07376699894666672 0.0873359963297844
2 0.04950400069355965 0.4900820255279541 0.06636200100183487 0.08938100188970566
2 0.15970100462436676 0.6864969730377197 0.07930099964141846 0.09647499769926071
2 0.2513029873371124 0.750220000743866 0.07421799749135971 0.09239400178194046
2 0.2573640048503876 0.9148709774017334 0.07043299823999405 0.0887949988245964
2 0.32207798957824707 0.9062929749488831 0.07867199927568436 0.11043699830770493
2 0.1268800050020218 0.4904389977455139 0.06515400111675262 0.07906199991703033
2 0.14367400109767914 0.5927979946136475 0.0675790011882782 0.08423800021409988
2 0.4657909870147705 0.32181698083877563 0.05794199928641319 0.0751589983701706
2 0.18394100666046143 0.9627500176429749 0.07822100073099136 0.07280600070953369
2 0.23686499893665314 0.6412429809570312 0.06980299949645996 0.09384799748659134
2 0.47029998898506165 0.8976719975471497 0.06417600065469742 0.07525999844074249
2 0.40441301465034485 0.7473469972610474 0.06325600296258926 0.07932499796152115
2 0.4328260123729706 0.6713019609451294 0.05616699904203415 0.08049499988555908
2 0.2677859961986542 0.6800479888916016 0.056070998311042786 0.07502199709415436
2 0.5249410271644592 0.5729650259017944 0.06121499836444855 0.07219500094652176
1 0.5839160084724426 0.9293659925460815 0.058827999979257584 0.06858000159263611
2 0.5851269960403442 0.9304479956626892 0.05648599937558174 0.07309400290250778
2 0.4047670066356659 0.4427809715270996 0.06463299691677094 0.0698309987783432
