2 0.7879359722137451 0.4749709963798523 0.06920400261878967 0.08859600126743317
2 0.7898210287094116 0.9492449760437012 0.07379599660634995 0.08965399861335754
2 0.18465499579906464 0.6731100082397461 0.06989800184965134 0.07437700033187866
2 0.16452200710773468 0.6057770252227783 0.07891800254583359 0.0969960018992424
2 0.289002001285553 0.46811801195144653 0.06111599877476692 0.07698699831962585
2 0.1625950038433075 0.7438299655914307 0.08046899735927582 0.09064199775457382
2 0.2734679877758026 0.9276520013809204 0.0632610023021698 0.07268500328063965
2 0.28626200556755066 0.4000369906425476 0.06635700166225433 0.07854100316762924
2 0.3801339864730835 0.21445298194885254 0.06779199838638306 0.08647199720144272
1 0.18570800125598907 0.6739380359649658 0.06573700159788132 0.06739600002765656
