0 0.7348889708518982 0.8445850014686584 0.07294300198554993 0.09150499850511551
0 0.21060900390148163 0.7740820050239563 0.06769300252199173 0.10031600296497345
2 0.5133910179138184 0.41621601581573486 0.0644960030913353 0.0871329978108406
0 0.14097300171852112 0.10632097721099854 0.05340399965643883 0.06707900017499924
0 0.3402419984340668 0.6165710091590881 0.07827199995517731 0.10356099903583527
2 0.5752609968185425 0.3962479829788208 0.06547100096940994 0.1073639988899231
0 0.2504329979419708 0.47001898288726807 0.08258199691772461 0.10473199933767319
0 0.22131699323654175 0.5983240008354187 0.07749400287866592 0.08529700338840485
1 0.5159800052642822 0.6411830186843872 0.07412999868392944 0.10261599719524384
2 0.6007459759712219 0.48774802684783936 0.06227299943566322 0.07958000153303146
0 0.13558000326156616 0.3690969944000244 0.05059099942445755 0.06982400268316269
2 0.5329639911651611 0.5225529670715332 0.06210000067949295 0.08505599945783615
0 0.022662000730633736 0.7981070280075073 0.045069001615047455 0.08087000250816345
