0 0.8092849850654602 0.3530700206756592 0.08630099892616272 0.10900100320577621
0 0.5751619935035706 0.5395070314407349 0.0988439992070198 0.12264899909496307
0 0.7220659852027893 0.3603249788284302 0.09549199789762497 0.12372300028800964
0 0.1910340040922165 0.9417340159416199 0.09591600298881531 0.11562000215053558
0 0.8756679892539978 0.3146049976348877 0.07895299792289734 0.10297200083732605
0 0.5450170040130615 0.3409460186958313 0.09073399752378464 0.11617500334978104
0 0.9081460237503052 0.214680016040802 0.08469100296497345 0.10845500230789185
0 0.16503000259399414 0.2899399995803833 0.07077299803495407 0.08437199890613556
0 0.21414999663829803 0.22398102283477783 0.07092300057411194 0.0932530015707016
0 0.9551990032196045 0.9471489787101746 0.08778099715709686 0.1056009978055954
0 0.9284909963607788 0.6206820011138916 0.08167800307273865 0.09930700063705444
0 0.4577980041503906 0.39267897605895996 0.10000500082969666 0.11498100310564041
0 0.14163699746131897 0.9403650164604187 0.08614800125360489 0.1129089966416359
0 0.7816029787063599 0.1689550280570984 0.1087149977684021 0.13364900648593903
0 0.3877849876880646 0.8421260118484497 0.06241400167346001 0.09718199819326401
0 0.9724739789962769 0.8888059854507446 0.05281800031661987 0.08202499896287918
0 0.43689200282096863 0.9492239952087402 0.08597400039434433 0.10155300050973892
0 0.7055240273475647 0.18723201751708984 0.07044100016355515 0.11421599984169006
0 0.45001500844955444 0.03739297389984131 0.08760300278663635 0.07478500157594681
0 0.10050000250339508 0.09220600128173828 0.07912000268697739 0.09558799862861633
0 0.8132269978523254 0.06136602163314819 0.08920799940824509 0.10675399750471115
0 0.13015399873256683 0.0304110050201416 0.07812999933958054 0.06082199886441231
0 0.8666520118713379 0.01794201135635376 0.08276800066232681 0.03588499873876572
0 0.0679590031504631 0.014154016971588135 0.06792400032281876 0.027744000777602196
