2 0.7819749712944031 0.34843701124191284 0.07426699995994568 0.09331999719142914
2 0.7126849889755249 0.6954480409622192 0.08233799785375595 0.10346200317144394
2 0.9548889994621277 0.37714797258377075 0.07119999825954437 0.09446199983358383
2 0.8491910099983215 0.6694949865341187 0.07318499684333801 0.09509199857711792
0 0.3471809923648834 0.5937899947166443 0.11396300047636032 0.13785499334335327
2 0.4666900038719177 0.44168102741241455 0.0778219997882843 0.10106900334358215
0 0.3897880017757416 0.22597897052764893 0.08240800350904465 0.10424300283193588
2 0.03595200181007385 0.6198129653930664 0.0686509981751442 0.11699700355529785
0 0.20485299825668335 0.5788699984550476 0.12254100292921066 0.15000200271606445
2 0.3194350004196167 0.42312800884246826 0.10721199959516525 0.12307099997997284
2 0.7892299890518188 0.9493680000305176 0.0784119963645935 0.0953029990196228
2 0.8215100169181824 0.7609080076217651 0.09749899804592133 0.11189399659633636
2 0.9811270236968994 0.3056719899177551 0.033452000468969345 0.0879800021648407
0 0.38890400528907776 0.7707589864730835 0.10480599850416183 0.1295579969882965
2 0.7263569831848145 0.9687460064888 0.07455699890851974 0.06221500039100647
2 0.4913800060749054 0.1808680295944214 0.09228699654340744 0.11135199666023254
2 0.7498679757118225 0.5653790235519409 0.0825589969754219 0.10585600137710571
2 0.38935598731040955 0.22497600317001343 0.07871700078248978 0.09924899786710739
2 0.796504020690918 0.8402509689331055 0.07801300287246704 0.0931989997625351
2 0.9889389872550964 0.12029999494552612 0.022120999172329903 0.08939500153064728
0 0.49127501249313354 0.17837297916412354 0.09083200246095657 0.11639399826526642
2 0.21203100681304932 0.9178169965744019 0.106222003698349 0.1528010070323944
2 0.03338700160384178 0.6770609617233276 0.06548900157213211 0.12122300267219543
2 0.9906479716300964 0.10609501600265503 0.018704000860452652 0.09012799710035324
2 0.038144998252391815 0.6494350433349609 0.07139799743890762 0.18298299610614777
0 0.7497389912605286 0.5649999976158142 0.08525600284337997 0.11275699734687805
2 0.38816699385643005 0.7768409848213196 0.10827899724245071 0.1338219940662384
2 0.950980007648468 0.6918059587478638 0.09788200259208679 0.11705999821424484
0 0.11537999659776688 0.6583119630813599 0.11217799782752991 0.141634002327919
2 0.114205002784729 0.6584320068359375 0.10692399740219116 0.1443759948015213
2 0.408935010433197 0.3485640287399292 0.09678299725055695 0.1339530050754547
2 0.985834002494812 0.11062502861022949 0.025276999920606613 0.10158099979162216
