2 0.12721599638462067 0.1584789752960205 0.0713450014591217 0.09065700322389603
2 0.651764988899231 0.6043720245361328 0.06762000173330307 0.09284599870443344
2 0.2687860131263733 0.057160019874572754 0.07952900230884552 0.09863600134849548
2 0.06105399876832962 0.24695700407028198 0.07179500162601471 0.08987300097942352
2 0.2180979996919632 0.3187299966812134 0.07681100070476532 0.0948920026421547
2 0.6871299743652344 0.5305770039558411 0.06509199738502502 0.07277800142765045
2 0.08042199909687042 0.36213499307632446 0.07211899757385254 0.0846790000796318
2 0.9426509737968445 0.0729449987411499 0.07124599814414978 0.08845099806785583
2 0.2409989982843399 0.20949697494506836 0.06212199851870537 0.09336400032043457
1 0.7355210185050964 0.10436302423477173 0.07408499717712402 0.08684100210666656
2 0.7864900231361389 0.5075069665908813 0.06959400326013565 0.09229499846696854
2 0.7356680035591125 0.10225200653076172 0.07396700233221054 0.08547399938106537
1 0.9392920136451721 0.1444309949874878 0.07335600256919861 0.08047699928283691
1 0.6666619777679443 0.02586197853088379 0.06590300053358078 0.05172500014305115
2 0.6671599745750427 0.027060985565185547 0.06866099685430527 0.053233999758958817
1 0.09288500249385834 0.2952970266342163 0.04751000180840492 0.05224300175905228
