0 0.5844690203666687 0.8173199892044067 0.06941699981689453 0.09014800190925598
0 0.8977890014648438 0.8003360033035278 0.06692299991846085 0.08858399838209152
0 0.1734050065279007 0.8928549885749817 0.08813700079917908 0.11418300122022629
1 0.24418799579143524 0.6319739818572998 0.08604300022125244 0.10089399665594101
1 0.0300890002399683 0.7708330154418945 0.05874999985098839 0.12097000330686569
1 0.3102560043334961 0.3727149963378906 0.08045099675655365 0.09946899861097336
1 0.2591390013694763 0.5252029895782471 0.07783699780702591 0.09704700112342834
1 0.14136099815368652 0.7155699729919434 0.08729899674654007 0.116737000644207
2 0.07323800027370453 0.6837339997291565 0.06943400204181671 0.09704499691724777
1 0.986382007598877 0.9541339874267578 0.02723499946296215 0.091730996966362
