0 0.791953980922699 0.6728230118751526 0.08013200014829636 0.10353600233793259
0 0.4147610068321228 0.3445360064506531 0.07767599821090698 0.10304400324821472
0 0.5399349927902222 0.2105410099029541 0.07626400142908096 0.10410899668931961
0 0.13264100253582 0.7355949878692627 0.07778199762105942 0.09628800302743912
0 0.6032400131225586 0.21029698848724365 0.07198899984359741 0.09585899859666824
0 0.6662150025367737 0.18778300285339355 0.06970299780368805 0.09456299990415573
0 0.27284500002861023 0.6695959568023682 0.06949000060558319 0.095490001142025
0 0.5780100226402283 0.05375701189041138 0.09589599817991257 0.10660900175571442
0 0.026062000542879105 0.7594040036201477 0.05212400108575821 0.09678500145673752
0 0.418067991733551 0.1847190260887146 0.06834600120782852 0.09662400186061859
0 0.6767849922180176 0.7167589664459229 0.0752979964017868 0.09912200272083282
0 0.09115699678659439 0.6430720090866089 0.08855000138282776 0.10111100226640701
0 0.7235479950904846 0.8741909861564636 0.0776510015130043 0.08775799721479416
0 0.689424991607666 0.4402329921722412 0.07121899724006653 0.07971200346946716
2 0.8733569979667664 0.7987179756164551 0.06631200015544891 0.09208399802446365
0 0.7193120121955872 0.685467004776001 0.06925299763679504 0.09293299913406372
0 0.3384299874305725 0.21597999334335327 0.07493100315332413 0.0925460010766983
0 0.695592999458313 0.9837380051612854 0.07516500353813171 0.03130500018596649
0 0.6768010258674622 0.04281902313232422 0.07488600164651871 0.07913099974393845
0 0.2482910007238388 0.577301025390625 0.04707900062203407 0.0786919966340065
0 0.34804800152778625 0.21652299165725708 0.09803000092506409 0.10337699949741364
0 0.9855949878692627 0.7745630145072937 0.028808999806642532 0.10516999661922455
0 0.641385018825531 0.020087003707885742 0.08709599822759628 0.0388449989259243
0 0.6570919752120972 0.027189016342163086 0.08686400204896927 0.05218600109219551
0 0.36882999539375305 0.21714502573013306 0.06862600147724152 0.10669899731874466
0 0.648792028427124 0.847815990447998 0.06773599982261658 0.07719799876213074
