1 0.19321799278259277 0.26103198528289795 0.12568899989128113 0.14993000030517578
1 0.303741991519928 0.4461730122566223 0.11510699987411499 0.14050300419330597
1 0.5163829922676086 0.5730910301208496 0.1269560009241104 0.15116800367832184
1 0.48680999875068665 0.3412320017814636 0.09308599680662155 0.10837399959564209
1 0.9193300008773804 0.07239699363708496 0.08436600118875504 0.10633300244808197
1 0.5786280035972595 0.7820479869842529 0.12275400012731552 0.14808499813079834
1 0.4472459852695465 0.24512797594070435 0.11083199828863144 0.12912599742412567
2 0.44700801372528076 0.24677497148513794 0.11177899688482285 0.1287519931793213
2 0.024320999160408974 0.8942070007324219 0.04864199832081795 0.15160900354385376
2 0.5480170249938965 0.22966599464416504 0.10811100155115128 0.1303499937057495
2 0.918658971786499 0.07434499263763428 0.08529700338840485 0.10679999738931656
1 0.5457310080528259 0.22892099618911743 0.10643400251865387 0.13009899854660034
2 0.06869299709796906 0.9518719911575317 0.11272300034761429 0.09625499695539474
2 0.022729000076651573 0.8696529865264893 0.045458998531103134 0.17242899537086487
