0 0.24330100417137146 0.4078260064125061 0.07707999646663666 0.09981700032949448
0 0.5835530161857605 0.4700779914855957 0.08862899988889694 0.11413999646902084
0 0.597832977771759 0.769569993019104 0.08876799792051315 0.10773400217294693
0 0.3153020143508911 0.9462029933929443 0.09099200367927551 0.10759399831295013
0 0.5175870060920715 0.904420018196106 0.07410900294780731 0.10916200280189514
0 0.15663200616836548 0.6531310081481934 0.08899399638175964 0.10853700339794159
0 0.6294549703598022 0.842989981174469 0.08485399931669235 0.10368400067090988
0 0.7676230072975159 0.8405680060386658 0.09293700009584427 0.12864799797534943
0 0.5300729870796204 0.8146179914474487 0.07093600183725357 0.08941400051116943
0 0.8610860109329224 0.8636220097541809 0.116457000374794 0.1466909945011139
0 0.9365519881248474 0.8597649931907654 0.1077990010380745 0.14249899983406067
0 0.2831690013408661 0.27024197578430176 0.08979400247335434 0.10961999744176865
2 0.5018439888954163 0.47884899377822876 0.07406699657440186 0.10108499974012375
1 0.2721010148525238 0.09113597869873047 0.07207400351762772 0.0992640033364296
2 0.28311899304389954 0.27020198106765747 0.09215699881315231 0.11235000193119049
1 0.28345298767089844 0.269245982170105 0.09152399748563766 0.10773099958896637
0 0.8860710263252258 0.495481014251709 0.13196100294589996 0.15508800745010376
0 0.9648929834365845 0.45073002576828003 0.05996600165963173 0.09363800287246704
1 0.09415099769830704 0.4661399722099304 0.05579100176692009 0.0723389983177185
