0 0.14499500393867493 0.8294860124588013 0.10563799738883972 0.1288760006427765
2 0.7500029802322388 0.37052202224731445 0.14376899600028992 0.17892999947071075
0 0.19759799540042877 0.7018799781799316 0.10958000272512436 0.1422410011291504
1 0.42859598994255066 0.07801401615142822 0.11026699841022491 0.15169699490070343
1 0.10734999924898148 0.263359010219574 0.10717500001192093 0.13120800256729126
2 0.261476993560791 0.5058310031890869 0.10827499628067017 0.141975998878479
2 0.6732649803161621 0.5877070426940918 0.12094900012016296 0.145796000957489
1 0.33417099714279175 0.06257498264312744 0.07872900366783142 0.11151000112295151
0 0.5541800260543823 0.716605007648468 0.15722399950027466 0.1873610019683838
1 0.8217779994010925 0.04882502555847168 0.09896799921989441 0.09546999633312225
2 0.0959319993853569 0.035427987575531006 0.08558399975299835 0.0708559975028038
0 0.28168800473213196 0.6275489926338196 0.0903019979596138 0.13169899582862854
1 0.14012299478054047 0.1792839765548706 0.0981220006942749 0.0963829979300499
1 0.031230999156832695 0.23375201225280762 0.062463000416755676 0.1350249946117401
2 0.8584780097007751 0.2720159888267517 0.06615500152111053 0.10070899873971939
1 0.15900999307632446 0.473052978515625 0.10598000138998032 0.10008300095796585
2 0.031254999339580536 0.2334880232810974 0.061806000769138336 0.1322849988937378
0 0.18206700682640076 0.979407012462616 0.057750001549720764 0.04118499904870987
