1 0.15015700459480286 0.941415011882782 0.09189300239086151 0.11208199709653854
2 0.07712800055742264 0.8021990060806274 0.09409700334072113 0.12205799669027328
2 0.08319500088691711 0.46254801750183105 0.08806300163269043 0.09474200010299683
2 0.36303699016571045 0.48385798931121826 0.09390000253915787 0.11653400212526321
2 0.4678550064563751 0.4475820064544678 0.08495000004768372 0.10482099652290344
2 0.08322499692440033 0.5361449718475342 0.08500699698925018 0.09423399716615677
2 0.4934230148792267 0.3404639959335327 0.10328199714422226 0.12981100380420685
2 0.038235001266002655 0.6909530162811279 0.07647000253200531 0.12538300454616547
2 0.33628201484680176 0.38364702463150024 0.08707799762487411 0.11368999630212784
2 0.16753500699996948 0.7760980129241943 0.07976599782705307 0.12220899760723114
1 0.08078700304031372 0.9543460011482239 0.11696399748325348 0.08695700019598007
2 0.9457600116729736 0.9446579813957214 0.10847999900579453 0.11068399995565414
2 0.9582120180130005 0.9396479725837708 0.07859600335359573 0.12070400267839432
1 0.03833800181746483 0.6900089979171753 0.07595299929380417 0.11736699938774109
2 0.6425009965896606 0.7055090069770813 0.09822999686002731 0.11669600009918213
2 0.23702199757099152 0.6972669959068298 0.08167800307273865 0.09846200048923492
1 0.07547199726104736 0.8026480078697205 0.09141600131988525 0.11595900356769562
2 0.24575500190258026 0.7637619972229004 0.10729800164699554 0.12064199894666672
1 0.6427010297775269 0.7037630081176758 0.09670600295066833 0.12062899768352509
1 0.0737370029091835 0.968159019947052 0.1015620008111 0.06309200078248978
