2 0.535260021686554 0.2628909945487976 0.08264800161123276 0.10627999901771545
2 0.449660986661911 0.31481999158859253 0.09027399867773056 0.11287800222635269
2 0.7514550089836121 0.909919023513794 0.08205299824476242 0.10883700102567673
2 0.7196940183639526 0.3224300146102905 0.10096800327301025 0.1129710003733635
2 0.8756210207939148 0.5947960019111633 0.08243999630212784 0.10798600316047668
2 0.8500350117683411 0.9025890231132507 0.08556400239467621 0.10559599846601486
2 0.8674219846725464 0.7944449782371521 0.0801599994301796 0.11470600217580795
2 0.7972580194473267 0.7717779874801636 0.08241499960422516 0.10610400140285492
2 0.690837025642395 0.632161021232605 0.11102800071239471 0.12519299983978271
2 0.6365010142326355 0.6997609734535217 0.07981400191783905 0.09923800081014633
2 0.8463670015335083 0.5194969773292542 0.08770199865102768 0.10477600246667862
2 0.9781410098075867 0.8042830228805542 0.04058799892663956 0.08513700217008591
2 0.738906979560852 0.4751890003681183 0.06170300021767616 0.08682200312614441
2 0.7143409848213196 0.40800800919532776 0.05686900019645691 0.08477599918842316
2 0.8768079876899719 0.6618289947509766 0.0690390020608902 0.06969799846410751
2 0.5609300136566162 0.014197999611496925 0.06035200133919716 0.023524999618530273
2 0.4671269953250885 0.07339099794626236 0.0669270008802414 0.0876460000872612
