2 0.1234230026602745 0.5457990169525146 0.08699599653482437 0.10864999890327454
2 0.2502230107784271 0.2161940038204193 0.08968900144100189 0.1221269965171814
2 0.6857699751853943 0.0513949990272522 0.09668300300836563 0.10111899673938751
2 0.45483699440956116 0.5212900042533875 0.0795150026679039 0.10263899713754654
2 0.3789519965648651 0.4090780019760132 0.07635799795389175 0.10067500174045563
2 0.6640120148658752 0.3715749979019165 0.07683300226926804 0.09861300140619278
2 0.9141899943351746 0.3717769980430603 0.08319299668073654 0.1013529971241951
2 0.1086530014872551 0.08598600327968597 0.11816699802875519 0.1395680010318756
2 0.6229550242424011 0.11473499983549118 0.08403299748897552 0.11156400293111801
2 0.512158989906311 0.07840199768543243 0.08405999839305878 0.10284300148487091
2 0.2577640116214752 0.34897100925445557 0.12013199925422668 0.13840900361537933
2 0.9392579793930054 0.04154900088906288 0.10087200254201889 0.08309900015592575
2 0.5554400086402893 0.17364400625228882 0.06308899819850922 0.09359300136566162
2 0.6104069948196411 0.45111799240112305 0.08533299714326859 0.11312899738550186
2 0.3461270034313202 0.27049800753593445 0.10248400270938873 0.13945600390434265
2 0.4145370125770569 0.23201100528240204 0.10102500021457672 0.12582500278949738
2 0.03087799996137619 0.08082100003957748 0.06175599992275238 0.12389200180768967
2 0.5255619883537292 0.43357399106025696 0.08776699751615524 0.11286699771881104
2 0.2409760057926178 0.3589789867401123 0.08807499706745148 0.11822500079870224
