0 0.7619370222091675 0.4373050034046173 0.07185599952936172 0.09150200337171555
0 0.04192499816417694 0.4294790029525757 0.07195799797773361 0.09651599824428558
2 0.07223600149154663 0.10029199719429016 0.07410500198602676 0.10002800077199936
0 0.38101300597190857 0.27295398712158203 0.05999499931931496 0.08020099997520447
2 0.09222199767827988 0.8123949766159058 0.06852100044488907 0.09189199656248093
0 0.7115799784660339 0.3414199948310852 0.0764710009098053 0.0920180007815361
0 0.32998600602149963 0.23826800286769867 0.08395499736070633 0.09628699719905853
0 0.18272900581359863 0.05010899901390076 0.0817980021238327 0.10021799802780151
2 0.09503000229597092 0.20088499784469604 0.07881899923086166 0.09918899834156036
0 0.3105410039424896 0.1495479941368103 0.087567999958992 0.10091199725866318
