0 0.5205860137939453 0.9354159832000732 0.0810220018029213 0.1027820035815239
0 0.595570981502533 0.957368016242981 0.08281099796295166 0.0851529985666275
0 0.6544179916381836 0.7498400211334229 0.09745199978351593 0.1193149983882904
0 0.5733929872512817 0.6965939998626709 0.08589799702167511 0.12309800088405609
0 0.9222189784049988 0.7114779949188232 0.09099800139665604 0.11546099931001663
0 0.6932299733161926 0.5751870274543762 0.09639599919319153 0.1277340054512024
0 0.9684290289878845 0.9486389756202698 0.06308700144290924 0.09565600007772446
0 0.7830349802970886 0.36548399925231934 0.09993100166320801 0.10737299919128418
0 0.1940300017595291 0.12285599857568741 0.07838000357151031 0.08893600106239319
0 0.7632949948310852 0.4978469908237457 0.07496599853038788 0.09643799811601639
0 0.1656470000743866 0.05306300148367882 0.07443399727344513 0.08340200036764145
2 0.8039050102233887 0.6727089881896973 0.08267699927091599 0.1052279993891716
0 0.6154860258102417 0.8827990293502808 0.06458000093698502 0.07900000363588333
0 0.3073180019855499 0.09233000129461288 0.04046500101685524 0.04330800101161003
