0 0.3149789869785309 0.43410900235176086 0.08438199758529663 0.10562500357627869
0 0.17297500371932983 0.7016710042953491 0.08237999677658081 0.10488100349903107
0 0.5748909711837769 0.6454449892044067 0.08283600211143494 0.10532300174236298
0 0.5632129907608032 0.9037989974021912 0.0864730030298233 0.1131879985332489
0 0.26923900842666626 0.9315580129623413 0.07504700124263763 0.0970660001039505
0 0.5048750042915344 0.5204049944877625 0.0763079971075058 0.10676500201225281
0 0.7182250022888184 0.6421499848365784 0.07957000285387039 0.10408700257539749
1 0.9574260115623474 0.6324059963226318 0.08129700273275375 0.11352299898862839
1 0.5723320245742798 0.7849349975585938 0.07624100148677826 0.09705200046300888
1 0.886650025844574 0.6171839833259583 0.08692000061273575 0.12486100196838379
1 0.12844300270080566 0.8535240292549133 0.052962999790906906 0.07927499711513519
0 0.8108360171318054 0.6413530111312866 0.11489500105381012 0.14368000626564026
1 0.38390499353408813 0.39184001088142395 0.07949899882078171 0.09916699677705765
1 0.9692059755325317 0.799871027469635 0.06158800050616264 0.11309300363063812
