1 0.33317700028419495 0.4775429964065552 0.11691199988126755 0.10907900333404541
1 0.2689720094203949 0.58228999376297 0.13611699640750885 0.14849500358104706
1 0.13756899535655975 0.7360600233078003 0.11700300127267838 0.1406019926071167
1 0.053213998675346375 0.8386480212211609 0.10642799735069275 0.15078899264335632
1 0.361052006483078 0.6059079766273499 0.09198500216007233 0.12850800156593323
1 0.054680999368429184 0.5842459797859192 0.10936199873685837 0.15699300169944763
1 0.01918799988925457 0.7010930180549622 0.03755199909210205 0.13087700307369232
1 0.42552798986434937 0.6207709908485413 0.06746300309896469 0.14657700061798096
2 0.6983339786529541 0.44464901089668274 0.06816300004720688 0.08187299966812134
1 0.41278499364852905 0.6191459894180298 0.09048199653625488 0.1404699981212616
1 0.13003499805927277 0.905314028263092 0.08824999630451202 0.12672899663448334
