0 0.366908997297287 0.24153800308704376 0.07230199873447418 0.09424900263547897
0 0.29528799653053284 0.2604289948940277 0.07686100155115128 0.10488999634981155
0 0.4534800052642822 0.5528950095176697 0.07728900015354156 0.10102999955415726
0 0.23217499256134033 0.6542890071868896 0.07367900013923645 0.09560699760913849
0 0.15756799280643463 0.13383500277996063 0.08528000116348267 0.10676000267267227
0 0.35700899362564087 0.39068201184272766 0.09258600324392319 0.11238999664783478
0 0.16339899599552155 0.32151100039482117 0.0764319971203804 0.10325100272893906
0 0.43041500449180603 0.2670469880104065 0.07031100243330002 0.09641099721193314
0 0.4721820056438446 0.3527660071849823 0.07270800322294235 0.09281100332736969
0 0.3947789967060089 0.4777419865131378 0.08969400078058243 0.10573200136423111
0 0.44520801305770874 0.4370569884777069 0.07680699974298477 0.09793499857187271
0 0.07339300215244293 0.29093000292778015 0.07872600108385086 0.1085439994931221
0 0.45144400000572205 0.7333490252494812 0.07594099640846252 0.09703899919986725
0 0.1667580008506775 0.7680259943008423 0.07655999809503555 0.09530100226402283
0 0.5013530254364014 0.7358440160751343 0.06884399801492691 0.10037100315093994
0 0.5442609786987305 0.7048079967498779 0.07431499660015106 0.1031859964132309
0 0.12502899765968323 0.6349340081214905 0.07297299802303314 0.09094999730587006
0 0.44425201416015625 0.025112999603152275 0.07514999806880951 0.05022599920630455
0 0.37116798758506775 0.7311869859695435 0.08885599672794342 0.10607700049877167
0 0.1849990040063858 0.6526089906692505 0.061694998294115067 0.0963279977440834
0 0.5814729928970337 0.3547450006008148 0.06100799888372421 0.08279100060462952
0 0.11589699983596802 0.2699039876461029 0.07176399976015091 0.10339400172233582
0 0.5682579874992371 0.22475199401378632 0.07253099977970123 0.1181349977850914
0 0.2149610072374344 0.7356939911842346 0.05823000147938728 0.08925099670886993
0 0.5184379816055298 0.02425999939441681 0.06759200245141983 0.04730299860239029
