0 0.138047993183136 0.2936510145664215 0.06498599797487259 0.0684870034456253
0 0.2435690015554428 0.21688799560070038 0.05395499989390373 0.07045900076627731
0 0.29041099548339844 0.3825739920139313 0.05593400076031685 0.06654100120067596
0 0.5284240245819092 0.47091200947761536 0.052448999136686325 0.06376499682664871
0 0.13589699566364288 0.3944700062274933 0.06135400012135506 0.06554800271987915
0 0.5548710227012634 0.3615649938583374 0.05317499861121178 0.06339800357818604
0 0.0861240029335022 0.2358199954032898 0.05962099879980087 0.06850899755954742
0 0.5023229718208313 0.37465301156044006 0.06413500010967255 0.07256700098514557
0 0.2626529932022095 0.47333499789237976 0.056471001356840134 0.06709399819374084
0 0.19414100050926208 0.3269540071487427 0.05384799838066101 0.06781099736690521
0 0.40284600853919983 0.2363629937171936 0.06888999789953232 0.08749900013208389
0 0.04644099995493889 0.17680400609970093 0.05817599967122078 0.06786999851465225
0 0.7255039811134338 0.03288799896836281 0.06063200160861015 0.06260599941015244
0 0.31262001395225525 0.19501599669456482 0.051382001489400864 0.0703670009970665
0 0.14034700393676758 0.21572400629520416 0.06003199890255928 0.06864400207996368
0 0.18703299760818481 0.22937500476837158 0.059539999812841415 0.07629299908876419
0 0.08626099675893784 0.2912600040435791 0.055810000747442245 0.05880799889564514
