0 0.09991999715566635 0.12202700227499008 0.07578100264072418 0.09736599773168564
0 0.42359501123428345 0.09967300295829773 0.07840300351381302 0.10809800028800964
0 0.33816298842430115 0.3974139988422394 0.07262100279331207 0.10318200290203094
1 0.36580100655555725 0.7773690223693848 0.0871099978685379 0.11190199851989746
1 0.6040520071983337 0.41991400718688965 0.09054800122976303 0.12156199663877487
1 0.890155017375946 0.45463401079177856 0.0865510031580925 0.10568100214004517
1 0.6785069704055786 0.7997230291366577 0.06994500011205673 0.08497799932956696
1 0.8893269896507263 0.6109910011291504 0.10061600059270859 0.10773400217294693
1 0.7093250155448914 0.9024850130081177 0.06884100288152695 0.09665799885988235
1 0.849407970905304 0.17695200443267822 0.09826099872589111 0.12125100195407867
2 0.8905760049819946 0.6105780005455017 0.10266199707984924 0.1078680008649826
0 0.8506579995155334 0.17897099256515503 0.10002800077199936 0.1239589974284172
1 0.5984050035476685 0.7643190026283264 0.06269100308418274 0.07924900203943253
2 0.3575640022754669 0.23329199850559235 0.09030400216579437 0.11432699859142303
1 0.3364599943161011 0.6636009812355042 0.07232599705457687 0.09087800234556198
