2 0.8950899839401245 0.4219149947166443 0.10111100226640701 0.12546700239181519
2 0.8114309906959534 0.08626999706029892 0.10911799967288971 0.13078799843788147
2 0.3187820017337799 0.5742650032043457 0.1061210036277771 0.13213899731636047
2 0.7655379772186279 0.45469099283218384 0.10764899849891663 0.13547399640083313
2 0.9724019765853882 0.6561239957809448 0.05344700068235397 0.11654599756002426
1 0.2369990050792694 0.8805739879608154 0.06860999763011932 0.10394199937582016
2 0.9186350107192993 0.11849699914455414 0.11161299794912338 0.14475999772548676
1 0.7266799807548523 0.3029339909553528 0.11421699821949005 0.14510799944400787
2 0.951475977897644 0.24733500182628632 0.09704899787902832 0.1296370029449463
2 0.9552860260009766 0.879492998123169 0.08942899852991104 0.11578100174665451
1 0.30323898792266846 0.881866991519928 0.0947749987244606 0.12789200246334076
2 0.9695659875869751 0.4346199929714203 0.060867998749017715 0.12990300357341766
1 0.3451310098171234 0.9627490043640137 0.10554400086402893 0.07444600015878677
2 0.527508020401001 0.9540370106697083 0.08416000008583069 0.0919250026345253
2 0.7243409752845764 0.3055570125579834 0.11291100084781647 0.13395999372005463
1 0.6599439978599548 0.9701409935951233 0.09989699721336365 0.05381099879741669
1 0.9508370161056519 0.24824699759483337 0.09832599759101868 0.12791499495506287
1 0.969760000705719 0.4331740140914917 0.05993400141596794 0.12527799606323242
1 0.06864199787378311 0.9833530187606812 0.11431899666786194 0.03329399973154068
2 0.4030250012874603 0.8579540252685547 0.10120599716901779 0.12616300582885742
2 0.2083349972963333 0.8087790012359619 0.051026999950408936 0.06444600224494934
