0 0.6471350193023682 0.7198359966278076 0.08893699944019318 0.1120309978723526
0 0.891635000705719 0.6217319965362549 0.0981609970331192 0.1322139948606491
0 0.5814170241355896 0.3443709909915924 0.08940999954938889 0.1123720034956932
0 0.0605660006403923 0.6695809960365295 0.07996200025081635 0.10138099640607834
0 0.9678699970245361 0.6692299842834473 0.06408800184726715 0.10078000277280807
0 0.5924990177154541 0.5066829919815063 0.07969500124454498 0.09559500217437744
0 0.023466000333428383 0.7707669734954834 0.04693099856376648 0.08889900147914886
0 0.5911279916763306 0.9496849775314331 0.07725799828767776 0.10063000023365021
0 0.5225359797477722 0.9536100029945374 0.07754600048065186 0.09278000146150589
0 0.6912279725074768 0.2288849949836731 0.08496399968862534 0.11488299816846848
0 0.9628610014915466 0.576774001121521 0.06858199834823608 0.12703999876976013
0 0.5664340257644653 0.6899120211601257 0.07999400049448013 0.10726699978113174
0 0.8099290132522583 0.7004010081291199 0.07726400345563889 0.09933499991893768
0 0.5325440168380737 0.6715329885482788 0.08496099710464478 0.10553699731826782
2 0.7388010025024414 0.5737580060958862 0.06551700085401535 0.09570900350809097
1 0.8892750144004822 0.2769779860973358 0.07077299803495407 0.10611800104379654
1 0.6150540113449097 0.24704499542713165 0.06720999628305435 0.11675000190734863
0 0.7882639765739441 0.26482298970222473 0.12281700223684311 0.17845399677753448
0 0.8647210001945496 0.11786100268363953 0.09322799742221832 0.1591929942369461
0 0.16562800109386444 0.03349300101399422 0.09111800044775009 0.0668099969625473
1 0.2370460033416748 0.0635249987244606 0.08822300285100937 0.1054299995303154
0 0.6287410259246826 0.07245299965143204 0.11719799786806107 0.1313830018043518
