0 0.5613970160484314 0.4763669967651367 0.06734800338745117 0.08371800184249878
2 0.43529099225997925 0.861611008644104 0.06983699649572372 0.09662000089883804
0 0.06984400004148483 0.5529639720916748 0.06841599941253662 0.0901620015501976
2 0.37230798602104187 0.8444169759750366 0.05932199954986572 0.08471400290727615
0 0.10920300334692001 0.8368039727210999 0.07749000191688538 0.09875500202178955
0 0.13317100703716278 0.34472501277923584 0.04559500142931938 0.058750998228788376
0 0.1949629932641983 0.690060019493103 0.07374700158834457 0.08692900091409683
2 0.45321398973464966 0.7766029834747314 0.0559689998626709 0.07606399804353714
2 0.5293740034103394 0.4113039970397949 0.0677260011434555 0.0932610034942627
0 0.08743900060653687 0.7200559973716736 0.08489800244569778 0.08399000018835068
2 0.5470870137214661 0.324521005153656 0.07175099849700928 0.09592500329017639
0 0.015262999571859837 0.9117180109024048 0.029580000787973404 0.06611700356006622
1 0.36277899146080017 0.6576809883117676 0.06790799647569656 0.09272100031375885
2 0.6253550052642822 0.39791399240493774 0.0750960037112236 0.09699500352144241
2 0.36319100856781006 0.6586980223655701 0.07115200161933899 0.0953110009431839
