2 0.6524800062179565 0.5845109820365906 0.09002900123596191 0.11319900304079056
2 0.23186899721622467 0.9441400170326233 0.08685100078582764 0.1117200031876564
2 0.024512000381946564 0.6214410066604614 0.0487230010330677 0.10039500147104263
1 0.46209201216697693 0.08991300314664841 0.10103999823331833 0.12620599567890167
1 0.5769450068473816 0.21359600126743317 0.09431499987840652 0.11727999895811081
2 0.32425498962402344 0.9463729858398438 0.10397300124168396 0.10725300014019012
1 0.6335489749908447 0.4662669897079468 0.08321099728345871 0.11029800027608871
1 0.3190929889678955 0.29495999217033386 0.1034339964389801 0.12953700125217438
1 0.7092379927635193 0.4157789945602417 0.09386099874973297 0.11274199932813644
2 0.1163330003619194 0.8590229749679565 0.0776429995894432 0.12241300195455551
2 0.033218998461961746 0.8876150250434875 0.0657460018992424 0.1014230027794838
2 0.3632180094718933 0.4257209897041321 0.0985570028424263 0.1251630038022995
2 0.5319679975509644 0.3884330093860626 0.10307999700307846 0.11799400299787521
2 0.37226200103759766 0.0754690021276474 0.10050500184297562 0.13293300569057465
1 0.6711530089378357 0.8176519870758057 0.08424100279808044 0.11757799983024597
1 0.36396101117134094 0.4276520013809204 0.09216099977493286 0.12864600121974945
1 0.36941200494766235 0.07653000205755234 0.09991999715566635 0.12859299778938293
2 0.46279799938201904 0.08764900267124176 0.09870699793100357 0.12759199738502502
1 0.6114220023155212 0.3678340017795563 0.0904730036854744 0.10562200099229813
2 0.04929399862885475 0.9618930220603943 0.09715799987316132 0.076214998960495
1 0.7224379777908325 0.02811400033533573 0.10536900162696838 0.053734999150037766
