0 0.8295069932937622 0.6820870041847229 0.07959699630737305 0.09843800216913223
0 0.8908270001411438 0.47495999932289124 0.07218900322914124 0.09647099673748016
0 0.08038300275802612 0.5340679883956909 0.12297700345516205 0.1492519974708557
0 0.8529959917068481 0.5679450035095215 0.07858400046825409 0.0967710018157959
0 0.15950800478458405 0.8849310278892517 0.11021900177001953 0.142425999045372
0 0.6540780067443848 0.6349049806594849 0.09785299748182297 0.12077099829912186
0 0.22314900159835815 0.746317982673645 0.11860000342130661 0.1392029970884323
0 0.5656980276107788 0.6406400203704834 0.08988499641418457 0.12509000301361084
0 0.19388599693775177 0.5070229768753052 0.12540000677108765 0.14370200037956238
0 0.3304640054702759 0.7497050166130066 0.11083599925041199 0.13638199865818024
0 0.9662579894065857 0.0296580009162426 0.06658399850130081 0.05931700021028519
0 0.7823330163955688 0.03852200135588646 0.06971599906682968 0.07538300007581711
0 0.3628450036048889 0.97428297996521 0.11192899942398071 0.05143500119447708
0 0.34897199273109436 0.9694589972496033 0.1237730011343956 0.05920099839568138
0 0.5833780169487 0.49797001481056213 0.12464699894189835 0.12942400574684143
