0 0.821636974811554 0.12104900181293488 0.08037800341844559 0.09752599895000458
0 0.619346022605896 0.9172710180282593 0.07199899852275848 0.0899989977478981
0 0.2504799962043762 0.7252470254898071 0.06453099846839905 0.07770700007677078
0 0.6726740002632141 0.8063349723815918 0.06911999732255936 0.0870010033249855
0 0.6771439909934998 0.1644359976053238 0.07603199779987335 0.09524799883365631
0 0.21870799362659454 0.7813050150871277 0.07188200205564499 0.08834800124168396
0 0.24097099900245667 0.8685190081596375 0.06668099761009216 0.08419899642467499
0 0.5859019756317139 0.8171989917755127 0.07343599945306778 0.09151200205087662
0 0.7205110192298889 0.3246549963951111 0.0822639986872673 0.09369699656963348
0 0.25832599401474 0.6542209982872009 0.06969700008630753 0.08256100118160248
0 0.12875600159168243 0.2220029979944229 0.08844900131225586 0.11383900046348572
0 0.7181879878044128 0.676518976688385 0.0737759992480278 0.09018599987030029
0 0.8849779963493347 0.2609289884567261 0.06545399874448776 0.07740899920463562
0 0.8146179914474487 0.2617979943752289 0.07528000324964523 0.09118299931287766
0 0.15084700286388397 0.7560179829597473 0.060325998812913895 0.09546399861574173
0 0.5316060185432434 0.7441189885139465 0.0688759982585907 0.08634000271558762
0 0.8218240141868591 0.39384400844573975 0.07531499862670898 0.08179499953985214
0 0.7522670030593872 0.4440250098705292 0.07176700234413147 0.09434100240468979
0 0.7489929795265198 0.24741700291633606 0.07491300255060196 0.09218399971723557
0 0.7254589796066284 0.12077599763870239 0.06684699654579163 0.09724400192499161
0 0.15865199267864227 0.9874870181083679 0.07735700160264969 0.025025999173521996
0 0.1796330064535141 0.9140620231628418 0.06539399921894073 0.09085100144147873
0 0.1679680049419403 0.9856640100479126 0.09090100228786469 0.028672000393271446
0 0.6472529768943787 0.6797969937324524 0.06135199964046478 0.0771310031414032
0 0.1829890012741089 0.9866430163383484 0.08635299652814865 0.02671400085091591
