2 0.19995899498462677 0.7735909819602966 0.10552500188350677 0.13308300077915192
2 0.8334469795227051 0.9421619772911072 0.10148400068283081 0.11567600071430206
0 0.1487549990415573 0.1345120072364807 0.11181800067424774 0.1322910040616989
2 0.5521389842033386 0.7884520292282104 0.12036599963903427 0.11483500152826309
2 0.016253000125288963 0.6674680113792419 0.03250499814748764 0.08273100107908249
0 0.681115984916687 0.8685020208358765 0.13947899639606476 0.1893319934606552
2 0.9223340153694153 0.5587450265884399 0.051816001534461975 0.11233200132846832
2 0.01837499998509884 0.5201129913330078 0.03674999997019768 0.08246400207281113
2 0.5575720071792603 0.8078789710998535 0.11074099689722061 0.1596750020980835
2 0.3040449917316437 0.7727310061454773 0.0839100033044815 0.16054600477218628
2 0.39642098546028137 0.8226370215415955 0.13146600127220154 0.16677699983119965
0 0.7046890258789062 0.2374269962310791 0.1398649960756302 0.1533219963312149
2 0.3058669865131378 0.7948979735374451 0.08982100337743759 0.11589299887418747
2 0.735450029373169 0.6466460227966309 0.14389899373054504 0.17275099456310272
0 0.3966209888458252 0.825797975063324 0.13508200645446777 0.16372300684452057
2 0.917261004447937 0.27848199009895325 0.0668409988284111 0.09774500131607056
