2 0.6457340121269226 0.3636760115623474 0.07737100124359131 0.09659499675035477
2 0.8773890137672424 0.4306429922580719 0.07614400237798691 0.09196099638938904
2 0.7540820240974426 0.042068000882864 0.08239399641752243 0.08398900181055069
1 0.8320279717445374 0.3076219856739044 0.07594600319862366 0.09954900294542313
2 0.21386100351810455 0.9490010142326355 0.07372300326824188 0.09315100312232971
1 0.753832995891571 0.2137639969587326 0.07191099971532822 0.08690200001001358
1 0.7743430137634277 0.29866400361061096 0.07031600177288055 0.09436000138521194
1 0.9652299880981445 0.18453800678253174 0.06954000145196915 0.07550100237131119
2 0.7750769853591919 0.29801300168037415 0.06735000014305115 0.09180399775505066
2 0.8327320218086243 0.306535005569458 0.07453999668359756 0.10471499711275101
2 0.7322180271148682 0.09336700290441513 0.07532999664545059 0.08295200020074844
2 0.7537980079650879 0.215146005153656 0.07554200291633606 0.0861319974064827
1 0.685712993144989 0.023886000737547874 0.0813559964299202 0.04543900117278099
2 0.6853520274162292 0.02457600086927414 0.07540100067853928 0.04915200173854828
