0 0.3209719955921173 0.13512100279331207 0.08119100332260132 0.10397599637508392
0 0.13652199506759644 0.49359598755836487 0.07653400301933289 0.09468799829483032
0 0.971697986125946 0.5504819750785828 0.056602999567985535 0.09206400066614151
0 0.2511650025844574 0.5546209812164307 0.07050599902868271 0.10094299912452698
0 0.019801000133156776 0.34330201148986816 0.03955800086259842 0.07392200082540512
0 0.389614999294281 0.16450099647045135 0.08006799966096878 0.10779599845409393
0 0.5373899936676025 0.35800600051879883 0.08181700110435486 0.09520000219345093
0 0.5876380205154419 0.3916420042514801 0.060488998889923096 0.0763619989156723
2 0.303864985704422 0.3260740041732788 0.07747899740934372 0.09910000115633011
0 0.02559800073504448 0.20402100682258606 0.0497639998793602 0.10138099640607834
2 0.05564500018954277 0.4815869927406311 0.07296700030565262 0.09207099676132202
2 0.19215400516986847 0.5290449857711792 0.07830599695444107 0.09741000086069107
0 0.43333899974823 0.04142799973487854 0.07983099669218063 0.0826679989695549
0 0.9298359751701355 0.454569011926651 0.07689700275659561 0.09612999856472015
2 0.28238001465797424 0.22431300580501556 0.0712599977850914 0.09634499996900558
0 0.09884099662303925 0.5478389859199524 0.06918799877166748 0.09154900163412094
2 0.29885199666023254 0.9320160150527954 0.06468400359153748 0.09109099954366684
