2 0.9377740025520325 0.14177100360393524 0.050857000052928925 0.0646430030465126
2 0.9815790057182312 0.032520998269319534 0.036841001361608505 0.06504099816083908
2 0.3019520044326782 0.08339399844408035 0.04810599982738495 0.06119399890303612
2 0.47961100935935974 0.25552499294281006 0.04793500155210495 0.06354600191116333
2 0.12117800116539001 0.025047000497579575 0.04464799910783768 0.05009299889206886
2 0.5926939845085144 0.3700009882450104 0.05016300082206726 0.06266800314188004
2 0.08613300323486328 0.028163999319076538 0.04117399826645851 0.05032400041818619
2 0.5586069822311401 0.24890799820423126 0.04314599931240082 0.05567200109362602
2 0.9351909756660461 0.027222000062465668 0.05197099968791008 0.05444499850273132
2 0.4749560058116913 0.1373710036277771 0.04396500065922737 0.06085599958896637
2 0.29680898785591125 0.16854099929332733 0.04492900148034096 0.053481001406908035
2 0.521731972694397 0.08502200245857239 0.04233900085091591 0.06441699713468552
2 0.5997430086135864 0.17709100246429443 0.04399200156331062 0.05799800157546997
2 0.053644999861717224 0.013384999707341194 0.05373400077223778 0.02560500055551529
2 0.5748270153999329 0.14196300506591797 0.04439299926161766 0.05963899940252304
2 0.6896489858627319 0.06234600022435188 0.04704400151968002 0.059957001358270645
2 0.48705700039863586 0.011323000304400921 0.05893599987030029 0.022185999900102615
2 0.5354040265083313 0.14680500328540802 0.04834499955177307 0.06536699831485748
2 0.5591549873352051 0.07144899666309357 0.056728001683950424 0.07045099884271622
