0 0.22022399306297302 0.7594559788703918 0.05800300091505051 0.075825996696949
0 0.9435089826583862 0.25869399309158325 0.060864999890327454 0.07231699675321579
2 0.23505599796772003 0.09567999839782715 0.07274699956178665 0.09569399803876877
0 0.28939399123191833 0.7504760026931763 0.06690400093793869 0.07750999927520752
0 0.15943099558353424 0.7556179761886597 0.06523100286722183 0.08192399889230728
0 0.9711779952049255 0.6938940286636353 0.03989800065755844 0.04295099899172783
0 0.8626049757003784 0.6900209784507751 0.05379699915647507 0.06903000175952911
0 0.15903699398040771 0.5669230222702026 0.0703430026769638 0.08233500272035599
2 0.47029900550842285 0.24564599990844727 0.07160399854183197 0.09034500271081924
0 0.09261199831962585 0.8417530059814453 0.07547499984502792 0.0972450003027916
0 0.9482979774475098 0.658964991569519 0.042114000767469406 0.05673399940133095
0 0.23526600003242493 0.4324420094490051 0.06628700345754623 0.0794920027256012
2 0.3483560085296631 0.1752369999885559 0.06337600201368332 0.08262000232934952
