0 0.25540000200271606 0.3304170072078705 0.07742200046777725 0.08926399797201157
0 0.4983159899711609 0.5580530166625977 0.07231800258159637 0.10055200010538101
0 0.5712100267410278 0.27704501152038574 0.07534299790859222 0.09833499789237976
1 0.4993779957294464 0.8088529706001282 0.0770070031285286 0.0977649986743927
1 0.8191480040550232 0.9240620136260986 0.07547300308942795 0.0914819985628128
0 0.9623559713363647 0.32078999280929565 0.07528799772262573 0.1114950031042099
1 0.7441580295562744 0.5691869854927063 0.08361800014972687 0.11292800307273865
1 0.5269230008125305 0.9278389811515808 0.08557900041341782 0.10833600163459778
0 0.9900069832801819 0.7162330150604248 0.019984999671578407 0.11354999989271164
2 0.744234025478363 0.5676689743995667 0.08092200011014938 0.10989999771118164
0 0.986162006855011 0.7180050015449524 0.02767699956893921 0.118927001953125
0 0.4525899887084961 0.523714005947113 0.061073001474142075 0.08292700350284576
