2 0.21634100377559662 0.44071799516677856 0.06746699661016464 0.09194999933242798
2 0.550728976726532 0.513276994228363 0.06676200032234192 0.09355799853801727
2 0.28106701374053955 0.46938300132751465 0.0656299963593483 0.11828400194644928
2 0.500154972076416 0.5929470062255859 0.07687900215387344 0.0922740027308464
2 0.23344899713993073 0.1665779948234558 0.08109399676322937 0.11185000091791153
2 0.3151229918003082 0.371271014213562 0.07126700133085251 0.095551997423172
2 0.2396250069141388 0.33365899324417114 0.06346400082111359 0.08952700346708298
2 0.6028509736061096 0.6990399956703186 0.07935299724340439 0.09773000329732895
2 0.04535600170493126 0.16903699934482574 0.08431199938058853 0.10772600024938583
1 0.23454800248146057 0.1680939942598343 0.0835999995470047 0.11049400269985199
0 0.04430200159549713 0.16868199408054352 0.08222399652004242 0.10589200258255005
1 0.3078779876232147 0.25965800881385803 0.11813200265169144 0.09877199679613113
1 0.2826170027256012 0.12244699895381927 0.06369999796152115 0.08548499643802643
2 0.1634809970855713 0.11875399947166443 0.08010099828243256 0.1125119999051094
