2 0.5541880130767822 0.7853459715843201 0.08375299721956253 0.11098799854516983
2 0.4831779897212982 0.6591079831123352 0.06768099963665009 0.09524799883365631
2 0.3372890055179596 0.7181959748268127 0.05862199887633324 0.06946899741888046
2 0.4180769920349121 0.7116829752922058 0.07395300269126892 0.0880580022931099
2 0.36517098546028137 0.9089930057525635 0.047871001064777374 0.05804099887609482
2 0.32155299186706543 0.8815889954566956 0.04559599980711937 0.059452999383211136
1 0.4154230058193207 0.40542998909950256 0.049118999391794205 0.054976001381874084
2 0.4168719947338104 0.8591430187225342 0.05458899959921837 0.07812000066041946
2 0.6875640153884888 0.19097700715065002 0.049431998282670975 0.05960699915885925
2 0.4136529862880707 0.870693027973175 0.05573299899697304 0.078964002430439
2 0.4009380042552948 0.9623960256576538 0.03882899880409241 0.054478999227285385
2 0.43862301111221313 0.9538339972496033 0.043939001858234406 0.055748000741004944
