0 0.397484 0.065837 0.057068 0.077561
0 0.303886 0.287983 0.055839 0.070862
0 0.642603 0.304643 0.056418 0.076494
0 0.195984 0.597447 0.062380 0.077523
0 0.777900 0.342463 0.044346 0.058010
0 0.246571 0.266748 0.057128 0.073481
0 0.325838 0.152681 0.062583 0.075603
0 0.268054 0.600648 0.048722 0.071102
0 0.735453 0.309821 0.040090 0.055778
0 0.160505 0.476017 0.054230 0.068106
0 0.429094 0.210077 0.059014 0.077630
0 0.532932 0.421038 0.050634 0.070067
0 0.429885 0.034041 0.058776 0.067593
0 0.264887 0.085753 0.055632 0.071033
0 0.085422 0.191840 0.043150 0.062294
0 0.042920 0.163467 0.045025 0.061706
0 0.501712 0.297746 0.058706 0.072636
0 0.330677 0.204650 0.069687 0.077619
0 0.374579 0.137423 0.051636 0.076700
0 0.519035 0.190475 0.050249 0.065151
0 0.912052 0.291981 0.040733 0.062188
0 0.682292 0.344603 0.037615 0.060973
0 0.176325 0.654014 0.051490 0.066089
0 0.278929 0.231512 0.043583 0.048003
0 0.466844 0.196774 0.045921 0.078866
0 0.297787 0.131445 0.044828 0.069729
0 0.157156 0.328832 0.055445 0.074898
0 0.690034 0.319437 0.039200 0.061404
0 0.023225 0.589659 0.046449 0.062044
0 0.085508 0.121297 0.044930 0.055262
0 0.561550 0.537183 0.031002 0.049954
0 0.366195 0.291375 0.053160 0.072567
0 0.307689 0.012618 0.047450 0.025236
0 0.102991 0.562004 0.041725 0.050284
0 0.627436 0.570876 0.036215 0.044478
0 0.688083 0.328511 0.040629 0.074076
0 0.422717 0.016658 0.063025 0.031831
0 0.318533 0.207301 0.050173 0.071983
0 0.725547 0.059687 0.032914 0.040215
0 0.743927 0.204850 0.040464 0.054644