0 0.744705 0.544845 0.086964 0.108337
0 0.838330 0.485101 0.087620 0.110472
0 0.380812 0.065565 0.072407 0.092201
0 0.477239 0.796468 0.077939 0.099085
0 0.551899 0.539922 0.082693 0.096158
0 0.719633 0.724937 0.065562 0.081539
1 0.072518 0.810436 0.076485 0.096037
0 0.208247 0.101827 0.061657 0.080582
1 0.095899 0.658778 0.077176 0.103957
1 0.409988 0.812091 0.061593 0.094361
1 0.019539 0.833731 0.038019 0.102989
0 0.050634 0.143709 0.076629 0.103124
0 0.698438 0.976496 0.075155 0.047009
1 0.376859 0.613657 0.071867 0.090120
0 0.535028 0.964764 0.053314 0.070472
1 0.042403 0.598678 0.079071 0.101870
1 0.024379 0.511407 0.048758 0.080835
1 0.151889 0.903409 0.075657 0.095084
1 0.219656 0.809122 0.067715 0.089643
0 0.858551 0.987111 0.071825 0.025770
0 0.493674 0.878595 0.082473 0.098730
1 0.059696 0.731295 0.063980 0.072358
1 0.347962 0.840707 0.072518 0.094047
0 0.348060 0.838858 0.068846 0.094113
1 0.214611 0.738426 0.065666 0.071862
1 0.357007 0.915928 0.059111 0.077151
0 0.436461 0.735193 0.059183 0.080874
0 0.180827 0.971100 0.071092 0.057801
0 0.150949 0.906183 0.074742 0.093817
1 0.360691 0.706702 0.071566 0.090033
0 0.467874 0.957031 0.071936 0.085938
1 0.322600 0.969423 0.075723 0.061154
1 0.467377 0.956899 0.071939 0.086202
1 0.016055 0.597646 0.032110 0.098372
0 0.865901 0.984383 0.083955 0.030375
1 0.024139 0.599315 0.048277 0.105361