0 0.400964 0.548388 0.081990 0.107857
0 0.684199 0.430269 0.079302 0.097443
0 0.788081 0.518407 0.079775 0.109860
0 0.587038 0.483959 0.089523 0.106787
0 0.250786 0.759907 0.087378 0.114959
0 0.638832 0.338232 0.083037 0.112388
0 0.484594 0.325647 0.074288 0.102217
0 0.953689 0.418206 0.064476 0.080128
0 0.488962 0.610350 0.065864 0.102141
0 0.608893 0.560558 0.081892 0.096531
0 0.064449 0.641931 0.064649 0.078294
0 0.703842 0.529951 0.090439 0.115703
0 0.230562 0.918251 0.087727 0.110230
0 0.393099 0.445061 0.075001 0.097330
0 0.423685 0.348211 0.065589 0.100284
0 0.518102 0.536848 0.059045 0.085144
0 0.171814 0.686276 0.075500 0.105759
0 0.832906 0.295480 0.059791 0.084588
0 0.897621 0.284564 0.062091 0.091214
0 0.325789 0.426599 0.064310 0.099363
0 0.064431 0.520411 0.090644 0.095900
0 0.286101 0.469952 0.062251 0.084615
0 0.234941 0.561665 0.065523 0.093634
0 0.534511 0.224121 0.089837 0.105958
0 0.500663 0.139038 0.051814 0.089415
0 0.136264 0.492899 0.052518 0.091513
0 0.228284 0.423646 0.079599 0.115239
0 0.661847 0.614386 0.076632 0.116432
0 0.552868 0.115842 0.073928 0.105278
0 0.028587 0.718495 0.053691 0.073385
0 0.285561 0.965314 0.064533 0.069372
0 0.868722 0.355794 0.053562 0.062606
0 0.569469 0.885890 0.056287 0.076886
0 0.278590 0.401706 0.046486 0.072334
0 0.641281 0.489142 0.049623 0.096212
0 0.541529 0.121799 0.097525 0.121855
0 0.081338 0.816717 0.052520 0.069716
0 0.075144 0.706117 0.058371 0.068493
0 0.015135 0.805024 0.029906 0.084778
0 0.128746 0.658450 0.040639 0.068726
0 0.016360 0.633670 0.032445 0.075185
0 0.317571 0.542160 0.053206 0.086674
0 0.075857 0.515951 0.072406 0.094790
0 0.180080 0.406731 0.030463 0.069495
0 0.865874 0.298550 0.057858 0.082341
0 0.178128 0.538417 0.059136 0.088880
0 0.304742 0.706763 0.050026 0.082866
0 0.554431 0.612657 0.054145 0.074743
0 0.855036 0.298429 0.071496 0.084267
0 0.180282 0.717946 0.065641 0.092251
0 0.533882 0.163934 0.103211 0.055522