0 0.951643 0.858517 0.053561 0.069504
0 0.147298 0.132826 0.073353 0.086670
0 0.178795 0.671296 0.064572 0.077115
0 0.821256 0.540444 0.048932 0.064113
0 0.148451 0.422575 0.067028 0.082690
0 0.249739 0.886508 0.047713 0.073504
0 0.987272 0.223158 0.025457 0.059085
0 0.938267 0.956665 0.038166 0.055623
0 0.323516 0.750656 0.048754 0.066565
0 0.796580 0.415787 0.037653 0.050663
0 0.974063 0.068864 0.034525 0.043863
0 0.965706 0.295736 0.036506 0.048983
0 0.303245 0.116472 0.065090 0.083160
0 0.825398 0.447879 0.038730 0.056660
0 0.283748 0.214132 0.051062 0.072835
0 0.989377 0.453767 0.021245 0.058381
0 0.861581 0.537029 0.039117 0.053341
0 0.969518 0.389780 0.033129 0.043128
0 0.946443 0.457194 0.033260 0.044928
0 0.968172 0.568580 0.037739 0.046828
0 0.348487 0.823249 0.036721 0.059827
0 0.379245 0.857273 0.039649 0.058487
0 0.766324 0.045247 0.030309 0.040252
0 0.952633 0.155230 0.032994 0.040348
0 0.094393 0.626616 0.046609 0.082398
0 0.749246 0.067571 0.032189 0.038756
0 0.763265 0.012605 0.040157 0.025210
0 0.122741 0.582456 0.042784 0.073876
0 0.899305 0.536303 0.036472 0.049713
0 0.983437 0.627558 0.030303 0.040267
0 0.880872 0.466740 0.030581 0.043312
0 0.239685 0.483900 0.064813 0.078270
0 0.231716 0.594655 0.061491 0.075552
0 0.184522 0.529694 0.067744 0.086832
0 0.930941 0.606811 0.039377 0.046175
0 0.898002 0.619785 0.033591 0.043142
0 0.226095 0.909903 0.036003 0.062799
0 0.800447 0.146931 0.039706 0.041917
1 0.184939 0.532578 0.065690 0.088505
0 0.521239 0.329325 0.028708 0.045866
0 0.793516 0.144826 0.043682 0.041991
1 0.215182 0.368709 0.042796 0.065238
0 0.214924 0.370072 0.041694 0.069863