2 0.812019 0.564437 0.084723 0.122714
2 0.825694 0.072151 0.097691 0.134764
2 0.722876 0.472326 0.101725 0.134000
2 0.676716 0.178626 0.105578 0.141442
2 0.724071 0.734736 0.093737 0.131033
2 0.653477 0.397201 0.085908 0.124669
2 0.311740 0.736732 0.092960 0.137136
2 0.110060 0.851587 0.109751 0.155684
2 0.860137 0.657756 0.073828 0.109436
2 0.552975 0.056880 0.095455 0.110047
2 0.796569 0.692330 0.078632 0.091665
2 0.161990 0.591810 0.090776 0.118139
2 0.324246 0.043756 0.090123 0.087511
2 0.402113 0.745031 0.118678 0.147147
1 0.736954 0.025384 0.107002 0.047357