2 0.499610 0.406177 0.058221 0.072435
2 0.384005 0.803133 0.048949 0.072316
2 0.156564 0.738816 0.051794 0.070913
2 0.285149 0.571326 0.057444 0.069727
2 0.359241 0.696325 0.049751 0.069780
2 0.300997 0.734414 0.053394 0.075051
2 0.462928 0.639401 0.052833 0.076934
2 0.861684 0.716642 0.070083 0.091493
2 0.332760 0.859980 0.050851 0.071968
2 0.065858 0.519299 0.050394 0.070860
2 0.409571 0.649932 0.049051 0.064371
2 0.086535 0.585685 0.048492 0.069093
2 0.242503 0.726245 0.046059 0.067221
2 0.460716 0.740154 0.057269 0.071473
2 0.410653 0.319902 0.055136 0.073294
2 0.395871 0.733807 0.056106 0.074148
2 0.951520 0.961964 0.064603 0.076072
2 0.204712 0.539973 0.049737 0.068798
2 0.625613 0.073880 0.036948 0.040964
2 0.178184 0.461408 0.059998 0.065589