0 0.909821 0.729561 0.066158 0.089973
0 0.876359 0.952299 0.068194 0.088304
0 0.800755 0.919292 0.070477 0.090029
0 0.450451 0.144291 0.042440 0.054319
0 0.930748 0.644978 0.075177 0.096173
0 0.312375 0.062428 0.043878 0.055551
0 0.816965 0.760258 0.075533 0.091839
0 0.270609 0.040731 0.044979 0.059608
0 0.970011 0.724652 0.055333 0.095497
0 0.232935 0.077545 0.043933 0.056413
0 0.251685 0.209020 0.039614 0.052812
0 0.896875 0.415759 0.056891 0.081566
0 0.275154 0.103016 0.045091 0.055194
0 0.166574 0.200948 0.040110 0.050297
0 0.978169 0.608723 0.042828 0.112936
0 0.981973 0.608961 0.033969 0.093673
0 0.267751 0.169385 0.040984 0.052142
0 0.428457 0.181687 0.038424 0.042309
0 0.175399 0.166185 0.037438 0.043052
0 0.878304 0.808904 0.062983 0.092050
0 0.231919 0.166854 0.039112 0.049755
0 0.591603 0.246569 0.030848 0.037813
0 0.409168 0.216177 0.033564 0.047936
0 0.252850 0.023146 0.035223 0.044719
0 0.408718 0.067629 0.037340 0.048370
0 0.324323 0.138028 0.043107 0.054509
0 0.370086 0.307618 0.041398 0.055103
0 0.262181 0.032761 0.046600 0.058841