0 0.669281 0.663170 0.062672 0.078953
0 0.643117 0.597717 0.055376 0.063738
0 0.887798 0.312612 0.035378 0.045998
2 0.158811 0.788433 0.088900 0.119156
1 0.047235 0.417133 0.094470 0.124292
1 0.285263 0.562084 0.085509 0.111802
1 0.346179 0.692339 0.078739 0.103536
1 0.164145 0.051573 0.091565 0.103146
1 0.282354 0.370315 0.064859 0.088986
0 0.712046 0.733034 0.062601 0.079192
2 0.428565 0.751432 0.083047 0.112835
1 0.379429 0.598009 0.075369 0.101879
0 0.844230 0.338124 0.039561 0.053407
1 0.515453 0.167538 0.065055 0.082002
1 0.248270 0.719984 0.089332 0.113396
1 0.386506 0.277921 0.083544 0.088688
0 0.737337 0.087976 0.041654 0.055519
1 0.174140 0.478808 0.065683 0.076627
1 0.429211 0.407212 0.070396 0.107673
1 0.364434 0.379371 0.081938 0.117558
1 0.226300 0.415198 0.055128 0.072981
1 0.383536 0.035011 0.083784 0.069088
1 0.037140 0.749776 0.074280 0.134501
1 0.572249 0.268400 0.052453 0.076728
1 0.764750 0.972213 0.051656 0.054058
1 0.025608 0.170724 0.051217 0.106388
1 0.755825 0.892060 0.045661 0.059207
2 0.179877 0.585994 0.102218 0.127781
0 0.713255 0.494548 0.040912 0.057805
2 0.094892 0.954428 0.080864 0.091143
1 0.092818 0.955317 0.081047 0.089367
0 0.852580 0.015402 0.031138 0.030534
1 0.180030 0.584778 0.101509 0.132791
2 0.811864 0.535043 0.042929 0.055445
1 0.156752 0.981291 0.085035 0.033382
1 0.008009 0.582639 0.016019 0.110896
1 0.565173 0.123266 0.053895 0.052813
1 0.305919 0.502006 0.067772 0.057854
1 0.849850 0.563549 0.039981 0.046034