0 0.593437 0.225637 0.102605 0.123344
0 0.485898 0.498217 0.094581 0.111352
0 0.349850 0.162148 0.098018 0.122576
0 0.414894 0.246665 0.083346 0.114051
0 0.791623 0.173533 0.073114 0.101453
0 0.512008 0.393690 0.096949 0.111506
0 0.615027 0.710510 0.069759 0.085393
0 0.937235 0.319298 0.060379 0.085199
0 0.706220 0.141726 0.099437 0.122906
0 0.674252 0.309771 0.084068 0.110172
0 0.505723 0.223200 0.086395 0.119153
0 0.304832 0.035614 0.089090 0.067875
0 0.852947 0.732012 0.058470 0.077194
0 0.631235 0.091925 0.097474 0.118674
0 0.591197 0.326318 0.075714 0.093782
0 0.815971 0.612692 0.051702 0.068875
0 0.202870 0.962441 0.070972 0.075118
0 0.081636 0.970479 0.071453 0.058417
0 0.836935 0.489160 0.055273 0.075925
0 0.974858 0.302619 0.041611 0.085326
0 0.776045 0.524432 0.040689 0.067267
0 0.076501 0.197585 0.040863 0.054547
0 0.167515 0.900007 0.067711 0.077307
0 0.989353 0.199201 0.021294 0.068542
0 0.799866 0.479640 0.038288 0.084549