0 0.174680 0.092675 0.087035 0.105873
0 0.393261 0.236445 0.076166 0.102195
0 0.175556 0.593622 0.081536 0.101977
0 0.094946 0.712834 0.073685 0.094917
0 0.286879 0.463090 0.078874 0.100277
0 0.342920 0.395133 0.076671 0.103772
0 0.338594 0.656371 0.083431 0.115892
0 0.705147 0.063397 0.067671 0.080214
0 0.168917 0.740727 0.073157 0.096123
0 0.767933 0.920193 0.051041 0.070309
0 0.926974 0.656983 0.053479 0.068486
0 0.710273 0.664753 0.063658 0.082318
0 0.259545 0.342542 0.082525 0.104714
0 0.674768 0.722135 0.053155 0.072952
0 0.174385 0.350598 0.070919 0.109389
0 0.400652 0.612999 0.065105 0.098222
0 0.594315 0.782525 0.054015 0.079068
0 0.735208 0.623141 0.048920 0.060556
0 0.793749 0.657981 0.051925 0.066415
0 0.377672 0.320358 0.075162 0.093608
0 0.263390 0.550665 0.079764 0.091236
0 0.483345 0.510606 0.053966 0.081242
0 0.537731 0.529540 0.060662 0.079061
0 0.886513 0.587597 0.052567 0.069651
0 0.428502 0.784824 0.083084 0.107364
0 0.123748 0.484824 0.067167 0.084463
0 0.748691 0.769741 0.055299 0.070745
0 0.643968 0.775265 0.046840 0.077925
0 0.325650 0.224963 0.070491 0.098180
0 0.913492 0.318853 0.044188 0.057926
0 0.171110 0.524263 0.068012 0.072982
0 0.786258 0.318949 0.044468 0.062250
0 0.756777 0.334819 0.040267 0.054166
0 0.614135 0.037771 0.059317 0.071830
0 0.640078 0.924110 0.061880 0.079967
0 0.757803 0.014981 0.074277 0.029962
0 0.288970 0.818887 0.059793 0.076246
0 0.496602 0.674237 0.068269 0.090677
0 0.879154 0.278814 0.036674 0.061669
0 0.792943 0.877738 0.041436 0.057878
0 0.704577 0.930676 0.041802 0.070334
0 0.511412 0.675519 0.070687 0.088262
0 0.716862 0.880829 0.038808 0.057845
0 0.458673 0.642638 0.044195 0.068765
0 0.450955 0.568509 0.040948 0.088134
0 0.849766 0.202621 0.052647 0.066264
0 0.736053 0.950136 0.040962 0.052088
0 0.217063 0.636370 0.054651 0.096623
0 0.768650 0.980523 0.042396 0.038954
0 0.843338 0.579434 0.038223 0.060674
0 0.527524 0.673173 0.039958 0.083561
0 0.161618 0.653968 0.062386 0.076909
0 0.267391 0.744150 0.081754 0.106290