0 0.374994 0.177739 0.103965 0.126648
0 0.123040 0.103314 0.104541 0.127357
0 0.260101 0.459129 0.096492 0.118585
0 0.189210 0.195888 0.086949 0.117746
0 0.284851 0.176245 0.090514 0.121474
0 0.566360 0.139121 0.069231 0.098745
0 0.614189 0.696478 0.057100 0.075145
0 0.368486 0.284341 0.074849 0.094622
0 0.382975 0.676400 0.072006 0.089088
0 0.289731 0.352281 0.098929 0.113352
0 0.416883 0.054939 0.103019 0.102880
0 0.601455 0.457865 0.053215 0.074198
0 0.489170 0.101716 0.091278 0.125081
0 0.452411 0.270438 0.083047 0.112514
0 0.540611 0.489840 0.041930 0.066757
0 0.577666 0.579451 0.050792 0.065436
0 0.706500 0.288941 0.053240 0.077927
0 0.986831 0.865213 0.023102 0.038778
0 0.784386 0.162688 0.027151 0.040662
0 0.755464 0.179759 0.033962 0.056802
0 0.747621 0.270698 0.043205 0.073044
0 0.991399 0.906163 0.017203 0.040489
0 0.664695 0.284642 0.028013 0.051211