0 0.376333 0.778650 0.065379 0.089043
0 0.668155 0.372221 0.070167 0.090755
0 0.442527 0.809497 0.063515 0.085854
0 0.574638 0.571601 0.070100 0.094229
0 0.903940 0.142596 0.053537 0.072053
0 0.238469 0.095629 0.076391 0.098445
0 0.927406 0.034053 0.060722 0.065745
0 0.928933 0.663491 0.052505 0.069076
0 0.859407 0.207795 0.060626 0.073802
0 0.520017 0.814925 0.067808 0.087874
0 0.500467 0.237811 0.083323 0.097783
0 0.977046 0.733794 0.045770 0.069776
0 0.674726 0.863855 0.075047 0.091540
0 0.595030 0.739780 0.077103 0.096103
0 0.782356 0.787922 0.054243 0.073143
0 0.616764 0.509723 0.062775 0.089471
0 0.569235 0.469914 0.071149 0.095763
0 0.478453 0.685581 0.069527 0.094700
0 0.832651 0.745043 0.059583 0.077538
0 0.637969 0.699665 0.055807 0.082559
0 0.417085 0.725632 0.059299 0.070645
0 0.641164 0.442113 0.063788 0.074686
0 0.269395 0.834069 0.068878 0.095196
0 0.258053 0.988626 0.066379 0.022359
0 0.478874 0.465546 0.060739 0.094086
0 0.602674 0.356739 0.066868 0.082306
0 0.879887 0.075020 0.056846 0.084596
0 0.703131 0.620434 0.055407 0.077068
1 0.454547 0.623651 0.059186 0.075290
0 0.844821 0.704829 0.049759 0.060836
0 0.940755 0.389198 0.034151 0.053175
0 0.417824 0.572464 0.063670 0.081098
0 0.673321 0.748647 0.064985 0.076612
0 0.862174 0.727172 0.053047 0.066685
0 0.192502 0.686255 0.045658 0.060758
0 0.560603 0.105071 0.048446 0.057137
0 0.454648 0.626264 0.062834 0.081831
0 0.143009 0.642496 0.054070 0.079880
1 0.540193 0.645146 0.057140 0.078172
0 0.843036 0.715592 0.050970 0.078465
0 0.540324 0.645296 0.057091 0.076206
0 0.871395 0.728714 0.035909 0.061493
0 0.138964 0.633135 0.055963 0.084636