0 0.152283 0.586158 0.055058 0.062034
0 0.824288 0.566054 0.063379 0.080970
0 0.094148 0.305494 0.058847 0.074578
0 0.890058 0.819290 0.055443 0.073968
0 0.629994 0.467588 0.061549 0.077544
0 0.970766 0.091193 0.053760 0.064492
0 0.914581 0.054760 0.058517 0.069469
0 0.914112 0.951166 0.060627 0.076753
0 0.453117 0.252724 0.047131 0.055692
0 0.964369 0.664226 0.057694 0.076696
0 0.135567 0.651303 0.053094 0.068278
0 0.880607 0.741409 0.063828 0.080503
0 0.927170 0.770150 0.049113 0.076707
0 0.949607 0.720070 0.055199 0.061692
0 0.218947 0.510830 0.050933 0.065392
0 0.736714 0.972575 0.054370 0.054850
0 0.337702 0.517751 0.055086 0.072088
0 0.446066 0.306501 0.050598 0.062919
0 0.403406 0.315828 0.045412 0.066327
0 0.970159 0.150466 0.054067 0.071239
0 0.240660 0.018971 0.064803 0.037287
0 0.271166 0.400873 0.042768 0.062722
0 0.313323 0.425103 0.053877 0.065152
0 0.953914 0.928466 0.048459 0.072721
0 0.811076 0.913062 0.057050 0.083782
0 0.913706 0.650412 0.056808 0.074573
0 0.811247 0.735886 0.049545 0.077426
0 0.861231 0.879350 0.049280 0.065123
0 0.986330 0.960428 0.027340 0.079145
0 0.789328 0.212152 0.037603 0.057522
0 0.766478 0.822398 0.043852 0.061684
0 0.816586 0.922670 0.061865 0.093385
0 0.788764 0.985008 0.057275 0.029684
0 0.185671 0.017558 0.055255 0.035093
0 0.824005 0.929888 0.052826 0.087398
0 0.795497 0.856134 0.042618 0.055488