0 0.968614 0.465983 0.062772 0.089800
0 0.747007 0.924486 0.066440 0.087049
0 0.523372 0.196105 0.073318 0.099348
0 0.879070 0.671400 0.073214 0.094634
0 0.790458 0.330140 0.082075 0.099022
0 0.678402 0.891220 0.067155 0.088723
0 0.148100 0.290675 0.065042 0.082170
0 0.136692 0.203793 0.066027 0.077953
0 0.868739 0.555086 0.074898 0.092485
0 0.923554 0.609718 0.065954 0.091724
0 0.977486 0.966436 0.041990 0.067127
0 0.906796 0.849719 0.079934 0.108774
0 0.382998 0.735131 0.060386 0.077069
0 0.315930 0.017393 0.062051 0.033091
0 0.013044 0.309062 0.025416 0.069691
0 0.957587 0.819525 0.058503 0.090086
0 0.715334 0.678911 0.064370 0.081311
1 0.845594 0.749264 0.060726 0.084741
0 0.311224 0.067794 0.059195 0.066356
0 0.102682 0.078420 0.040899 0.051278
0 0.778760 0.784443 0.070250 0.097615
0 0.440817 0.748599 0.057227 0.077778
0 0.903300 0.454863 0.068259 0.083719
0 0.013840 0.957339 0.026277 0.062602
0 0.774399 0.563250 0.062982 0.097966
1 0.756516 0.723174 0.059220 0.066877
0 0.146266 0.037028 0.033312 0.046764
0 0.491821 0.795249 0.042323 0.063457
0 0.827380 0.929132 0.067843 0.085054
0 0.493503 0.720033 0.054011 0.068526
0 0.854066 0.201619 0.049803 0.051327
0 0.725132 0.842130 0.056414 0.074134
0 0.757226 0.726358 0.063865 0.074582
0 0.122015 0.018279 0.030757 0.034706
0 0.948899 0.539850 0.067517 0.078623
1 0.779701 0.784553 0.071792 0.098173
0 0.089364 0.191010 0.046477 0.076827
0 0.066951 0.131326 0.045923 0.051487
0 0.198303 0.193254 0.057763 0.058818
1 0.723192 0.841818 0.052106 0.066289
0 0.983485 0.884112 0.031635 0.093096