0 0.550466 0.155555 0.069386 0.099121
0 0.610793 0.052839 0.073387 0.095357
0 0.454258 0.044761 0.079069 0.089522
0 0.882562 0.670167 0.048985 0.067311
0 0.415038 0.575303 0.071106 0.085399
0 0.079385 0.758692 0.069403 0.086044
0 0.609754 0.135959 0.071400 0.085517
0 0.144237 0.724791 0.078121 0.093432
0 0.854021 0.704075 0.052732 0.066438
0 0.674340 0.697285 0.053488 0.071203
0 0.954686 0.970879 0.049791 0.058243
0 0.772801 0.746814 0.050959 0.067613
0 0.343355 0.670009 0.084250 0.099943
0 0.819483 0.879790 0.055834 0.057448
0 0.838981 0.765935 0.060443 0.073002
0 0.040007 0.707050 0.070723 0.093451
0 0.548106 0.685203 0.057179 0.073560
0 0.576534 0.819732 0.046269 0.069586
0 0.419051 0.683351 0.055053 0.068033
0 0.520161 0.047480 0.059766 0.071885
0 0.560394 0.945039 0.054001 0.071402
0 0.095328 0.671081 0.069569 0.091290
0 0.532239 0.631503 0.045827 0.059171
0 0.490168 0.891953 0.050318 0.062996
0 0.541685 0.561260 0.055819 0.070615
0 0.857567 0.787578 0.052236 0.057317
0 0.966330 0.952628 0.052225 0.071872
0 0.084487 0.672421 0.058981 0.093381
0 0.720231 0.768514 0.049197 0.063816
0 0.971463 0.946742 0.044893 0.060560
0 0.847841 0.778713 0.070097 0.070356