0 0.543598 0.607356 0.069085 0.084580
0 0.166267 0.627700 0.057330 0.071314
0 0.699163 0.106807 0.072039 0.094301
0 0.449088 0.388831 0.068267 0.085163
0 0.580220 0.459350 0.065775 0.085135
0 0.636889 0.960824 0.065976 0.078351
0 0.464849 0.532792 0.067352 0.082855
0 0.486569 0.605777 0.057916 0.079864
0 0.485403 0.684255 0.061683 0.074998
0 0.794796 0.052505 0.071389 0.092614
0 0.638052 0.435441 0.060315 0.081806
0 0.094682 0.625593 0.056569 0.074006
0 0.025215 0.766396 0.050429 0.076347
0 0.122855 0.030451 0.065919 0.060902
0 0.775838 0.160235 0.058161 0.080286
0 0.336039 0.338616 0.040183 0.059038
0 0.891998 0.094714 0.074500 0.089162
0 0.028976 0.926594 0.056883 0.098783
0 0.044221 0.472311 0.061082 0.074888
0 0.087668 0.254429 0.065183 0.082740
0 0.160428 0.528951 0.058189 0.072286
0 0.650580 0.320658 0.060512 0.077267
0 0.914741 0.295420 0.071768 0.086091
1 0.944407 0.564924 0.056750 0.076795
0 0.358121 0.778298 0.045639 0.066244
1 0.970012 0.080660 0.059811 0.092732
0 0.988653 0.304170 0.022694 0.105575
0 0.078112 0.304554 0.063879 0.072008
0 0.854318 0.046124 0.051059 0.080916
1 0.918379 0.198201 0.061968 0.079378