2 0.520297 0.514412 0.102106 0.132333
2 0.083843 0.552446 0.102520 0.123523
2 0.023372 0.780066 0.046743 0.105698
2 0.337273 0.516901 0.069908 0.093208
2 0.053460 0.667406 0.097754 0.141908
2 0.529845 0.114398 0.110399 0.138634
2 0.318238 0.437665 0.074704 0.102773
2 0.490648 0.226970 0.093667 0.126311
2 0.160425 0.689909 0.056486 0.107190
2 0.319773 0.227976 0.119552 0.132277
2 0.391583 0.182325 0.103033 0.128381
2 0.151389 0.076165 0.118501 0.145827
2 0.174921 0.504566 0.070419 0.100007
2 0.316040 0.335290 0.065751 0.092563
2 0.213305 0.477783 0.058960 0.108844
1 0.203388 0.277252 0.077879 0.108528
1 0.122140 0.403895 0.093832 0.135654
2 0.358488 0.064989 0.097510 0.127542
2 0.814584 0.033759 0.111819 0.067518
1 0.194627 0.385915 0.063399 0.112791
1 0.360089 0.063758 0.099696 0.121182
1 0.119751 0.188582 0.082596 0.109380
1 0.060352 0.032775 0.084541 0.061972
2 0.124340 0.402413 0.093012 0.136539
2 0.051625 0.299393 0.103251 0.123969
1 0.286264 0.033725 0.081924 0.067449
2 0.118714 0.190027 0.083670 0.107780
2 0.390580 0.399233 0.073284 0.113808
1 0.049665 0.299621 0.096837 0.123263