0 0.740876 0.424766 0.062101 0.079894
0 0.124315 0.302548 0.064279 0.081128
0 0.683498 0.572131 0.061806 0.078473
0 0.626447 0.141912 0.063458 0.072826
0 0.024994 0.647206 0.049987 0.072172
0 0.454158 0.284060 0.058371 0.077081
0 0.434030 0.677127 0.070128 0.111439
1 0.337020 0.115944 0.062284 0.079803
1 0.283734 0.311200 0.063591 0.079907
0 0.427878 0.687775 0.067527 0.101825
0 0.326659 0.503871 0.054299 0.076177
1 0.247947 0.415551 0.055802 0.067577
1 0.210840 0.229702 0.068703 0.087015
0 0.507783 0.103819 0.071267 0.077715
0 0.046547 0.356743 0.065873 0.084410
1 0.394160 0.308558 0.045642 0.076646
0 0.438036 0.662407 0.065344 0.087978
1 0.211872 0.332506 0.065224 0.075424
1 0.801174 0.252629 0.072824 0.091422
1 0.178902 0.289217 0.043433 0.060869
1 0.848346 0.101983 0.071492 0.089694
0 0.903164 0.192618 0.050516 0.066183
0 0.972223 0.154143 0.045325 0.084457
0 0.250079 0.499534 0.062561 0.076356
0 0.119450 0.396268 0.048503 0.071059
0 0.608731 0.529073 0.051812 0.076863
0 0.848281 0.102840 0.069543 0.088932
1 0.119702 0.396434 0.048955 0.070002
1 0.301632 0.725907 0.047535 0.065665
0 0.800304 0.251989 0.075258 0.093714
0 0.457075 0.390171 0.049306 0.072151