0 0.335130 0.547364 0.064391 0.081602
0 0.970865 0.819045 0.058271 0.098752
0 0.390629 0.966237 0.060878 0.067526
0 0.762506 0.508274 0.061339 0.074497
0 0.618374 0.835705 0.058195 0.080721
0 0.490725 0.782879 0.060988 0.078936
0 0.409305 0.887407 0.059734 0.077900
0 0.709498 0.519907 0.053947 0.073798
0 0.771151 0.439085 0.059788 0.071220
0 0.447840 0.038452 0.057788 0.069591
0 0.503249 0.146205 0.060246 0.078705
0 0.724347 0.467205 0.044742 0.052266
0 0.551751 0.622380 0.051832 0.070859
0 0.320602 0.095199 0.053568 0.069315
0 0.598977 0.632320 0.054229 0.059415
0 0.430736 0.086905 0.042200 0.057641
0 0.539051 0.326138 0.040652 0.051704
0 0.601648 0.679307 0.058956 0.065249
0 0.488983 0.058886 0.048014 0.069718
0 0.449611 0.137937 0.057584 0.075731
0 0.465323 0.116459 0.051866 0.067550
0 0.487558 0.013874 0.057175 0.025741
0 0.460919 0.124785 0.059920 0.080619
0 0.601103 0.640694 0.061265 0.073928
0 0.657455 0.614689 0.046763 0.064204
0 0.659050 0.626124 0.048358 0.071924