0 0.218252 0.707105 0.090792 0.116694
0 0.379655 0.803323 0.104280 0.131996
0 0.068358 0.075921 0.063477 0.102908
0 0.132111 0.639676 0.101175 0.120726
0 0.023127 0.176119 0.046254 0.099539
0 0.293159 0.637530 0.080216 0.105174
0 0.047820 0.656510 0.065180 0.097698
0 0.055473 0.237650 0.060809 0.092834
0 0.201469 0.610089 0.066458 0.084186
0 0.326418 0.481706 0.096104 0.142741
0 0.086047 0.718940 0.056616 0.074199
0 0.823386 0.704331 0.066164 0.080628
0 0.294195 0.878459 0.067013 0.105363
0 0.327039 0.386248 0.077576 0.074484
0 0.336580 0.471167 0.070299 0.122357