2 0.386135 0.877139 0.074083 0.103960
2 0.458821 0.896907 0.075600 0.106572
2 0.487562 0.965152 0.074584 0.069696
2 0.622300 0.954330 0.075124 0.091339
2 0.575374 0.841181 0.078456 0.110014
2 0.362334 0.726372 0.069959 0.101012
2 0.454138 0.474691 0.077815 0.114442
2 0.405992 0.595149 0.087746 0.094774
2 0.407173 0.073302 0.061629 0.067299
2 0.372887 0.962003 0.080969 0.075994
2 0.863991 0.093681 0.052492 0.079522
2 0.672530 0.177363 0.061954 0.087725
2 0.400639 0.665069 0.087028 0.101546
2 0.960139 0.091397 0.059864 0.083931
2 0.174852 0.017163 0.068419 0.033993
1 0.168294 0.563477 0.080999 0.105577
2 0.280857 0.020205 0.069124 0.040409
2 0.170229 0.562004 0.082440 0.105422
1 0.401013 0.666292 0.086428 0.100516
2 0.441547 0.038615 0.061497 0.070975
2 0.638778 0.018994 0.072544 0.036921
2 0.013136 0.452871 0.025549 0.076096
1 0.640300 0.018406 0.078869 0.036530
0 0.984996 0.150668 0.030008 0.088542