0 0.889601 0.671885 0.046383 0.059030
0 0.415178 0.715621 0.038630 0.047938
0 0.749637 0.606177 0.043960 0.056842
0 0.444757 0.090279 0.042452 0.049414
0 0.425508 0.669695 0.039754 0.046887
0 0.962381 0.232822 0.040205 0.051692
0 0.951865 0.310585 0.042682 0.052887
0 0.224335 0.942707 0.041035 0.048982
0 0.259308 0.842843 0.041267 0.053677
0 0.925539 0.791507 0.045091 0.056324
0 0.158483 0.875729 0.042630 0.056768
0 0.931773 0.843668 0.042061 0.052997
0 0.359566 0.214923 0.037401 0.049639
0 0.946604 0.934124 0.043177 0.058315
0 0.385057 0.471751 0.042087 0.056059
0 0.487722 0.975144 0.039704 0.047855
0 0.626635 0.428221 0.036279 0.044277
0 0.862367 0.967877 0.039035 0.049630
0 0.194556 0.887822 0.040620 0.056836
0 0.467138 0.615482 0.036864 0.047843
0 0.879507 0.908542 0.043995 0.062333
0 0.625509 0.468577 0.038008 0.049785
0 0.982320 0.739503 0.035001 0.056220
0 0.559298 0.626777 0.038722 0.050219
0 0.459079 0.146121 0.045384 0.059486
0 0.826709 0.950065 0.040484 0.051776
0 0.592439 0.474186 0.033711 0.047263
0 0.436329 0.024947 0.042476 0.049169
0 0.958866 0.811800 0.039737 0.052174
0 0.880187 0.786867 0.037103 0.054039
0 0.229834 0.882332 0.037209 0.050597
0 0.977597 0.917855 0.036432 0.053460
0 0.445248 0.189320 0.039083 0.050594
0 0.221013 0.976254 0.038975 0.036945
0 0.950542 0.726316 0.037637 0.048750
0 0.497612 0.534209 0.032763 0.044074
0 0.869249 0.413636 0.030630 0.041211
0 0.914743 0.887416 0.033960 0.050463
0 0.987280 0.377491 0.025439 0.061579
0 0.532795 0.560306 0.032210 0.043798
0 0.478425 0.251088 0.044022 0.050223
0 0.111697 0.396320 0.037792 0.050451
0 0.239171 0.103627 0.036828 0.049719
0 0.483577 0.131095 0.035051 0.049441
0 0.905025 0.972772 0.039515 0.049092
0 0.844260 0.714465 0.039614 0.051205
0 0.436971 0.246532 0.034150 0.047970
0 0.848419 0.844499 0.031395 0.040562
0 0.986142 0.333053 0.027715 0.054334
0 0.028917 0.241678 0.037163 0.047028
0 0.529143 0.547025 0.032521 0.049243
0 0.770621 0.974609 0.035718 0.046732
0 0.459652 0.199801 0.033696 0.045210
0 0.971964 0.778904 0.041585 0.047668
0 0.450183 0.240833 0.036819 0.050671
0 0.429986 0.206986 0.028442 0.047672
0 0.450144 0.192831 0.041567 0.051189
0 0.222455 0.966064 0.039191 0.054126
0 0.525661 0.537916 0.029435 0.041039
0 0.990177 0.254517 0.019646 0.048695
0 0.870754 0.870467 0.036368 0.047625
0 0.444321 0.243368 0.040414 0.051834
0 0.930561 0.486351 0.029874 0.038642
0 0.987479 0.348640 0.025042 0.082849
0 0.560960 0.539107 0.029480 0.037783
0 0.223505 0.953520 0.040696 0.061920