2 0.121996 0.509596 0.074268 0.110905
2 0.208280 0.646842 0.071684 0.105370
2 0.692118 0.752159 0.070161 0.099311
2 0.379017 0.710826 0.070046 0.112153
2 0.252442 0.555670 0.068755 0.113486
2 0.357809 0.255894 0.076335 0.102008
2 0.572121 0.533568 0.063980 0.094989
2 0.400522 0.612324 0.067999 0.088771
2 0.414613 0.374602 0.069219 0.095277
2 0.194611 0.379414 0.073680 0.106704
2 0.039974 0.414455 0.076193 0.112583
1 0.326134 0.511053 0.070434 0.096846
2 0.115156 0.393016 0.082576 0.101865
1 0.188664 0.275841 0.074421 0.098886
2 0.397759 0.519350 0.073701 0.097765
1 0.702485 0.531016 0.060808 0.086878
0 0.763107 0.035487 0.072525 0.070208
2 0.334090 0.620497 0.071680 0.097141
1 0.295403 0.403066 0.076600 0.106538
2 0.294507 0.400550 0.075850 0.103843
2 0.894411 0.400900 0.052002 0.080597
2 0.970345 0.363936 0.056934 0.086023
1 0.641262 0.605082 0.065419 0.086450
1 0.414485 0.374699 0.068836 0.092820
2 0.625824 0.668818 0.065954 0.082743
2 0.111909 0.318005 0.056804 0.062786
2 0.640393 0.604949 0.063839 0.086417
2 0.054464 0.256352 0.064040 0.074520
1 0.335010 0.621637 0.071092 0.094705
2 0.190435 0.274874 0.073911 0.099976
2 0.395697 0.887748 0.043350 0.054695
2 0.010141 0.086140 0.019316 0.097676
2 0.007684 0.777201 0.014384 0.067511