2 0.262621 0.600418 0.042316 0.054453
2 0.266977 0.486830 0.044027 0.051634
2 0.828296 0.453550 0.048942 0.068047
2 0.368803 0.671776 0.045975 0.060506
0 0.134155 0.962349 0.033979 0.045788
2 0.811126 0.390727 0.056438 0.065354
1 0.841101 0.257834 0.055355 0.067128
2 0.652428 0.584143 0.045464 0.060080
2 0.228076 0.458949 0.046270 0.051278
2 0.292935 0.232416 0.043456 0.056144
2 0.322900 0.664095 0.041943 0.053246
2 0.451852 0.142053 0.048859 0.057957
2 0.637408 0.535260 0.047389 0.061011
1 0.957046 0.415454 0.054490 0.072133
2 0.231662 0.317472 0.041804 0.051467
2 0.959541 0.333827 0.058971 0.074922
1 0.117363 0.806398 0.040340 0.056436
2 0.249893 0.279640 0.043368 0.054387
2 0.093831 0.872152 0.039488 0.048760
2 0.591083 0.382870 0.040955 0.051631
2 0.371040 0.077799 0.042737 0.052482
0 0.115565 0.927723 0.039564 0.050946
2 0.177476 0.337258 0.038175 0.042604
0 0.183230 0.989009 0.041619 0.021441
1 0.872557 0.361607 0.046387 0.057793
2 0.562904 0.344000 0.042242 0.053758
1 0.942270 0.515750 0.039669 0.062062
1 0.928624 0.446982 0.035570 0.050009
1 0.563160 0.343298 0.042943 0.053641
2 0.990640 0.293825 0.018720 0.077783