2 0.889809 0.236510 0.052166 0.069025
2 0.334587 0.444492 0.051609 0.069699
2 0.298210 0.771495 0.056489 0.077699
2 0.206595 0.701853 0.051474 0.079165
2 0.933264 0.501518 0.058720 0.076690
2 0.305466 0.031288 0.056007 0.062576
2 0.984187 0.592155 0.030359 0.062377
2 0.954531 0.788214 0.054341 0.067949
2 0.376153 0.769404 0.069803 0.094799
2 0.763040 0.894532 0.058282 0.083811
2 0.362465 0.959298 0.056660 0.073349
2 0.967318 0.025154 0.060077 0.050309
2 0.898977 0.170326 0.058704 0.072344
2 0.976454 0.494859 0.047092 0.077712
2 0.349447 0.748489 0.052417 0.073946
2 0.615272 0.979311 0.058924 0.040490
2 0.924251 0.430050 0.058067 0.075273
2 0.883275 0.033788 0.062757 0.067575
2 0.622244 0.907405 0.051483 0.070557
2 0.081096 0.089445 0.051847 0.074151
2 0.263008 0.066869 0.040401 0.057875
2 0.509407 0.975661 0.047929 0.048434
2 0.016249 0.168416 0.031066 0.070606
2 0.905343 0.987053 0.050309 0.025893
2 0.985475 0.074158 0.026339 0.063050