2 0.883816 0.661122 0.079860 0.106715
2 0.970497 0.437126 0.059006 0.095727
2 0.945427 0.856981 0.063623 0.086751
2 0.708033 0.140813 0.073583 0.106595
2 0.923182 0.540206 0.080956 0.108675
2 0.754735 0.882637 0.068344 0.090142
2 0.816390 0.626648 0.060333 0.081264
2 0.716271 0.049166 0.074350 0.097089
2 0.755182 0.525147 0.075504 0.096931
2 0.825970 0.519691 0.084058 0.107699
2 0.742640 0.421664 0.082757 0.105619
2 0.983903 0.836141 0.031649 0.098623
1 0.984596 0.310796 0.030807 0.109475
1 0.713363 0.981922 0.063937 0.035247
2 0.129088 0.934127 0.082091 0.098219
0 0.106386 0.857173 0.089955 0.109414
1 0.925113 0.541217 0.082409 0.112591
1 0.106308 0.855914 0.088165 0.105137
2 0.993151 0.606543 0.013697 0.105723
2 0.991000 0.391112 0.018000 0.069861