1 0.125112 0.848476 0.112227 0.139559
1 0.028747 0.896353 0.057494 0.102066
2 0.058033 0.253198 0.109753 0.145649
2 0.466341 0.224467 0.088314 0.103131
1 0.369988 0.465070 0.071806 0.095170
1 0.462872 0.225033 0.082694 0.101948
0 0.356450 0.363687 0.084741 0.119892
1 0.063491 0.968614 0.126983 0.062773
2 0.504524 0.352351 0.082700 0.099859
1 0.120729 0.962046 0.095009 0.075588
1 0.046198 0.970165 0.089598 0.059670
1 0.111246 0.962818 0.132836 0.072877
1 0.058353 0.257323 0.113272 0.145095
1 0.765530 0.040375 0.082184 0.079576
1 0.086793 0.966412 0.152637 0.064304
1 0.503937 0.352271 0.083448 0.100421
0 0.369221 0.464541 0.072489 0.096911
2 0.766127 0.042300 0.082650 0.082550