0 0.441484 0.757892 0.064128 0.087322
0 0.870330 0.342296 0.072863 0.090351
0 0.750153 0.109857 0.066577 0.089308
0 0.502652 0.702858 0.068225 0.088669
0 0.770125 0.232124 0.076686 0.090265
0 0.864238 0.249115 0.062495 0.078023
0 0.068643 0.957918 0.075889 0.081729
0 0.750975 0.656150 0.065953 0.083111
0 0.754687 0.864845 0.070217 0.087450
0 0.674687 0.597028 0.065163 0.086709
0 0.912404 0.762563 0.059708 0.075361
0 0.337208 0.645657 0.072380 0.082843
0 0.378284 0.705119 0.068422 0.090474
0 0.862679 0.956777 0.054092 0.070354
0 0.929935 0.353488 0.063051 0.100593
0 0.589066 0.414896 0.070958 0.086626
0 0.828556 0.405279 0.063666 0.082332
0 0.708299 0.255671 0.058988 0.089146
0 0.978503 0.931186 0.042569 0.077980
0 0.346399 0.578018 0.072848 0.090241
0 0.916175 0.673763 0.068569 0.079548
0 0.732420 0.731169 0.074584 0.085567
0 0.616816 0.552783 0.074395 0.096160
0 0.579447 0.828340 0.059674 0.078887
0 0.546621 0.350679 0.076738 0.087111
0 0.606486 0.621444 0.071729 0.078511
0 0.635849 0.786189 0.055956 0.075513
0 0.701648 0.807308 0.064631 0.085788
0 0.631899 0.049725 0.071891 0.083454
0 0.809437 0.562137 0.057449 0.080030
0 0.618365 0.871264 0.054715 0.077036
0 0.611258 0.734271 0.056748 0.073020
0 0.696443 0.464583 0.058779 0.087968
0 0.587890 0.962129 0.038254 0.072499
0 0.669855 0.874475 0.046877 0.067379
0 0.710046 0.629305 0.047423 0.076301
0 0.642336 0.977025 0.096630 0.045950
0 0.629820 0.975506 0.067461 0.046761
0 0.666450 0.978563 0.043416 0.042874
0 0.571036 0.649850 0.049361 0.091345