0 0.687907 0.944732 0.062141 0.079814
0 0.815806 0.105560 0.046987 0.060644
0 0.768659 0.102318 0.046697 0.061059
0 0.695683 0.331459 0.047077 0.058375
0 0.759368 0.156105 0.042744 0.054295
0 0.272289 0.078534 0.052803 0.066615
0 0.330394 0.200608 0.048271 0.062907
0 0.821156 0.462564 0.042188 0.055426
0 0.296665 0.475840 0.032837 0.044779
2 0.086056 0.099559 0.104217 0.149637
2 0.017091 0.114796 0.032616 0.068672
2 0.080666 0.115813 0.088722 0.107934
2 0.014509 0.519124 0.029017 0.060166
0 0.063916 0.309351 0.037472 0.055726
2 0.896392 0.524618 0.034525 0.048309
0 0.603454 0.323531 0.035979 0.051955
0 0.806718 0.386497 0.038164 0.050587
2 0.098640 0.087913 0.088862 0.133586
2 0.070567 0.546102 0.052520 0.057107