2 0.423007 0.634788 0.082021 0.121716
2 0.750421 0.622003 0.088695 0.125616
2 0.834832 0.836179 0.089758 0.124959
2 0.500076 0.272983 0.082720 0.114526
2 0.224216 0.361886 0.075498 0.110649
2 0.433028 0.128518 0.094624 0.109064
2 0.864674 0.716255 0.085561 0.125455
2 0.494284 0.554576 0.078977 0.102064
2 0.893269 0.450208 0.083700 0.122651
2 0.552874 0.590289 0.068541 0.097758
2 0.798668 0.525370 0.084122 0.119852
2 0.444744 0.425888 0.086490 0.117308
2 0.302924 0.578252 0.066269 0.090245
2 0.665933 0.309893 0.068614 0.100925
2 0.972064 0.408472 0.053856 0.125150
2 0.183083 0.252136 0.103298 0.131835
2 0.852565 0.594014 0.071783 0.108156
2 0.414828 0.532345 0.077885 0.098579
2 0.337708 0.269043 0.088037 0.118965
2 0.374759 0.397596 0.069067 0.111087
2 0.312692 0.139131 0.085056 0.105963
2 0.255908 0.208450 0.062611 0.106650
2 0.372803 0.461720 0.064072 0.090382
1 0.941383 0.560470 0.085310 0.109049
2 0.631614 0.364524 0.076338 0.116459
2 0.944274 0.561354 0.088205 0.110595
2 0.656132 0.311948 0.096219 0.104977
2 0.375739 0.439017 0.068231 0.136593