2 0.904378 0.507566 0.099860 0.120518
2 0.545632 0.521988 0.100657 0.124103
1 0.390282 0.241263 0.083030 0.103437
1 0.551272 0.197971 0.071082 0.124705
2 0.325954 0.395733 0.106461 0.135038
1 0.465419 0.310511 0.083086 0.097984
2 0.369527 0.528736 0.133825 0.162685
2 0.488982 0.420538 0.109019 0.130064
2 0.464065 0.311633 0.084150 0.105097
1 0.726892 0.171130 0.063018 0.084636
1 0.806909 0.222806 0.088971 0.109978
1 0.962556 0.107231 0.074887 0.151089
1 0.960021 0.273398 0.078057 0.124238
2 0.962254 0.271586 0.070709 0.127545
1 0.524438 0.207158 0.112083 0.132716
2 0.649547 0.469938 0.148163 0.143553
2 0.671602 0.465727 0.105216 0.132382