0 0.819118 0.074617 0.102840 0.143219
0 0.664275 0.587059 0.083659 0.114955
0 0.363864 0.364895 0.087268 0.118129
0 0.552484 0.749237 0.062729 0.085396
0 0.155293 0.945087 0.076371 0.091699
0 0.117592 0.808954 0.074005 0.091863
0 0.553736 0.541226 0.091340 0.125177
0 0.281939 0.182776 0.111234 0.116160
0 0.516305 0.470414 0.079518 0.105637
0 0.732951 0.140491 0.068443 0.091008
0 0.723936 0.054499 0.085798 0.108998
0 0.758041 0.573703 0.049080 0.076088
0 0.616686 0.861224 0.056920 0.073811
0 0.723081 0.598355 0.062267 0.095338
0 0.977064 0.474848 0.043949 0.074916
0 0.653830 0.020017 0.097050 0.040034
0 0.750227 0.632589 0.034273 0.053838
0 0.718269 0.841713 0.038106 0.053416
0 0.979324 0.971441 0.041353 0.057118
0 0.640747 0.802309 0.036750 0.056892