2 0.471600 0.729773 0.080693 0.114836
2 0.721281 0.702054 0.080916 0.107327
2 0.178729 0.754810 0.076389 0.115313
2 0.546763 0.922059 0.077482 0.114609
2 0.243517 0.423986 0.076573 0.108444
2 0.578971 0.810911 0.074112 0.112419
2 0.567096 0.704384 0.066260 0.091259
2 0.680319 0.533271 0.074579 0.111299
2 0.516883 0.641619 0.074625 0.108528
2 0.181243 0.295088 0.089833 0.109148
2 0.297999 0.708508 0.065105 0.093703
2 0.597331 0.570139 0.074282 0.108759
2 0.070461 0.703389 0.064423 0.087367
2 0.244539 0.677419 0.076497 0.094236
2 0.195308 0.561657 0.081204 0.107708
2 0.390817 0.453176 0.068433 0.097855
2 0.515205 0.037733 0.074781 0.075357
2 0.637893 0.674519 0.066652 0.104750
2 0.091334 0.423071 0.080177 0.111638
2 0.172791 0.655737 0.068968 0.091241
2 0.128668 0.598746 0.057138 0.073875
2 0.072148 0.300787 0.079876 0.097835
1 0.733634 0.173182 0.079346 0.103917
2 0.013990 0.505744 0.027511 0.121205
2 0.133772 0.537589 0.068809 0.099957
2 0.691802 0.137800 0.051124 0.082224
2 0.025839 0.362780 0.050945 0.095250
1 0.766617 0.074341 0.075133 0.098809
1 0.689014 0.035509 0.080788 0.066305
2 0.366842 0.505113 0.069020 0.101236
2 0.384981 0.467739 0.091110 0.131843
2 0.733636 0.174509 0.076513 0.104065
2 0.024208 0.439007 0.046243 0.076321
2 0.367741 0.520349 0.070924 0.072514
2 0.987372 0.561308 0.024318 0.078395
0 0.766222 0.074013 0.074949 0.104870