0 0.663760 0.140297 0.087928 0.111598
0 0.486233 0.214623 0.071409 0.101229
0 0.796527 0.152558 0.086280 0.120293
0 0.607147 0.192683 0.075048 0.102534
0 0.697199 0.483348 0.087674 0.110917
0 0.355212 0.277232 0.064046 0.087003
0 0.374719 0.735114 0.062771 0.075858
0 0.814496 0.066130 0.061842 0.075558
0 0.241225 0.923806 0.061129 0.077483
0 0.549693 0.395268 0.068137 0.083282
0 0.510520 0.587487 0.082202 0.108599
0 0.538853 0.135069 0.087616 0.114467
0 0.967563 0.719741 0.064123 0.144626
0 0.543472 0.092490 0.069711 0.072351
0 0.552353 0.222217 0.053024 0.100466