0 0.627741 0.176587 0.101859 0.119647
0 0.245153 0.745410 0.103086 0.121817
0 0.561064 0.099688 0.092941 0.129022
0 0.190497 0.847312 0.093215 0.111705
0 0.308753 0.302838 0.102609 0.126030
0 0.480538 0.479115 0.075320 0.101579
0 0.958998 0.084748 0.082005 0.147626
0 0.153259 0.503641 0.077381 0.084916
0 0.258506 0.957798 0.076308 0.084405
0 0.959333 0.341135 0.081334 0.147875
0 0.321580 0.970095 0.056620 0.059811
0 0.946372 0.205329 0.107256 0.146479
0 0.186279 0.935643 0.068146 0.085651
0 0.461127 0.374251 0.111240 0.121636
0 0.292356 0.034455 0.090612 0.068910
0 0.643751 0.953776 0.075520 0.092449
0 0.986568 0.509839 0.026863 0.121795
0 0.874382 0.894723 0.063830 0.081176
0 0.236737 0.552546 0.079477 0.097098
0 0.390603 0.424841 0.076231 0.070434