2 0.457346 0.272550 0.098685 0.136134
2 0.461791 0.756236 0.085023 0.124695
2 0.815551 0.541347 0.090246 0.130643
2 0.372856 0.183791 0.095553 0.118730
2 0.347210 0.687758 0.102260 0.131501
2 0.299779 0.387020 0.105081 0.140400
2 0.931496 0.674240 0.094130 0.135537
2 0.171387 0.126904 0.103703 0.148052
2 0.727475 0.504961 0.088132 0.131355
2 0.791644 0.292959 0.100126 0.134855
2 0.191545 0.253883 0.078319 0.110353
2 0.365774 0.932790 0.090736 0.132833
2 0.298904 0.596415 0.090975 0.119642
2 0.454927 0.890249 0.090156 0.100854
0 0.900471 0.173097 0.093061 0.118287
2 0.364052 0.076164 0.081683 0.110267
2 0.504364 0.842602 0.066144 0.107871
2 0.033120 0.166772 0.066174 0.177464
2 0.436450 0.045005 0.079113 0.088967
2 0.517000 0.844987 0.074422 0.111007
2 0.498582 0.836704 0.057105 0.089778