2 0.380328 0.356059 0.069131 0.096598
2 0.036364 0.145623 0.069830 0.122015
2 0.266418 0.322981 0.073811 0.095980
2 0.324858 0.271595 0.062364 0.091186
1 0.324754 0.272918 0.063129 0.091162
1 0.105803 0.899085 0.079154 0.086319
2 0.068803 0.491118 0.075702 0.116085
1 0.117871 0.813165 0.065084 0.091592
1 0.319747 0.352426 0.055650 0.074835
2 0.016718 0.578427 0.033435 0.094164
2 0.119145 0.437507 0.075170 0.110400
1 0.071418 0.690419 0.129516 0.161643
1 0.045796 0.833095 0.076578 0.107824
1 0.016944 0.579834 0.033353 0.094057
1 0.054452 0.828384 0.061471 0.090780
1 0.122023 0.437060 0.076386 0.109921