0 0.852661 0.299781 0.042533 0.056602
0 0.833886 0.226807 0.043155 0.054855
0 0.842165 0.127205 0.043571 0.057484
0 0.939910 0.846506 0.046512 0.059718
0 0.818518 0.346560 0.047063 0.058892
0 0.598683 0.630390 0.043756 0.058244
0 0.990299 0.123564 0.019403 0.053934
0 0.158379 0.191062 0.039239 0.058038
0 0.989311 0.035108 0.021378 0.058126
2 0.121581 0.441215 0.067900 0.089969
0 0.231001 0.161609 0.042886 0.062890
0 0.893368 0.015042 0.045542 0.029860
0 0.889469 0.061066 0.043925 0.051991
0 0.245470 0.223765 0.035819 0.047294
2 0.265411 0.428691 0.108448 0.105666
0 0.463364 0.682191 0.038723 0.054677
0 0.552336 0.509759 0.050355 0.061358
0 0.802320 0.119357 0.040649 0.050987
0 0.374333 0.661457 0.037267 0.050189
2 0.243384 0.433090 0.083433 0.100077
0 0.207559 0.190446 0.039557 0.052814
0 0.852904 0.810971 0.036352 0.051005
2 0.370769 0.469542 0.064080 0.083990
2 0.426595 0.411407 0.080151 0.087804
2 0.460874 0.421978 0.088395 0.117231
2 0.281267 0.426495 0.081713 0.104470
1 0.442419 0.823765 0.052782 0.073853
0 0.214006 0.180651 0.042587 0.063348