2 0.390853 0.377015 0.051130 0.071905
2 0.358970 0.716168 0.060997 0.083579
2 0.838487 0.842962 0.060065 0.089735
2 0.278895 0.638039 0.054218 0.077837
2 0.688034 0.954171 0.058418 0.079162
2 0.427520 0.906087 0.053363 0.073447
2 0.964591 0.157970 0.054234 0.073036
2 0.445808 0.707326 0.058352 0.096644
2 0.407603 0.689567 0.053627 0.073686
2 0.690732 0.861613 0.055594 0.074350
2 0.568690 0.920083 0.049410 0.065825
2 0.117725 0.025905 0.051756 0.051810
2 0.981364 0.361321 0.037272 0.086517
2 0.968122 0.088005 0.058862 0.073365
2 0.984822 0.432733 0.026953 0.072984
0 0.981312 0.360942 0.037375 0.083208
2 0.634238 0.974754 0.064197 0.050492
2 0.035791 0.109250 0.051886 0.066440
2 0.010390 0.715213 0.019432 0.062724
2 0.568267 0.752657 0.061122 0.073417