2 0.650158 0.485924 0.090318 0.116744
2 0.802587 0.765346 0.085889 0.117502
2 0.847393 0.586621 0.087297 0.127702
2 0.685122 0.661146 0.085393 0.120392
2 0.708975 0.185941 0.088110 0.121101
2 0.662504 0.337081 0.098559 0.126196
2 0.660223 0.778701 0.102576 0.123563
2 0.748481 0.674689 0.075944 0.121979
2 0.531514 0.807864 0.055765 0.112544
2 0.866320 0.715032 0.069907 0.124321
2 0.111138 0.200962 0.088976 0.140185
0 0.743209 0.409168 0.100108 0.130270
2 0.382806 0.312552 0.094906 0.132513
0 0.383174 0.310564 0.096815 0.138536
2 0.990495 0.544502 0.019010 0.107728
2 0.739610 0.409370 0.102279 0.126207