2 0.4978775382041931 0.42857399582862854 0.1135474443435669 0.11463701725006104
2 0.7045487761497498 0.5716699957847595 0.11202502250671387 0.11920297145843506
2 0.04071344435214996 0.12733399868011475 0.08142688870429993 0.11482200026512146
2 0.5894150137901306 0.6510530114173889 0.09788000583648682 0.11042797565460205
2 0.6701236963272095 0.7835729718208313 0.10742247104644775 0.10266900062561035
2 0.7811399698257446 0.6896820068359375 0.12419629096984863 0.12195301055908203
2 0.5224487781524658 0.9329190254211426 0.1020050048828125 0.09867501258850098
2 0.281938761472702 0.8198419809341431 0.11131125688552856 0.1073160171508789
2 0.16525375843048096 0.9503679871559143 0.11186999082565308 0.09507501125335693
2 0.4872399568557739 0.9781489968299866 0.10347378253936768 0.043702006340026855
1 0.16384750604629517 0.9509530067443848 0.11259125173091888 0.09809398651123047
1 0.2830137610435486 0.817762017250061 0.10913872718811035 0.10760200023651123
2 0.11856624484062195 0.013193000108003616 0.09428125619888306 0.026386000216007233
