2 0.6997237801551819 0.43584299087524414 0.08212244510650635 0.08324998617172241
2 0.026947185397148132 0.37027400732040405 0.053894370794296265 0.06132000684738159
2 0.32345375418663025 0.8848509788513184 0.05470001697540283 0.0562969446182251
1 0.9567074775695801 0.3343780040740967 0.07174873352050781 0.07882797718048096
2 0.9102075099945068 0.4895300269126892 0.07860374450683594 0.08010903000831604
1 0.8832637071609497 0.2914949953556061 0.07768750190734863 0.08891600370407104
2 0.3075275123119354 0.7481650114059448 0.06624126434326172 0.06816399097442627
2 0.47097623348236084 0.6904630064964294 0.0729137659072876 0.0759880542755127
1 0.9940909743309021 0.3104090094566345 0.0118180513381958 0.07916200160980225
1 0.6195650100708008 0.6563289761543274 0.06841504573822021 0.06780397891998291
2 0.712939977645874 0.10753200203180313 0.0762399435043335 0.08359099924564362
2 0.4252462387084961 0.6258879899978638 0.06534755229949951 0.06984400749206543
2 0.8253175020217896 0.39625799655914307 0.07459747791290283 0.07528102397918701
2 0.21703749895095825 0.7075920104980469 0.05901998281478882 0.06098198890686035
2 0.1906837522983551 0.646166980266571 0.06748002767562866 0.06485605239868164
2 0.04360873997211456 0.5215529799461365 0.05694875121116638 0.057909995317459106
2 0.3719024658203125 0.06128200143575668 0.06422373652458191 0.06811599433422089
2 0.3912850022315979 0.42634400725364685 0.07617378234863281 0.0804319977760315
2 0.33067500591278076 0.11090800166130066 0.06566876173019409 0.06493699550628662
2 0.3807874917984009 0.6704049706459045 0.0676337480545044 0.08105003833770752
2 0.1403137445449829 0.3995380103588104 0.05545873939990997 0.06694900989532471
1 0.7471662163734436 0.20540599524974823 0.07565748691558838 0.0772790014743805
1 0.20987874269485474 0.5521870255470276 0.0610012412071228 0.06207001209259033
1 0.9260637760162354 0.6877970099449158 0.0646812915802002 0.06577801704406738
2 0.3566862642765045 0.8136659860610962 0.05163627862930298 0.058526039123535156
2 0.6724600195884705 0.29530400037765503 0.07005250453948975 0.07583397626876831
1 0.7651300430297852 0.6540240049362183 0.07179880142211914 0.08021998405456543
2 0.6587924957275391 0.7353479862213135 0.09261500835418701 0.08390200138092041
1 0.9705971479415894 0.5340780019760132 0.05880570411682129 0.07162401080131531
2 0.2967187166213989 0.5918580293655396 0.057021260261535645 0.06520295143127441
2 0.40570998191833496 0.18267999589443207 0.0660187304019928 0.06784501671791077
1 0.8230312466621399 0.6263499855995178 0.06726372241973877 0.07299196720123291
2 0.039389997720718384 0.2998180091381073 0.04370000958442688 0.041863977909088135
2 0.9032875299453735 0.6131010055541992 0.08237248659133911 0.07999002933502197
2 0.7620649933815002 0.6538339853286743 0.07394874095916748 0.08342897891998291
2 0.05322501063346863 0.4693320095539093 0.05283999443054199 0.05049699544906616
1 0.8034675121307373 0.9114130139350891 0.060041189193725586 0.05917799472808838
1 0.24119997024536133 0.6021770238876343 0.05726248025894165 0.06078195571899414
2 0.6981837153434753 0.3536339998245239 0.06794250011444092 0.06498897075653076
2 0.16833624243736267 0.665287971496582 0.05852872133255005 0.07181298732757568
2 0.061317503452301025 0.400393009185791 0.0443512499332428 0.04696100950241089
2 0.3897412419319153 0.12374798953533173 0.06102752685546875 0.06029199808835983
1 0.7091524600982666 0.7402750253677368 0.048944950103759766 0.06864798069000244
2 0.46148622035980225 0.10175199806690216 0.06369626522064209 0.0682620108127594
2 0.687038779258728 0.20421700179576874 0.06751501560211182 0.0813089907169342
2 0.9667540788650513 0.41154998540878296 0.06649184226989746 0.08304399251937866
1 0.8880599737167358 0.6783329844474792 0.06604248285293579 0.06852400302886963
2 0.5745800137519836 0.5970659852027893 0.07301497459411621 0.07307195663452148
2 0.6302312612533569 0.26475998759269714 0.06222498416900635 0.06832301616668701
2 0.024887502193450928 0.008584000170230865 0.03936123847961426 0.016853999346494675
1 0.06175999343395233 0.26064300537109375 0.05761873722076416 0.06220799684524536
2 0.45142000913619995 0.19415800273418427 0.05574500560760498 0.06762799620628357
1 0.4365212321281433 0.021974999457597733 0.08050501346588135 0.043949998915195465
1 0.5740300416946411 0.5979080200195312 0.07466006278991699 0.07138001918792725
1 0.680109977722168 0.6744530200958252 0.05584371089935303 0.04902803897857666
2 0.6312612891197205 0.5431339740753174 0.05949997901916504 0.0771329402923584
1 0.6721274852752686 0.29482001066207886 0.06981754302978516 0.07722800970077515
1 0.227385014295578 0.5132189989089966 0.0635562539100647 0.05898299813270569
1 0.6295837759971619 0.5427489876747131 0.06404995918273926 0.0773700475692749
2 0.6367487907409668 0.729790985584259 0.06115376949310303 0.08359003067016602
2 0.24014753103256226 0.6027969717979431 0.05679124593734741 0.061936020851135254
2 0.18072748184204102 0.6571149826049805 0.07845127582550049 0.08207094669342041
1 0.656151294708252 0.9809499979019165 0.04777872562408447 0.038056015968322754
2 0.09557624161243439 0.4019309878349304 0.04781249165534973 0.05137300491333008
2 0.17366623878479004 0.5080260038375854 0.05938124656677246 0.0589519739151001
1 0.39132124185562134 0.12311200052499771 0.06270000338554382 0.05964399874210358
1 0.5221512317657471 0.009438000619411469 0.055548787117004395 0.018803000450134277
1 0.9044462442398071 0.6127780079841614 0.08012503385543823 0.07937097549438477
2 0.8143436908721924 0.3267039954662323 0.06394624710083008 0.064333975315094
1 0.6269149780273438 0.2650980055332184 0.05655372142791748 0.06460398435592651
2 0.02220749855041504 0.4548740088939667 0.03964999318122864 0.0390549898147583
