2 0.745506227016449 0.44889500737190247 0.12151622772216797 0.10986000299453735
2 0.4072074890136719 0.36289000511169434 0.11867249011993408 0.11211001873016357
2 0.545722484588623 0.23939499258995056 0.12584996223449707 0.11380298435688019
2 0.995022177696228 0.03615900129079819 0.009955644607543945 0.07231800258159637
2 0.7810837030410767 0.38009199500083923 0.12651371955871582 0.09098100662231445
2 0.8538087606430054 0.6205300092697144 0.09231120347976685 0.10490500926971436
2 0.9084486961364746 0.09193500131368637 0.11398869752883911 0.11770500242710114
2 0.9193612337112427 0.8304569721221924 0.147918701171875 0.1372220516204834
2 0.9608215689659119 0.21908600628376007 0.07835686206817627 0.08102801442146301
1 0.5452537536621094 0.23799797892570496 0.12428748607635498 0.11609499156475067
1 0.13165751099586487 0.3492650091648102 0.07219749689102173 0.06691402196884155
