2 0.8883336782455444 0.7513880133628845 0.10213494300842285 0.10561704635620117
2 0.8059412240982056 0.5634379982948303 0.10440373420715332 0.09895503520965576
1 0.9497584104537964 0.5872790217399597 0.10048317909240723 0.1027449369430542
2 0.5244250297546387 0.9706140160560608 0.092903733253479 0.056738972663879395
2 0.8130311965942383 0.8363580107688904 0.06816244125366211 0.06910395622253418
2 0.4124374985694885 0.9123799800872803 0.10980749130249023 0.09731805324554443
2 0.8845875263214111 0.6487720012664795 0.13000869750976562 0.09618902206420898
1 0.4621312618255615 0.10401000082492828 0.06023252010345459 0.05460399389266968
1 0.8833388090133667 0.6496509909629822 0.1256362795829773 0.09618198871612549
2 0.9928272366523743 0.015223000198602676 0.014345526695251465 0.029089000076055527
2 0.36024874448776245 0.03430299833416939 0.07301747798919678 0.06409300118684769
1 0.9062912464141846 0.656961977481842 0.11234378814697266 0.08039402961730957
