2 0.2703325152397156 0.9121090173721313 0.0820150375366211 0.08153903484344482
1 0.01737312227487564 0.9503179788589478 0.03474624454975128 0.06662702560424805
2 0.7239674925804138 0.838146984577179 0.06691372394561768 0.06616294384002686
2 0.7817899584770203 0.9211040139198303 0.0686500072479248 0.06766605377197266
2 0.399352490901947 0.8733010292053223 0.0765174925327301 0.0681229829788208
0 0.42317748069763184 0.013199999928474426 0.050881266593933105 0.026399001479148865
2 0.26280125975608826 0.37827199697494507 0.057103753089904785 0.054004013538360596
2 0.2317662537097931 0.9761409759521484 0.0696449875831604 0.047718048095703125
1 0.5090500116348267 0.8868020176887512 0.06679248809814453 0.06345796585083008
1 0.3975899815559387 0.9245719909667969 0.06913125514984131 0.07272303104400635
2 0.4584137797355652 0.9683470129966736 0.07109248638153076 0.060183048248291016
2 0.3162899911403656 0.3542439937591553 0.05160248279571533 0.048047006130218506
2 0.7467525005340576 0.7635579705238342 0.0621488094329834 0.07805299758911133
1 0.502364993095398 0.9438880085945129 0.06448376178741455 0.06647300720214844
2 0.3995075225830078 0.9225659966468811 0.0678124725818634 0.07285797595977783
