2 0.07504124939441681 0.7970010042190552 0.036136239767074585 0.03453195095062256
2 0.5446400046348572 0.9527689814567566 0.0430300235748291 0.042230963706970215
2 0.5089913010597229 0.9576339721679688 0.038359999656677246 0.03903305530548096
2 0.8329099416732788 0.3746030032634735 0.03174996376037598 0.03418397903442383
2 0.5490362048149109 0.9090880155563354 0.03758120536804199 0.04104304313659668
2 0.8111037611961365 0.4232180118560791 0.03182625770568848 0.031901001930236816
2 0.6597824692726135 0.34680598974227905 0.03069746494293213 0.030763983726501465
2 0.13376125693321228 0.709613025188446 0.03213000297546387 0.0320509672164917
2 0.31834250688552856 0.6078159809112549 0.03299373388290405 0.0337519645690918
2 0.8289112448692322 0.3398819863796234 0.029553771018981934 0.0303419828414917
2 0.945428729057312 0.413439005613327 0.03248119354248047 0.03104400634765625
0 0.7792587280273438 0.31175899505615234 0.02996504306793213 0.03245502710342407
2 0.4861224889755249 0.8819829821586609 0.04023623466491699 0.0395050048828125
2 0.9729224443435669 0.37114500999450684 0.03445625305175781 0.03575003147125244
