2 0.29015249013900757 0.3692289888858795 0.0818212628364563 0.08411598205566406
2 0.9949684143066406 0.28512999415397644 0.01006317138671875 0.07850901782512665
2 0.8431949615478516 0.5412110090255737 0.0740499496459961 0.08028805255889893
1 0.19598248600959778 0.59266597032547 0.07163000106811523 0.06822705268859863
2 0.933671236038208 0.5278850197792053 0.0718536376953125 0.07532501220703125
1 0.5515925288200378 0.2814910113811493 0.07133126258850098 0.07743000984191895
2 0.9538074731826782 0.4620800018310547 0.07003259658813477 0.07265198230743408
2 0.9493100643157959 0.26775500178337097 0.07267618179321289 0.07790298759937286
2 0.48445379734039307 0.5555220246315002 0.07785630226135254 0.07737100124359131
2 0.0147981196641922 0.5513399839401245 0.0295962393283844 0.06908202171325684
1 0.34594500064849854 0.5928789973258972 0.0742025077342987 0.08154594898223877
2 0.039192184805870056 0.62322598695755 0.07838436961174011 0.08004200458526611
1 0.47863250970840454 0.2347249984741211 0.07840251922607422 0.08745400607585907
2 0.31941747665405273 0.038086000829935074 0.07014375925064087 0.07617100328207016
1 0.49627500772476196 0.6320440173149109 0.06283879280090332 0.06836295127868652
2 0.4180600047111511 0.33663201332092285 0.0732874870300293 0.07438099384307861
1 0.6209675073623657 0.2584570050239563 0.07791125774383545 0.08207298815250397
1 0.15776625275611877 0.5297020077705383 0.07835876941680908 0.07061100006103516
1 0.348829984664917 0.13936899602413177 0.07441747188568115 0.07915899157524109
2 0.49664002656936646 0.4347110092639923 0.07875502109527588 0.08005702495574951
1 0.5524787902832031 0.48039400577545166 0.06138253211975098 0.07665899395942688
2 0.011215314269065857 0.0915210023522377 0.022430628538131714 0.07182000577449799
2 0.24098122119903564 0.6748420000076294 0.07996875047683716 0.08198404312133789
2 0.2678012251853943 0.22666999697685242 0.07394373416900635 0.08017899096012115
1 0.20729374885559082 0.9241960048675537 0.05225497484207153 0.0494920015335083
2 0.5630224943161011 0.3585189878940582 0.07653248310089111 0.07975000143051147
1 0.26801249384880066 0.22541199624538422 0.07611125707626343 0.0821320116519928
1 0.2873850166797638 0.13275200128555298 0.07848125696182251 0.08157800883054733
1 0.218726247549057 0.47663700580596924 0.06139373779296875 0.08162596821784973
2 0.19753625988960266 0.6663240194320679 0.053829967975616455 0.08257997035980225
2 0.8795775175094604 0.48753198981285095 0.06195122003555298 0.06819599866867065
2 0.29043376445770264 0.2850799858570099 0.07074123620986938 0.06633400917053223
1 0.045742496848106384 0.02468924969434738 0.08439749479293823 0.04937849938869476
0 0.9713281393051147 0.9118970036506653 0.05734372138977051 0.06163299083709717
2 0.045629993081092834 0.023899000138044357 0.07524374127388 0.04704900085926056
1 0.4517262578010559 0.622750997543335 0.055527448654174805 0.0642930269241333
1 0.007470309734344482 0.34891098737716675 0.014940619468688965 0.08718502521514893
2 0.007618747651576996 0.3474479913711548 0.015237495303153992 0.08412200212478638
1 0.29015377163887024 0.28817999362945557 0.06995248794555664 0.06530296802520752
1 0.24910873174667358 0.9640520215034485 0.046393752098083496 0.04863595962524414
2 0.003329060971736908 0.03219300135970116 0.006658121943473816 0.0591140016913414
1 0.003996565937995911 0.03153900057077408 0.007993131875991821 0.05939500033855438
0 0.8932662010192871 0.9256060123443604 0.06000375747680664 0.057293057441711426
2 0.40634870529174805 0.26571500301361084 0.06330624222755432 0.06534898281097412
1 0.3663637340068817 0.8499709963798523 0.05959373712539673 0.0582660436630249
2 0.03626750409603119 0.10613200068473816 0.06072625517845154 0.0678200051188469
1 0.9709880948066711 0.9115080237388611 0.058023810386657715 0.06358098983764648
1 0.4027625322341919 0.5678160190582275 0.06721127033233643 0.07461202144622803
1 0.564127504825592 0.3594120144844055 0.0746450424194336 0.08065497875213623
1 0.49627625942230225 0.43583300709724426 0.08040118217468262 0.08029299974441528
1 0.892623782157898 0.924888014793396 0.061399996280670166 0.05893397331237793
1 0.07247249782085419 0.45836201310157776 0.06345874071121216 0.06631898880004883
