2 0.9414536952972412 0.2881320118904114 0.07935237884521484 0.08594900369644165
1 0.3666687607765198 0.38693198561668396 0.06896749138832092 0.07213002443313599
2 0.09429500997066498 0.4811769723892212 0.04471251368522644 0.04202398657798767
2 0.39715123176574707 0.6142820119857788 0.06718873977661133 0.06990504264831543
2 0.6392850279808044 0.2987099885940552 0.07369625568389893 0.08686399459838867
2 0.08436998724937439 0.19823800027370453 0.0666775107383728 0.06750801205635071
2 0.34226876497268677 0.48572298884391785 0.06830623745918274 0.06717902421951294
2 0.19284874200820923 0.3693050146102905 0.06498122215270996 0.06686902046203613
1 0.8074662685394287 0.5121920108795166 0.08626997470855713 0.0698239803314209
2 0.59836745262146 0.4756839871406555 0.06722879409790039 0.07974100112915039
2 0.36560624837875366 0.7694270014762878 0.054622530937194824 0.05762505531311035
1 0.40103501081466675 0.4407559931278229 0.059012532234191895 0.05965602397918701
2 0.959801197052002 0.2033279985189438 0.07585883140563965 0.07878398895263672
1 0.7371624708175659 0.9263349771499634 0.0564500093460083 0.05603599548339844
1 0.9055075645446777 0.8013269901275635 0.06102871894836426 0.053634047508239746
2 0.07796750962734222 0.36340299248695374 0.0586475133895874 0.061122000217437744
1 0.7516900300979614 0.608938992023468 0.078971266746521 0.08727097511291504
2 0.12022998183965683 0.4077340066432953 0.04457749426364899 0.04634302854537964
1 0.8224450349807739 0.44206398725509644 0.07259368896484375 0.07487601041793823
2 0.6730862259864807 0.24886800348758698 0.08969998359680176 0.08761200308799744
2 0.2989650070667267 0.5080599784851074 0.05924874544143677 0.06542202830314636
2 0.29295000433921814 0.5687739849090576 0.06331998109817505 0.06212902069091797
2 0.6115124821662903 0.02763199992477894 0.08984494209289551 0.05526399984955788
2 0.38786500692367554 0.6985160112380981 0.05384373664855957 0.060531020164489746
1 0.12420500069856644 0.08893299847841263 0.0644337385892868 0.0628189891576767
2 0.23598498106002808 0.22120699286460876 0.09242498874664307 0.09667700529098511
1 0.9717302918434143 0.5210880041122437 0.05653941631317139 0.07012498378753662
1 0.4488237500190735 0.4428330063819885 0.06140244007110596 0.07057797908782959
1 0.1041250079870224 0.3089419901371002 0.05905374884605408 0.055281996726989746
2 0.08553625643253326 0.6101490259170532 0.039050012826919556 0.03923499584197998
2 0.9105625152587891 0.1648470014333725 0.0636911392211914 0.060319989919662476
1 0.6961237192153931 0.8866000175476074 0.053508758544921875 0.050863027572631836
2 0.9313287734985352 0.06051800027489662 0.0691063404083252 0.08780299872159958
1 0.8606362342834473 0.6033610105514526 0.07747006416320801 0.0820779800415039
1 0.8103962540626526 0.6269770264625549 0.056925058364868164 0.06896793842315674
2 0.6465362310409546 0.49539199471473694 0.076873779296875 0.0760679841041565
2 0.6349162459373474 0.5559380054473877 0.06879377365112305 0.06785297393798828
1 0.9804331064224243 0.06362300366163254 0.03913378715515137 0.08071400225162506
1 0.671978771686554 0.24985100328922272 0.09363245964050293 0.09057798981666565
1 0.6452537775039673 0.49522000551223755 0.08316874504089355 0.07581797242164612
1 0.9851850271224976 0.5758029818534851 0.029629945755004883 0.056285977363586426
1 0.28332623839378357 0.36003199219703674 0.0512087345123291 0.0636109709739685
2 0.08339498937129974 0.4569529891014099 0.036871254444122314 0.040720999240875244
1 0.3373662829399109 0.3568120002746582 0.0626325011253357 0.05890202522277832
2 0.9986947178840637 0.19675299525260925 0.0026105642318725586 0.0663290023803711
1 0.232354998588562 0.21941199898719788 0.08319878578186035 0.09358298778533936
2 0.9791468977928162 0.06405899673700333 0.041706204414367676 0.08316899836063385
1 0.8706112504005432 0.4084709882736206 0.0624774694442749 0.05767500400543213
1 0.3876962661743164 0.6983090043067932 0.05227375030517578 0.05948305130004883
2 0.859646201133728 0.6038990020751953 0.0776987075805664 0.08390295505523682
1 0.8581687808036804 0.12027300894260406 0.06987369060516357 0.08075300604104996
2 0.5121349692344666 0.010733000002801418 0.08571004867553711 0.021052999421954155
2 0.6189162731170654 0.03539099916815758 0.09330379962921143 0.062199003994464874
1 0.14824876189231873 0.20339299738407135 0.04963874816894531 0.043413013219833374
2 0.5103987455368042 0.01397900003939867 0.08960878849029541 0.02795800007879734
2 0.09426748752593994 0.25342699885368347 0.04310500621795654 0.03983199596405029
1 0.7624937295913696 0.359703004360199 0.06955504417419434 0.07243502140045166
1 0.772311270236969 0.4245220124721527 0.05268871784210205 0.05916702747344971
2 0.395493745803833 0.4977179765701294 0.05604252219200134 0.056382983922958374
