2 0.7887012958526611 0.8270959854125977 0.09872126579284668 0.10142898559570312
2 0.7187650203704834 0.6438080072402954 0.10142374038696289 0.10154497623443604
2 0.934594988822937 0.06672400236129761 0.08178997039794922 0.0825200080871582
2 0.3191487491130829 0.1195169985294342 0.06480872631072998 0.06739199161529541
2 0.7763825058937073 0.9115049839019775 0.07091248035430908 0.07172000408172607
2 0.7942112684249878 0.7293199896812439 0.10766875743865967 0.09732198715209961
2 0.2925350069999695 0.015294999815523624 0.07102501392364502 0.03058999963104725
1 0.850966215133667 0.6639440059661865 0.10562872886657715 0.09923195838928223
1 0.357613742351532 0.9801579713821411 0.10533750057220459 0.038984060287475586
2 0.2703700065612793 0.09679800271987915 0.06085747480392456 0.060871005058288574
