2 0.909443736076355 0.5041990280151367 0.07859128713607788 0.08125197887420654
2 0.7007012963294983 0.44967201352119446 0.0821462869644165 0.08419901132583618
2 0.32353001832962036 0.8985289931297302 0.05304497480392456 0.05528604984283447
1 0.6193475127220154 0.6697909832000732 0.06817376613616943 0.06929504871368408
2 0.7124450206756592 0.12342900037765503 0.07873380184173584 0.08384900540113449
1 0.9555150270462036 0.3496280014514923 0.07294631004333496 0.08049201965332031
2 0.3075762391090393 0.7600299715995789 0.0649687647819519 0.06715095043182373
1 0.8816162347793579 0.3072449862957001 0.07725745439529419 0.08975201845169067
1 0.21094372868537903 0.5664510130882263 0.058973729610443115 0.06190001964569092
2 0.9042149782180786 0.6269919872283936 0.07863378524780273 0.07882905006408691
1 0.9926299452781677 0.32430899143218994 0.01474010944366455 0.08015501499176025
2 0.42721623182296753 0.6377720236778259 0.06628870964050293 0.06921005249023438
2 0.027495309710502625 0.38551801443099976 0.05499061942100525 0.06134498119354248
2 0.8251887559890747 0.4109419882297516 0.07432246208190918 0.07570898532867432
1 0.747249960899353 0.22076499462127686 0.07533252239227295 0.07808899879455566
2 0.408338725566864 0.19870899617671967 0.06654250621795654 0.06840699911117554
2 0.35700997710227966 0.8256589770317078 0.050849974155426025 0.05738198757171631
2 0.3931087255477905 0.44158700108528137 0.07467499375343323 0.07890200614929199
2 0.4725950360298157 0.7036110162734985 0.07012999057769775 0.07363605499267578
2 0.3737037181854248 0.07739199697971344 0.06162998080253601 0.07051199674606323
2 0.04424625635147095 0.5374690294265747 0.05519750714302063 0.05623900890350342
1 0.8223137855529785 0.6416929960250854 0.06673872470855713 0.07322502136230469
1 0.9242500066757202 0.7036939859390259 0.0650787353515625 0.06543397903442383
2 0.2188974916934967 0.7204279899597168 0.05941373109817505 0.061331987380981445
2 0.6316237449645996 0.28075098991394043 0.06270122528076172 0.07010900974273682
1 0.23099124431610107 0.5269359946250916 0.060668766498565674 0.05415701866149902
2 0.6727399826049805 0.31149500608444214 0.06928873062133789 0.07619798183441162
2 0.1964937448501587 0.6608669757843018 0.058583736419677734 0.0623929500579834
2 0.699162483215332 0.3683899939060211 0.06884503364562988 0.06753402948379517
2 0.9653077721595764 0.42784199118614197 0.06938445568084717 0.08566701412200928
1 0.24455249309539795 0.6168249845504761 0.05692249536514282 0.060701966285705566
1 0.575564980506897 0.6096360087394714 0.07213377952575684 0.0754920244216919
2 0.33357125520706177 0.1256760060787201 0.06314998865127563 0.06284099817276001
2 0.463726282119751 0.11768399924039841 0.06499505043029785 0.06644599139690399
1 0.4366612434387207 0.028994999825954437 0.07636618614196777 0.057989999651908875
1 0.7091312408447266 0.755316972732544 0.049463748931884766 0.06729698181152344
2 0.6884999871253967 0.21840499341487885 0.07181370258331299 0.08170798420906067
1 0.0633387565612793 0.27948200702667236 0.05887874960899353 0.056577980518341064
2 0.14389124512672424 0.4148930013179779 0.054513752460479736 0.06548601388931274
2 0.6612037420272827 0.7500960230827332 0.08562123775482178 0.08046901226043701
2 0.37952500581741333 0.6857979893684387 0.05921375751495361 0.07989501953125
2 0.7619237303733826 0.6668779850006104 0.07607996463775635 0.0844719409942627
2 0.1684662401676178 0.6817600131034851 0.052980005741119385 0.06566202640533447
1 0.3932837247848511 0.13944900035858154 0.0645824670791626 0.05843200534582138
1 0.9693102836608887 0.5465989708900452 0.061379432678222656 0.07214498519897461
1 0.1736687421798706 0.5223289728164673 0.05510997772216797 0.05596199631690979
1 0.6601337790489197 0.9879630208015442 0.06421875953674316 0.02407395839691162
2 0.2984424829483032 0.6059449911117554 0.05750250816345215 0.06386399269104004
2 0.631793737411499 0.5565680265426636 0.05884253978729248 0.07838702201843262
2 0.4534287452697754 0.2089499980211258 0.05425751209259033 0.0680219829082489
1 0.6296412348747253 0.5579929947853088 0.0655062198638916 0.07687795162200928
1 0.05684375762939453 0.4836040139198303 0.05466124415397644 0.05311000347137451
2 0.05614250898361206 0.4836750030517578 0.05489376187324524 0.05008900165557861
1 0.8029149770736694 0.9241369962692261 0.06101250648498535 0.05758500099182129
1 0.46246999502182007 0.11730500310659409 0.06345129013061523 0.0666389912366867
1 0.8782474994659424 0.6933919787406921 0.05323880910873413 0.06572401523590088
1 0.6616787314414978 0.7511699795722961 0.07533752918243408 0.07960999011993408
1 0.762702465057373 0.6662390232086182 0.07720375061035156 0.08463096618652344
2 0.061588749289512634 0.4168570041656494 0.043704986572265625 0.04575002193450928
2 0.3951287269592285 0.14017699658870697 0.06394624710083008 0.05942600220441818
1 0.9659974575042725 0.42627400159835815 0.06800508499145508 0.08396100997924805
2 0.8133662939071655 0.34261900186538696 0.06431746482849121 0.0633699893951416
1 0.04016374051570892 0.31683000922203064 0.0434662401676178 0.04134100675582886
1 0.6303337812423706 0.27702099084854126 0.057054996490478516 0.06445801258087158
2 0.6314874887466431 0.7441869974136353 0.04787874221801758 0.08211398124694824
2 0.04031750559806824 0.31582900881767273 0.04378750920295715 0.0423470139503479
2 0.7556800246238708 0.350380003452301 0.05009627342224121 0.07016497850418091
1 0.6733112335205078 0.31033098697662354 0.07346630096435547 0.07945901155471802
1 0.29792749881744385 0.6055970191955566 0.057545006275177 0.06451296806335449
2 0.2896437346935272 0.652675986289978 0.04699873924255371 0.0446239709854126
1 0.3343150019645691 0.12669900059700012 0.06377625465393066 0.06527900695800781
