2 0.9111299514770508 0.5024020075798035 0.07856506109237671 0.08036696910858154
2 0.7004162073135376 0.4464859962463379 0.08330750465393066 0.0864109992980957
2 0.30545496940612793 0.7588289976119995 0.0621112585067749 0.06702995300292969
2 0.32197001576423645 0.897159993648529 0.05455124378204346 0.05602896213531494
1 0.9565137624740601 0.3468889892101288 0.07249999046325684 0.0804550051689148
1 0.8829087018966675 0.30531299114227295 0.07851505279541016 0.09126001596450806
1 0.6192749738693237 0.667110025882721 0.06753873825073242 0.06691205501556396
2 0.027168437838554382 0.38198500871658325 0.054336875677108765 0.06223797798156738
2 0.04128998517990112 0.5364220142364502 0.058225005865097046 0.056095004081726074
2 0.8261862993240356 0.4077779948711395 0.07359623908996582 0.07415997982025146
2 0.21682000160217285 0.7187489867210388 0.05820876359939575 0.062371015548706055
2 0.35576874017715454 0.8246880173683167 0.05131998658180237 0.05789601802825928
2 0.713708758354187 0.1194159984588623 0.07742118835449219 0.08398599177598953
2 0.4084862470626831 0.1951970010995865 0.0658637285232544 0.06855300068855286
1 0.2110075056552887 0.5632950067520142 0.06149625778198242 0.06220901012420654
1 0.9246861934661865 0.7026410102844238 0.06502127647399902 0.0664529800415039
2 0.4265899658203125 0.636247992515564 0.06359124183654785 0.07051205635070801
1 0.9927384853363037 0.320935994386673 0.014523029327392578 0.08334702253341675
2 0.47202998399734497 0.7012929916381836 0.07274246215820312 0.07582104206085205
2 0.3752487301826477 0.07405400276184082 0.064674973487854 0.07115700840950012
1 0.822863757610321 0.6394429802894592 0.06588375568389893 0.07234203815460205
2 0.674019992351532 0.3092699944972992 0.06878376007080078 0.07524800300598145
2 0.9041025638580322 0.6252099871635437 0.07987123727798462 0.07969403266906738
2 0.7004200220108032 0.36583900451660156 0.06854879856109619 0.06648898124694824
1 0.70953369140625 0.7544400095939636 0.04787123203277588 0.06514596939086914
1 0.7501713037490845 0.21969500184059143 0.07703244686126709 0.07857199013233185
2 0.3800874948501587 0.6820170283317566 0.06262624263763428 0.08133494853973389
2 0.39390748739242554 0.43917199969291687 0.07567000389099121 0.08096998929977417
2 0.3328712582588196 0.12344899773597717 0.06306499242782593 0.06306200474500656
2 0.1955600082874298 0.6564329862594604 0.05982750654220581 0.060060977935791016
1 0.06238248944282532 0.2774839997291565 0.059106260538101196 0.057732999324798584
1 0.9695743322372437 0.5454229712486267 0.060851335525512695 0.07200098037719727
2 0.9666768908500671 0.42353400588035583 0.06664621829986572 0.0804939866065979
1 0.2291862666606903 0.5242170095443726 0.05756253004074097 0.05149197578430176
2 0.4638062119483948 0.11518199741840363 0.0668025016784668 0.06853300333023071
1 0.5765511989593506 0.6070619821548462 0.07202744483947754 0.07394301891326904
1 0.4385175108909607 0.026698250323534012 0.0733799934387207 0.053396500647068024
2 0.29812997579574585 0.6029729843139648 0.059783756732940674 0.062168002128601074
1 0.6583662629127502 0.9877640008926392 0.06333005428314209 0.024471044540405273
2 0.7625137567520142 0.6651909947395325 0.07593131065368652 0.08207905292510986
1 0.8772299289703369 0.6919909715652466 0.05212998390197754 0.0624539852142334
1 0.24272873997688293 0.6148719787597656 0.05760377645492554 0.06034505367279053
2 0.6901662349700928 0.21616500616073608 0.07200372219085693 0.08151198923587799
2 0.45320624113082886 0.206153005361557 0.05635631084442139 0.06663799285888672
2 0.166982501745224 0.6804919838905334 0.04981499910354614 0.06492197513580322
2 0.6313412189483643 0.2781369984149933 0.06117129325866699 0.0714619904756546
1 0.3937937617301941 0.13715000450611115 0.06343626976013184 0.06091299653053284
2 0.14107999205589294 0.41088199615478516 0.056813761591911316 0.06726402044296265
1 0.6618688106536865 0.7484840154647827 0.07463252544403076 0.07732796669006348
2 0.6600199937820435 0.7481470108032227 0.08581244945526123 0.07929503917694092
2 0.8136712312698364 0.3395400047302246 0.06476378440856934 0.06499898433685303
1 0.7635112404823303 0.6632580161094666 0.07648873329162598 0.084494948387146
1 0.17268499732017517 0.5192310214042664 0.05676501989364624 0.05661097168922424
2 0.6330599784851074 0.5540440082550049 0.059282541275024414 0.08008503913879395
2 0.05949375033378601 0.41389501094818115 0.04325374960899353 0.04321402311325073
2 0.053186237812042236 0.48144203424453735 0.05503624677658081 0.05052700638771057
1 0.80220627784729 0.9214469790458679 0.06064248085021973 0.055801987648010254
1 0.6303199529647827 0.5566020011901855 0.06598496437072754 0.07873702049255371
2 0.03864374756813049 0.31374698877334595 0.04472625255584717 0.04080402851104736
2 0.39392000436782837 0.13690100610256195 0.0638587474822998 0.06124299764633179
1 0.6312187314033508 0.27507099509239197 0.05753374099731445 0.06606900691986084
2 0.756024956703186 0.3485240042209625 0.05290627479553223 0.0699930191040039
1 0.9664224982261658 0.4236780107021332 0.06715500354766846 0.08228600025177002
1 0.05347123742103577 0.4809949994087219 0.055635005235672 0.05388498306274414
2 0.2886824905872345 0.1513269990682602 0.04473376274108887 0.045096009969711304
1 0.03811749815940857 0.314626008272171 0.04446375370025635 0.041342973709106445
1 0.3779662251472473 0.07427199929952621 0.06729376316070557 0.0723779946565628
2 0.625962495803833 0.7400029897689819 0.03662002086639404 0.07839095592498779
2 0.09548249840736389 0.4161800146102905 0.04565626382827759 0.04448902606964111
1 0.6817112565040588 0.6877130270004272 0.05429255962371826 0.051367998123168945
1 0.673252522945404 0.30815398693084717 0.06994998455047607 0.07700002193450928
