2 0.6905587315559387 0.42747101187705994 0.08113622665405273 0.0870710015296936
2 0.2923800051212311 0.7360299825668335 0.06283122301101685 0.06903600692749023
1 0.6070162653923035 0.6478059887886047 0.06960499286651611 0.06833493709564209
1 0.8759212493896484 0.28352099657058716 0.07932251691818237 0.0879179835319519
2 0.3061962425708771 0.8742120265960693 0.05644124746322632 0.05694901943206787
2 0.018799372017383575 0.3549250066280365 0.03759874403476715 0.06426399946212769
2 0.7071537971496582 0.09647099673748016 0.07726120948791504 0.08338800072669983
1 0.9532487392425537 0.3260039985179901 0.07020759582519531 0.07470399141311646
1 0.7537950277328491 0.6437730193138123 0.07437622547149658 0.0850600004196167
2 0.027722187340259552 0.5081260204315186 0.055444374680519104 0.058313995599746704
1 0.9141662120819092 0.6806979775428772 0.06401991844177246 0.06475794315338135
1 0.6656275391578674 0.283951997756958 0.07254374027252197 0.07959000766277313
1 0.9911293983459473 0.30178600549697876 0.01774120330810547 0.0802299976348877
1 0.7416637539863586 0.19463500380516052 0.0741037130355835 0.08026599884033203
1 0.8953862190246582 0.6057050228118896 0.07816380262374878 0.07920396327972412
1 0.6683124899864197 0.6666380167007446 0.054593801498413086 0.051632046699523926
1 0.22863250970840454 0.5903599858283997 0.058932483196258545 0.06514203548431396
1 0.7912999391555786 0.9032269716262817 0.06040370464324951 0.058053016662597656
2 0.2006950080394745 0.6951969861984253 0.059243738651275635 0.0602949857711792
2 0.3217887282371521 0.09591200202703476 0.06466376781463623 0.06491799652576447
2 0.17393124103546143 0.6352400183677673 0.07195502519607544 0.06685900688171387
1 0.46038371324539185 0.68163001537323 0.07390999794006348 0.07959496974945068
2 0.39769500494003296 0.1683879941701889 0.06798624992370605 0.06872299313545227
1 0.1969500184059143 0.5406150221824646 0.06180626153945923 0.060984015464782715
1 0.1624625027179718 0.49257200956344604 0.07058751583099365 0.059844970703125
2 0.3816462755203247 0.4193579852581024 0.07711997628211975 0.07887297868728638
2 0.3711012601852417 0.6635749936103821 0.07357373833656311 0.08267796039581299
1 0.9638187885284424 0.5276200175285339 0.06448245048522949 0.06994602084159851
2 0.34053748846054077 0.8014429807662964 0.05195122957229614 0.05721902847290039
1 0.6246512532234192 0.5343689918518066 0.055492520332336426 0.07955098152160645
2 0.12704998254776 0.3869929909706116 0.05996875464916229 0.07009696960449219
1 0.5642912983894348 0.5869380235671997 0.07629120349884033 0.0744849443435669
2 0.4123912453651428 0.6142690181732178 0.06374871730804443 0.07019603252410889
1 0.6485687494277954 0.7314990162849426 0.07866871356964111 0.08415102958679199
2 0.4517862796783447 0.08761999756097794 0.0647662878036499 0.06750299036502838
2 0.8179412484169006 0.3880009949207306 0.07119500637054443 0.07461202144622803
1 0.6973375082015991 0.7338610291481018 0.04753375053405762 0.07027804851531982
1 0.20942622423171997 0.49750199913978577 0.0638049840927124 0.05505901575088501
1 0.8684912919998169 0.6717050075531006 0.05382496118545532 0.06400895118713379
1 0.6906000375747681 0.343733012676239 0.07315123081207275 0.06639301776885986
2 0.03508499264717102 0.4523659944534302 0.05561751127243042 0.053826987743377686
1 0.8119012713432312 0.6197649836540222 0.06805872917175293 0.07553398609161377
2 0.440559983253479 0.1784130036830902 0.05627119541168213 0.06767600774765015
2 0.36302125453948975 0.04746000096201897 0.06308996677398682 0.071663998067379
1 0.9029450416564941 0.4842979907989502 0.07793879508972168 0.07885098457336426
1 0.745977520942688 0.3247169852256775 0.0542525053024292 0.06708699464797974
1 0.41307252645492554 0.615024983882904 0.06399250030517578 0.07166600227355957
1 0.6819312572479248 0.19184699654579163 0.06605374813079834 0.0839489996433258
2 0.45816874504089355 0.6796759963035583 0.0742800235748291 0.08078598976135254
1 0.3795849680900574 0.1105009987950325 0.06423875689506531 0.05901600420475006
1 0.8046025037765503 0.3166170120239258 0.06315505504608154 0.06571102142333984
1 0.04766875505447388 0.24702100455760956 0.05388125777244568 0.06126400828361511
1 0.963810920715332 0.405689001083374 0.07237815856933594 0.0804780125617981
1 0.2843649983406067 0.5816720128059387 0.05890625715255737 0.06316602230072021
2 0.010195627808570862 0.4348030090332031 0.020391255617141724 0.040470004081726074
2 0.043880000710487366 0.3816330134868622 0.04151499271392822 0.04363298416137695
2 0.9014487266540527 0.4837599992752075 0.07770872116088867 0.07962897419929504
2 0.6905274987220764 0.3421249985694885 0.07123994827270508 0.06986898183822632
1 0.438385009765625 0.014506250619888306 0.10882747173309326 0.02901250123977661
2 0.1599699854850769 0.6534199714660645 0.06795626878738403 0.06768202781677246
2 0.021732814610004425 0.28194400668144226 0.04346562922000885 0.041658997535705566
2 0.3817499876022339 0.11061599850654602 0.06393501162528992 0.05941300839185715
1 0.6406750082969666 0.9744330048561096 0.04682755470275879 0.04299795627593994
1 0.6192062497138977 0.25202998518943787 0.056046247482299805 0.061598002910614014
2 0.2809687554836273 0.629065990447998 0.051393747329711914 0.05097699165344238
2 0.07998751103878021 0.3892660140991211 0.046240001916885376 0.04332399368286133
1 0.43274128437042236 0.012795000337064266 0.08302879333496094 0.025590000674128532
1 0.6134549975395203 0.721767008304596 0.04038119316101074 0.08041393756866455
2 0.2757349908351898 0.12335599958896637 0.048751235008239746 0.04477900266647339
1 0.07626374065876007 0.4726339876651764 0.04283750057220459 0.05267399549484253
2 0.28432250022888184 0.5809280276298523 0.05903500318527222 0.0623699426651001
1 0.021144375205039978 0.2818340063095093 0.042288750410079956 0.04194200038909912
