2 0.020537815988063812 0.5488899946212769 0.041075631976127625 0.07323801517486572
2 0.49742501974105835 0.28126201033592224 0.07656621932983398 0.07782500982284546
2 0.8729137778282166 0.7265719771385193 0.07894504070281982 0.08338594436645508
1 0.28741878271102905 0.791379988193512 0.07230746746063232 0.07264900207519531
2 0.44882500171661377 0.3290410041809082 0.07308244705200195 0.0725870132446289
1 0.23029500246047974 0.6989849805831909 0.05610501766204834 0.05584704875946045
2 0.40196001529693604 0.11464899778366089 0.07136377692222595 0.07144200801849365
2 0.514085054397583 0.35069701075553894 0.06958496570587158 0.06811302900314331
1 0.32264500856399536 0.8573039770126343 0.06180751323699951 0.07927894592285156
1 0.7430825233459473 0.9463909864425659 0.07111752033233643 0.060475945472717285
1 0.263729989528656 0.8948289752006531 0.07022124528884888 0.07484197616577148
2 0.5779512524604797 0.3276999890804291 0.07086122035980225 0.07324302196502686
2 0.5449600219726562 0.42145198583602905 0.0941011905670166 0.08707201480865479
1 0.20531624555587769 0.6577789783477783 0.060758769512176514 0.06295394897460938
1 0.2626887559890747 0.7352510094642639 0.07299500703811646 0.06812798976898193
2 0.0176965594291687 0.707069993019104 0.0353931188583374 0.06881797313690186
1 0.9342575073242188 0.49320000410079956 0.07718253135681152 0.07953000068664551
2 0.9788831472396851 0.6931340098381042 0.04223370552062988 0.0743340253829956
2 0.9914543628692627 0.9082710146903992 0.01709127426147461 0.0791330337524414
1 0.3699074983596802 0.842428982257843 0.06698751449584961 0.07281899452209473
1 0.7478237152099609 0.8901110291481018 0.08293628692626953 0.06913197040557861
1 0.028242193162441254 0.6605920195579529 0.05648438632488251 0.05726504325866699
2 0.016548439860343933 0.28291699290275574 0.033096879720687866 0.03673899173736572
2 0.050665006041526794 0.42439499497413635 0.06689000129699707 0.06798297166824341
2 0.3172000050544739 0.1206429973244667 0.04965001344680786 0.04635299742221832
2 0.5634737014770508 0.7508860230445862 0.07300877571105957 0.07907700538635254
1 0.902769923210144 0.949836015701294 0.07623249292373657 0.07795703411102295
2 0.014903433620929718 0.8243290185928345 0.029806867241859436 0.041259050369262695
2 0.5723724961280823 0.23019099235534668 0.0751575231552124 0.07700298726558685
2 0.9216275215148926 0.39337000250816345 0.07506871223449707 0.07834601402282715
1 0.15623125433921814 0.5975369811058044 0.09591872990131378 0.08898293972015381
1 0.20436498522758484 0.7346959710121155 0.05680251121520996 0.06270301342010498
2 0.04162999987602234 0.23686900734901428 0.038947492837905884 0.03921699523925781
2 0.3717462420463562 0.3541019856929779 0.06923374533653259 0.06945997476577759
1 0.946373701095581 0.9161109924316406 0.06009864807128906 0.06548202037811279
1 0.7065462470054626 0.9127770066261292 0.05081629753112793 0.07315194606781006
2 0.04401625692844391 0.27292799949645996 0.040811240673065186 0.03659600019454956
2 0.31696751713752747 0.9736629724502563 0.06751877069473267 0.05255401134490967
2 0.6014125347137451 0.7112230062484741 0.08406627178192139 0.08264601230621338
2 0.9537087678909302 0.09188699722290039 0.07955741882324219 0.07714300602674484
2 0.5701587796211243 0.9601550102233887 0.0927886962890625 0.07968997955322266
2 0.21883249282836914 0.9169449806213379 0.07005500793457031 0.09457194805145264
1 0.9730527997016907 0.9629070162773132 0.05389440059661865 0.0651620626449585
1 0.1174287423491478 0.6941480040550232 0.06304748356342316 0.06652605533599854
2 0.3480224907398224 0.09787700325250626 0.04539000988006592 0.051962003111839294
1 0.6002225279808044 0.7097190022468567 0.08371877670288086 0.0849449634552002
2 0.021659061312675476 0.45485201478004456 0.04331812262535095 0.04813098907470703
1 0.5702662467956543 0.9606009721755981 0.08900749683380127 0.07879805564880371
1 0.06881248950958252 0.5439770221710205 0.03740501403808594 0.0486220121383667
1 0.5292037725448608 0.8928239941596985 0.08146119117736816 0.08231699466705322
2 0.5256949663162231 0.19857099652290344 0.06660127639770508 0.07194200158119202
1 0.8528200387954712 0.5703849792480469 0.06617122888565063 0.061398983001708984
2 0.3696950078010559 0.07061699777841568 0.05388498306274414 0.06095300242304802
1 0.9052150249481201 0.6179019808769226 0.04708242416381836 0.06823194026947021
2 0.8646849989891052 0.4831640124320984 0.07150495052337646 0.0837620198726654
2 0.527131199836731 0.8917930126190186 0.08186495304107666 0.08635604381561279
1 0.8647050857543945 0.4858109951019287 0.06766253709793091 0.07930198311805725
2 0.1178399920463562 0.6928849816322327 0.06341123580932617 0.06780505180358887
2 0.1557750105857849 0.5970320105552673 0.09668248891830444 0.08665704727172852
1 0.961611270904541 0.6119700074195862 0.06372880935668945 0.06825196743011475
2 0.042483747005462646 0.6250969767570496 0.05014500021934509 0.05035400390625
2 0.05313749611377716 0.148935005068779 0.042189985513687134 0.040221989154815674
2 0.581116259098053 0.6465219855308533 0.06519246101379395 0.05598104000091553
2 0.0222940593957901 0.6147289872169495 0.0445881187915802 0.04867994785308838
2 0.9623262882232666 0.6125879883766174 0.06218123435974121 0.06492602825164795
1 0.7941349744796753 0.5367990136146545 0.0680924654006958 0.06821095943450928
1 0.7975962162017822 0.8556979894638062 0.05129122734069824 0.049610018730163574
1 0.26411375403404236 0.8292649984359741 0.06613999605178833 0.058526039123535156
1 0.01915094256401062 0.7080469727516174 0.03830188512802124 0.0686349868774414
2 0.852071225643158 0.5694149732589722 0.06523501873016357 0.06214296817779541
