2 0.9967355728149414 0.7268959879875183 0.0065288543701171875 0.11313998699188232
2 0.15087249875068665 0.6154980063438416 0.10940873622894287 0.10002398490905762
2 0.5541987419128418 0.15554200112819672 0.11098504066467285 0.10299298912286758
2 0.4567737579345703 0.2816149890422821 0.10611248016357422 0.10293698310852051
2 0.8662362694740295 0.5842599868774414 0.1060112714767456 0.10625898838043213
2 0.9766041040420532 0.9170200228691101 0.046791791915893555 0.08782398700714111
2 0.9338138103485107 0.7970700263977051 0.0977625846862793 0.10297501087188721
2 0.17263001203536987 0.5406929850578308 0.09869873523712158 0.08894002437591553
2 0.2726300060749054 0.6001620292663574 0.09729123115539551 0.0936349630355835
1 0.6273750066757202 0.9293910264968872 0.10975122451782227 0.10218596458435059
2 0.629096269607544 0.9298329949378967 0.11006629467010498 0.10326898097991943
2 0.4537299871444702 0.007329000160098076 0.07693624496459961 0.014657000079751015
