2 0.6960287094116211 0.4439209997653961 0.08055877685546875 0.08591800928115845
2 0.9066674709320068 0.5006060004234314 0.07972878217697144 0.08098399639129639
2 0.3029687702655792 0.7575110197067261 0.06438875198364258 0.0681309700012207
1 0.6155387759208679 0.6649479866027832 0.06788253784179688 0.06701695919036865
2 0.3194099962711334 0.895389974117279 0.054480016231536865 0.05587303638458252
1 0.8785238265991211 0.30270299315452576 0.07878255844116211 0.09044700860977173
2 0.35247623920440674 0.8235899806022644 0.05315124988555908 0.05782294273376465
1 0.20772123336791992 0.562969982624054 0.06294500827789307 0.06209301948547363
2 0.8208149671554565 0.4065220057964325 0.07052505016326904 0.07539898157119751
2 0.7084737420082092 0.11663399636745453 0.08008873462677002 0.08429399132728577
1 0.9536299705505371 0.3452959954738617 0.0723412036895752 0.07857102155685425
1 0.9908018708229065 0.31918200850486755 0.01839625835418701 0.08034801483154297
2 0.40223753452301025 0.19246000051498413 0.06814122200012207 0.0679360032081604
2 0.024159684777259827 0.38283100724220276 0.04831936955451965 0.05952799320220947
2 0.6960375308990479 0.36382201313972473 0.0699150562286377 0.06776398420333862
1 0.921162486076355 0.7005580067634583 0.062413692474365234 0.06693005561828613
2 0.8999712467193604 0.622979998588562 0.07792377471923828 0.07920503616333008
2 0.6689574718475342 0.3065739870071411 0.0677487850189209 0.0750190019607544
2 0.03905375301837921 0.5347210168838501 0.06112375855445862 0.05847299098968506
2 0.9643459916114807 0.4219230115413666 0.07130801677703857 0.08111000061035156
2 0.328000009059906 0.12082400172948837 0.06062251329421997 0.06140299141407013
2 0.38860124349594116 0.4381589889526367 0.07816752791404724 0.08093500137329102
2 0.3860275149345398 0.13530799746513367 0.05826997756958008 0.060155004262924194
1 0.5710350275039673 0.6058779954910278 0.07152247428894043 0.07562601566314697
2 0.4690150022506714 0.6997680068016052 0.07175123691558838 0.07342994213104248
2 0.42175501585006714 0.6344760060310364 0.06664371490478516 0.07220995426177979
2 0.3772762417793274 0.6797170042991638 0.06767377257347107 0.0810929536819458
1 0.057415008544921875 0.27548500895500183 0.06064873933792114 0.05717200040817261
1 0.23778998851776123 0.614359974861145 0.055222511291503906 0.06092405319213867
1 0.6567187309265137 0.9869977235794067 0.06545746326446533 0.026004493236541748
2 0.163263738155365 0.6799060106277466 0.05565500259399414 0.06602001190185547
1 0.8197849988937378 0.6377320289611816 0.06637001037597656 0.07409095764160156
2 0.36889001727104187 0.07140599936246872 0.06512874364852905 0.06943699717521667
2 0.7580550312995911 0.6645470261573792 0.07488000392913818 0.08151602745056152
2 0.45775872468948364 0.11233600974082947 0.06524503231048584 0.07061100751161575
2 0.6277250051498413 0.27267900109291077 0.06274497509002686 0.06791400909423828
1 0.7981937527656555 0.9192950129508972 0.0602262020111084 0.05707705020904541
2 0.21282625198364258 0.7173449993133545 0.059681236743927 0.06099104881286621
1 0.9681471586227417 0.5442630052566528 0.0637056827545166 0.07061398029327393
1 0.22414252161979675 0.5217159986495972 0.06131875514984131 0.04734301567077637
1 0.8746412992477417 0.6883320212364197 0.056063711643218994 0.06464993953704834
1 0.19084250926971436 0.6540489792823792 0.062161266803741455 0.058312058448791504
2 0.1387937366962433 0.4084149897098541 0.0520862340927124 0.06802201271057129
1 0.744418740272522 0.2170799970626831 0.07526123523712158 0.0772169828414917
1 0.7049025297164917 0.7524030208587646 0.04838001728057861 0.06309103965759277
2 0.685152530670166 0.2154099941253662 0.06838750839233398 0.07978999614715576
2 0.6244087219238281 0.7396979928016663 0.04536628723144531 0.07561004161834717
1 0.4313275218009949 0.026265999302268028 0.07426130771636963 0.052531998604536057
2 0.44885748624801636 0.20503400266170502 0.05928003787994385 0.06702199578285217
1 0.6267362236976624 0.5530009865760803 0.06271994113922119 0.0806349515914917
1 0.7584049701690674 0.6619889736175537 0.07392001152038574 0.08554196357727051
2 0.8098612427711487 0.33799299597740173 0.0638587474822998 0.06540799140930176
1 0.659184992313385 0.7479479908943176 0.07393622398376465 0.07632505893707275
1 0.04892374575138092 0.48093900084495544 0.05248251557350159 0.050589025020599365
2 0.6577212810516357 0.7467849850654602 0.08202755451202393 0.07910096645355225
2 0.18995749950408936 0.6556379795074463 0.06449997425079346 0.06040596961975098
2 0.29423123598098755 0.6019999980926514 0.05746501684188843 0.06105005741119385
2 0.055648744106292725 0.41174399852752686 0.043386250734329224 0.04487800598144531
2 0.6256349682807922 0.552715003490448 0.06345129013061523 0.07863903045654297
1 0.29365500807762146 0.6020179986953735 0.05851501226425171 0.06125497817993164
1 0.4832724928855896 0.5424969792366028 0.06281375885009766 0.06386101245880127
2 0.03504624962806702 0.3132359981536865 0.042750000953674316 0.039879024028778076
1 0.3876575231552124 0.4374240040779114 0.07735621929168701 0.0812789797782898
1 0.4217812418937683 0.6367419958114624 0.0668025016784668 0.07208502292633057
1 0.6693400144577026 0.30645400285720825 0.06837379932403564 0.07580399513244629
2 0.0913112461566925 0.41006800532341003 0.04707375168800354 0.05163300037384033
2 0.752041220664978 0.34632599353790283 0.0517125129699707 0.06800997257232666
1 0.6798225045204163 0.6858680248260498 0.053045034408569336 0.05056297779083252
1 0.1669600009918213 0.5180019736289978 0.05009627342224121 0.05661296844482422
2 0.17117249965667725 0.6701779961585999 0.0682300329208374 0.07813894748687744
