2 0.7206475138664246 0.42477500438690186 0.08282744884490967 0.0836380124092102
2 0.3275187611579895 0.8679559826850891 0.056550025939941406 0.0591050386428833
1 0.6331775188446045 0.6452959775924683 0.06952250003814697 0.06948399543762207
1 0.9078824520111084 0.2827700078487396 0.07940006256103516 0.08783501386642456
2 0.31581124663352966 0.7291229963302612 0.06541377305984497 0.07015001773834229
1 0.7718037366867065 0.19067099690437317 0.07311630249023438 0.07670500874519348
1 0.9735868573188782 0.32572001218795776 0.05282628536224365 0.07519400119781494
1 0.2531275153160095 0.5863100290298462 0.057895004749298096 0.06429696083068848
2 0.4265437722206116 0.16101300716400146 0.06786000728607178 0.0687589943408966
1 0.22289377450942993 0.5338860154151917 0.06314003467559814 0.06324994564056396
1 0.9406999349594116 0.6806300282478333 0.06495261192321777 0.06552398204803467
1 0.9806581735610962 0.5257560014724731 0.03868365287780762 0.07073798775672913
1 0.4108349680900574 0.1031700000166893 0.06445503234863281 0.061310991644859314
2 0.03285124897956848 0.3452039957046509 0.058798760175704956 0.05931597948074341
1 0.8128849864006042 0.9030539989471436 0.058542490005493164 0.05684399604797363
2 0.4837062358856201 0.6749269962310791 0.07713377475738525 0.08038198947906494
1 0.238963782787323 0.49103301763534546 0.05980122089385986 0.050648003816604614
1 0.9795812368392944 0.4065049886703491 0.04083752632141113 0.07926100492477417
1 0.7828574776649475 0.643455982208252 0.07497251033782959 0.08404397964477539
2 0.17373624444007874 0.6474670171737671 0.05282372236251831 0.06305599212646484
2 0.43919622898101807 0.6112899780273438 0.06665873527526855 0.06910598278045654
2 0.3908650279045105 0.6596729755401611 0.06256377696990967 0.07932496070861816
2 0.047926247119903564 0.4978330135345459 0.05433875322341919 0.05563199520111084
1 0.5922650098800659 0.5852259993553162 0.07606375217437744 0.06860899925231934
1 0.7132962942123413 0.18891499936580658 0.06878244876861572 0.08271399140357971
1 0.3517037630081177 0.08938899636268616 0.06479623913764954 0.06470400094985962
1 0.8355037569999695 0.3138130009174347 0.06386744976043701 0.06479102373123169
2 0.8487412929534912 0.38608500361442566 0.07564878463745117 0.07231402397155762
1 0.9253849983215332 0.6060580015182495 0.07906866073608398 0.08004200458526611
1 0.6968462467193604 0.2813290059566498 0.06966745853424072 0.07590501010417938
2 0.7392362952232361 0.09160499274730682 0.0797874927520752 0.08227499574422836
1 0.39736872911453247 0.038152001798152924 0.07005622982978821 0.07231000065803528
2 0.3613849878311157 0.7939379811286926 0.05142125487327576 0.0576399564743042
2 0.40947747230529785 0.4120100140571594 0.07494378089904785 0.08003097772598267
1 0.6520987749099731 0.5331140160560608 0.05716753005981445 0.07962897419929504
1 0.7199125289916992 0.34014999866485596 0.07147872447967529 0.0659710168838501
1 0.6616250276565552 0.9699050188064575 0.04902994632720947 0.04806399345397949
1 0.6960687637329102 0.66669100522995 0.0517200231552124 0.054039955139160156
1 0.7774175405502319 0.3217189908027649 0.055008769035339355 0.06932598352432251
2 0.15692001581192017 0.3741070032119751 0.047556281089782715 0.06567299365997314
1 0.8403937816619873 0.6198999881744385 0.06680750846862793 0.07541704177856445
2 0.22533750534057617 0.6881470084190369 0.05950748920440674 0.059733033180236816
1 0.07652999460697174 0.23774699866771698 0.0565125048160553 0.05638501048088074
2 0.3081512451171875 0.5758669972419739 0.059472501277923584 0.0655139684677124
2 0.2040262520313263 0.6266180276870728 0.05864375829696655 0.06220400333404541
2 0.4806162118911743 0.08143199980258942 0.06447625160217285 0.06989400088787079
2 0.9314513206481934 0.48137402534484863 0.07917618751525879 0.08339002728462219
1 0.15219375491142273 0.3743090033531189 0.05223876237869263 0.06588399410247803
1 0.9305324554443359 0.4832890033721924 0.07983875274658203 0.07937800884246826
1 0.061693742871284485 0.4451349973678589 0.05118998885154724 0.05465400218963623
2 0.6748862862586975 0.7305809855461121 0.07839000225067139 0.08287394046783447
2 0.4731149673461914 0.17282700538635254 0.05845749378204346 0.06764200329780579
2 0.9245100021362305 0.6066120266914368 0.07702255249023438 0.07821595668792725
1 0.1816824972629547 0.4857339859008789 0.05925250053405762 0.05816999077796936
1 0.04204374551773071 0.2680869996547699 0.04346001148223877 0.04349701106548309
1 0.8940037488937378 0.6722450256347656 0.05180001258850098 0.0628659725189209
1 0.7241087555885315 0.7295550107955933 0.046727538108825684 0.06619405746459961
1 0.6520849466323853 0.2464359998703003 0.05795001983642578 0.061366006731987
1 0.46347498893737793 0.007633000612258911 0.07709872722625732 0.015021000057458878
2 0.6390525102615356 0.7180910110473633 0.04315745830535889 0.07708001136779785
1 0.47989749908447266 0.08142799884080887 0.06635129451751709 0.07018899917602539
2 0.720192551612854 0.33992499113082886 0.0702662467956543 0.06963497400283813
2 0.41139501333236694 0.10260900110006332 0.06331002712249756 0.060506001114845276
1 0.3026549816131592 0.11645099520683289 0.050422489643096924 0.04500799626111984
1 0.6777662038803101 0.7304369807243347 0.07255125045776367 0.08131098747253418
1 0.06604249775409698 0.36820799112319946 0.03882625699043274 0.04793202877044678
2 0.02155625820159912 0.42312899231910706 0.03701251745223999 0.03498399257659912
2 0.06094624102115631 0.4453139901161194 0.05411499738693237 0.05517297983169556
2 0.10682499408721924 0.37561899423599243 0.04809623956680298 0.05108398199081421
2 0.3502487242221832 0.08733899891376495 0.06293874979019165 0.0628809928894043
2 0.11329750716686249 0.35729101300239563 0.05643126368522644 0.05734902620315552
2 0.6533637046813965 0.5333330035209656 0.05482494831085205 0.07872700691223145
1 0.10255749523639679 0.4640420079231262 0.04083999991416931 0.05136901140213013
2 0.29270875453948975 0.6208779811859131 0.04439496994018555 0.045387983322143555
1 0.4745587706565857 0.009697999805212021 0.09526503086090088 0.019395001232624054
