2 0.6943012475967407 0.44508299231529236 0.08033502101898193 0.08647501468658447
1 0.6142862439155579 0.6660410165786743 0.06911623477935791 0.0677189826965332
2 0.3216037452220917 0.896586000919342 0.055599987506866455 0.0559309720993042
2 0.3044250011444092 0.7576770186424255 0.0633312463760376 0.0685420036315918
2 0.9049612283706665 0.5008609890937805 0.08006620407104492 0.08135497570037842
1 0.8768562078475952 0.3024570047855377 0.07911872863769531 0.08988499641418457
1 0.2080250084400177 0.5647730231285095 0.06257623434066772 0.061375975608825684
2 0.40169626474380493 0.19428299367427826 0.06778252124786377 0.06781300902366638
2 0.355227530002594 0.8246219754219055 0.05165627598762512 0.057556986808776855
2 0.026000626385211945 0.3833869993686676 0.05200125277042389 0.0630829930305481
1 0.9520512819290161 0.34547799825668335 0.07039117813110352 0.07762598991394043
2 0.7053025364875793 0.1173200011253357 0.07814252376556396 0.0852150022983551
1 0.9895803332328796 0.31862398982048035 0.020839333534240723 0.08004200458526611
1 0.9213650226593018 0.6994119882583618 0.06287741661071777 0.0665440559387207
2 0.04108250141143799 0.5369539856910706 0.05971750617027283 0.05777299404144287
2 0.38648879528045654 0.4391300082206726 0.07709872722625732 0.07986801862716675
2 0.8189888000488281 0.40716901421546936 0.07093369960784912 0.0756869912147522
2 0.694617509841919 0.36318498849868774 0.06936872005462646 0.07008099555969238
2 0.8996899127960205 0.6229000091552734 0.07742875814437866 0.07978403568267822
2 0.963478147983551 0.42195001244544983 0.07304370403289795 0.08029800653457642
2 0.21471375226974487 0.7183470129966736 0.05865001678466797 0.06132698059082031
2 0.3267287313938141 0.1224989965558052 0.05979001522064209 0.060266003012657166
2 0.6670774817466736 0.30730199813842773 0.06960999965667725 0.07637298107147217
1 0.9671312570571899 0.5445730090141296 0.06361126899719238 0.06901705265045166
1 0.2378075122833252 0.6160780191421509 0.05505502223968506 0.06092202663421631
2 0.4219587445259094 0.6366249918937683 0.06582498550415039 0.07435095310211182
1 0.22702378034591675 0.5237320065498352 0.061148762702941895 0.04978001117706299
1 0.061693742871284485 0.2758359909057617 0.05904749035835266 0.060211002826690674
2 0.2932087779045105 0.604066014289856 0.05829375982284546 0.06327605247497559
1 0.43039625883102417 0.026527000591158867 0.0699312686920166 0.053054001182317734
2 0.3760237693786621 0.6809689998626709 0.06650999188423157 0.0784749984741211
1 0.5695037841796875 0.6070259809494019 0.0711749792098999 0.07594597339630127
1 0.8191937208175659 0.6374710202217102 0.0667487382888794 0.07358503341674805
2 0.16614124178886414 0.6799539923667908 0.05827498435974121 0.06718301773071289
1 0.6582199931144714 0.9871439933776855 0.06343626976013184 0.025712013244628906
2 0.6257675290107727 0.27466800808906555 0.05984628200531006 0.06806600093841553
2 0.45649248361587524 0.1144620031118393 0.06492495536804199 0.06997600197792053
1 0.7423974871635437 0.21711400151252747 0.07303130626678467 0.0760670155286789
2 0.38709378242492676 0.1371760070323944 0.06125998497009277 0.06044700741767883
2 0.46667373180389404 0.7003960013389587 0.07612872123718262 0.07831299304962158
1 0.757522463798523 0.6629049777984619 0.07409000396728516 0.08542895317077637
1 0.6574612259864807 0.7482699751853943 0.07526123523712158 0.07692205905914307
1 0.8747987747192383 0.6876819729804993 0.05511879920959473 0.06434094905853271
1 0.4220399856567383 0.6380770206451416 0.06421995162963867 0.07394301891326904
1 0.19092750549316406 0.655767023563385 0.06193751096725464 0.05777394771575928
2 0.7570500373840332 0.6655160188674927 0.07523131370544434 0.08091104030609131
2 0.6830286979675293 0.2165209949016571 0.06608128547668457 0.07996301352977753
2 0.4471449851989746 0.2079939991235733 0.05326497554779053 0.06553900241851807
2 0.368143767118454 0.07342600077390671 0.06414753198623657 0.068121999502182
1 0.6952112317085266 0.366102010011673 0.06947505474090576 0.06793999671936035
1 0.7049962282180786 0.7527629733085632 0.04953122138977051 0.06340897083282471
1 0.05160750448703766 0.48301398754119873 0.054063767194747925 0.05121698975563049
1 0.7997362613677979 0.918766975402832 0.05953872203826904 0.057131052017211914
2 0.6260600090026855 0.5529630184173584 0.061563730239868164 0.0807119607925415
2 0.8078725337982178 0.33791300654411316 0.062426209449768066 0.06514900922775269
1 0.6791224479675293 0.6867849826812744 0.0543062686920166 0.053254008293151855
2 0.13726001977920532 0.41104599833488464 0.05788624286651611 0.06958502531051636
2 0.18749374151229858 0.658266007900238 0.06999248266220093 0.06274998188018799
1 0.6254825592041016 0.5532079935073853 0.0634537935256958 0.0807640552520752
1 0.6673949956893921 0.3069060146808624 0.07078123092651367 0.07782602310180664
1 0.3698350191116333 0.07388400286436081 0.06824752688407898 0.06980501115322113
1 0.4696362614631653 0.7027429938316345 0.07436001300811768 0.07600998878479004
1 0.037355005741119385 0.31394699215888977 0.04332000017166138 0.040149986743927
1 0.48219001293182373 0.5451989769935608 0.060395002365112305 0.06118595600128174
2 0.6536049842834473 0.7481849789619446 0.0877312421798706 0.08446395397186279
1 0.1717349886894226 0.5188630223274231 0.05753624439239502 0.05585598945617676
1 0.7494587898254395 0.34686899185180664 0.0534825325012207 0.06866902112960815
2 0.05942875146865845 0.4141770005226135 0.04337501525878906 0.044879019260406494
1 0.14214250445365906 0.4098770022392273 0.04985874891281128 0.0671129822731018
1 0.09115250408649445 0.5023630261421204 0.040859997272491455 0.05155500769615173
2 0.0927325040102005 0.4169679880142212 0.04540249705314636 0.04557299613952637
2 0.1749424934387207 0.6702449917793274 0.07455873489379883 0.0785590410232544
2 0.7499974966049194 0.34651198983192444 0.05402505397796631 0.06829202175140381
2 0.03796374797821045 0.3140209913253784 0.04361000657081604 0.03928297758102417
2 0.2836512327194214 0.649770975112915 0.046156227588653564 0.045671939849853516
