2 0.06899000704288483 0.3841100037097931 0.10495248436927795 0.10232001543045044
2 0.6487675309181213 0.29686400294303894 0.10673129558563232 0.10174798965454102
2 0.7668912410736084 0.4868469834327698 0.11141252517700195 0.10439297556877136
2 0.5887024998664856 0.16986000537872314 0.10771119594573975 0.10175900906324387
2 0.04538905620574951 0.18137000501155853 0.09077811241149902 0.10784399509429932
2 0.6727449893951416 0.6364629864692688 0.10933876037597656 0.10396695137023926
2 0.5056162476539612 0.9341070055961609 0.1007699966430664 0.09904301166534424
1 0.4057162404060364 0.881413996219635 0.0968174934387207 0.08867502212524414
2 0.3796262741088867 0.9662110209465027 0.10707375407218933 0.06757700443267822
2 0.07913750410079956 0.6736660003662109 0.08976751565933228 0.08006000518798828
1 0.1504875123500824 0.21533498167991638 0.10659374296665192 0.10963098704814911
2 0.10604000836610794 0.28288400173187256 0.10948751866817474 0.0999550074338913
2 0.15107375383377075 0.8517789840698242 0.11940999329090118 0.07838296890258789
2 0.14524748921394348 0.45730099081993103 0.06335751712322235 0.06650799512863159
2 0.1632474958896637 0.8596400022506714 0.11247622966766357 0.07139897346496582
1 0.18796876072883606 0.8658490180969238 0.0670812726020813 0.062454938888549805
