2 0.3510599732398987 0.744799017906189 0.06341001391410828 0.0677499771118164
2 0.7475125193595886 0.43514299392700195 0.08333373069763184 0.08444297313690186
2 0.36872875690460205 0.8821160197257996 0.0564899742603302 0.0573199987411499
1 0.6656550168991089 0.6551740169525146 0.06887376308441162 0.06929302215576172
2 0.06939250230789185 0.3672280013561249 0.06004875898361206 0.06310898065567017
1 0.9340499639511108 0.2894130051136017 0.0782012939453125 0.08703601360321045
1 0.9850590825080872 0.3341679871082306 0.029881834983825684 0.07762402296066284
1 0.8500312566757202 0.9108840227127075 0.06174999475479126 0.05887198448181152
1 0.9702690243721008 0.690762996673584 0.05946195125579834 0.06509900093078613
1 0.7975350022315979 0.2039089947938919 0.07478499412536621 0.07808399200439453
1 0.8134399652481079 0.6551640033721924 0.07339251041412354 0.08111906051635742
2 0.4725149869918823 0.6243730187416077 0.06801998615264893 0.07625901699066162
1 0.9959231019020081 0.5335209965705872 0.008153796195983887 0.07133603096008301
1 0.7468587160110474 0.35345301032066345 0.07296121120452881 0.06827002763748169
2 0.2623499929904938 0.7043830156326294 0.05950748920440674 0.061187028884887695
2 0.23674249649047852 0.6447269916534424 0.0701025128364563 0.06411099433898926
2 0.5172200202941895 0.6893510222434998 0.07541370391845703 0.08051097393035889
2 0.7629137635231018 0.10499599575996399 0.07594621181488037 0.08494799584150314
2 0.4018300175666809 0.8102080225944519 0.052355051040649414 0.05853402614593506
1 0.9262387752532959 0.6817539930343628 0.05229759216308594 0.06306004524230957
1 0.8709650039672852 0.6276929974555969 0.06719130277633667 0.07289695739746094
1 0.28930747509002686 0.6009730100631714 0.05940002202987671 0.06437695026397705
1 0.6233187317848206 0.5963259935379028 0.07650744915008545 0.07137393951416016
2 0.8749162554740906 0.3960610032081604 0.07389247417449951 0.07369500398635864
2 0.4401637315750122 0.42585501074790955 0.07650744915008545 0.07964098453521729
1 0.9531275033950806 0.6133459806442261 0.08054494857788086 0.07966995239257812
1 0.4867287874221802 0.01958799920976162 0.08181750774383545 0.03917599841952324
2 0.4286987781524658 0.6697009801864624 0.07018375396728516 0.08176696300506592
1 0.9919171333312988 0.4119440019130707 0.016165733337402344 0.08304399251937866
1 0.7210550308227539 0.2944610118865967 0.0773625373840332 0.07722198963165283
2 0.08881250023841858 0.5196340084075928 0.058654993772506714 0.05708801746368408
1 0.7569699883460999 0.7402359843254089 0.047708749771118164 0.06923902034759521
2 0.017841249704360962 0.4529939889907837 0.03371375799179077 0.03504800796508789
1 0.8613362312316895 0.32546699047088623 0.0639500617980957 0.0631369948387146
2 0.3433087468147278 0.5899879932403564 0.05936002731323242 0.06499695777893066
1 0.6804974675178528 0.5425860285758972 0.0599287748336792 0.07993197441101074
2 0.10642749816179276 0.3963960111141205 0.04302625358104706 0.0455089807510376
2 0.9591100215911865 0.4890510141849518 0.07978510856628418 0.08122497797012329
2 0.37876248359680176 0.10679999738931656 0.06320121884346008 0.06342200934886932
1 0.10988875478506088 0.25808000564575195 0.05734248459339142 0.061846986413002014
2 0.5079036951065063 0.09942500293254852 0.06583619117736816 0.06779500842094421
1 0.7367812395095825 0.20238299667835236 0.06944501399993896 0.08158999681472778
2 0.18741250038146973 0.39555099606513977 0.055410027503967285 0.07001399993896484
2 0.4193462133407593 0.057485997676849365 0.06570243835449219 0.0681380033493042
1 0.2568437457084656 0.5502579808235168 0.06255877017974854 0.06318795680999756
2 0.45513373613357544 0.18112899363040924 0.06415629386901855 0.06842300295829773
2 0.21885746717453003 0.6619889736175537 0.06374752521514893 0.06450104713439941
1 0.4397774934768677 0.12033700197935104 0.06361997127532959 0.059824004769325256
2 0.7209587097167969 0.29475098848342896 0.07152247428894043 0.07425999641418457
1 0.2745424807071686 0.5120159983634949 0.06388998031616211 0.059267014265060425
2 0.08354625105857849 0.29447901248931885 0.04196876287460327 0.04089701175689697
2 0.7062637209892273 0.7353439927101135 0.09291994571685791 0.082908034324646
2 0.9523475170135498 0.6140409708023071 0.08207368850708008 0.08230197429656982
1 0.45574748516082764 0.1794389933347702 0.0625537633895874 0.06402099132537842
2 0.6771950125694275 0.26221299171447754 0.05756998062133789 0.06686800718307495
2 0.2126062512397766 0.6668189764022827 0.05002248287200928 0.061792969703674316
2 0.09964125603437424 0.4653699994087219 0.05464000999927521 0.05133301019668579
1 0.7074987292289734 0.7369639873504639 0.07978630065917969 0.08185994625091553
1 0.22008877992630005 0.5048080086708069 0.060533761978149414 0.062450021505355835
1 0.9588363170623779 0.4915280044078827 0.08027863502502441 0.08134502172470093
2 0.43842124938964844 0.12091799825429916 0.06147873401641846 0.05847199261188507
1 0.6759049892425537 0.26095399260520935 0.05290496349334717 0.06373699009418488
1 0.8039937615394592 0.33492299914360046 0.05020499229431152 0.07136601209640503
1 0.5376700162887573 0.5292590260505676 0.0590662956237793 0.06310701370239258
2 0.1421462595462799 0.4009380042552948 0.047536253929138184 0.0472869873046875
1 0.4991949796676636 0.19211499392986298 0.051006197929382324 0.064767986536026
2 0.28858622908592224 0.6013320088386536 0.05923372507095337 0.06497299671173096
1 0.7285774946212769 0.6740279793739319 0.05408120155334473 0.047081947326660156
1 0.42309874296188354 0.058031998574733734 0.07093870639801025 0.06612299382686615
2 0.42382878065109253 0.4762449860572815 0.04584622383117676 0.05876198410987854
1 0.5723037719726562 0.008495999500155449 0.06519627571105957 0.01699100062251091
1 0.6276837587356567 0.33347100019454956 0.06768250465393066 0.05532902479171753
