2 0.2196274995803833 0.6386709809303284 0.1020587682723999 0.08880305290222168
2 0.4212524890899658 0.2866849899291992 0.10859501361846924 0.11139200627803802
2 0.18583500385284424 0.6975550055503845 0.10552752017974854 0.09796202182769775
2 0.2388949990272522 0.14784300327301025 0.11053377389907837 0.1095069944858551
2 0.4841125011444092 0.3873730003833771 0.11855745315551758 0.10951000452041626
2 0.028716564178466797 0.5234519839286804 0.057433128356933594 0.10960999131202698
0 0.9825305938720703 0.03918199986219406 0.034938812255859375 0.07836399972438812
2 0.3111474812030792 0.37089601159095764 0.10032498836517334 0.10593599081039429
1 0.3381574749946594 0.9736440181732178 0.13774001598358154 0.052610039710998535
0 0.8764312267303467 0.9685090184211731 0.14385002851486206 0.061807990074157715
2 0.5819112062454224 0.9448429942131042 0.14972126483917236 0.1103140115737915
2 0.37463879585266113 0.4710730016231537 0.10159376263618469 0.06925898790359497
2 0.3764137625694275 0.8841320276260376 0.09403502941131592 0.0982520580291748
0 0.7972800135612488 0.10189400613307953 0.097983717918396 0.13567599654197693
