0 0.1964150071144104 0.08610899746417999 0.05255627632141113 0.08158900588750839
0 0.12139874696731567 0.051791999489068985 0.06198626756668091 0.08104199916124344
0 0.4990299940109253 0.1853010058403015 0.03773629665374756 0.036312997341156006
0 0.35916125774383545 0.34986698627471924 0.04227125644683838 0.04378700256347656
1 0.3875800371170044 0.7899550199508667 0.04960501194000244 0.04737198352813721
0 0.24155372381210327 0.04165799915790558 0.06130248308181763 0.07229501008987427
0 0.18558749556541443 0.026920000091195107 0.06305497884750366 0.053839001804590225
0 0.3953362703323364 0.30767399072647095 0.03893625736236572 0.038631975650787354
2 0.06391750276088715 0.33742600679397583 0.039877504110336304 0.03954499959945679
1 0.30236124992370605 0.6708409786224365 0.029555022716522217 0.03616201877593994
