2 0.19633623957633972 0.6321790218353271 0.10902124643325806 0.10338997840881348
2 0.888066291809082 0.8711599707603455 0.1486375331878662 0.14680695533752441
2 0.3062162399291992 0.5058900117874146 0.10579752922058105 0.10000598430633545
2 0.5153025388717651 0.12068900465965271 0.10799252986907959 0.10526800900697708
2 0.7018450498580933 0.2427089959383011 0.10634255409240723 0.1123490035533905
2 0.7714962363243103 0.33625099062919617 0.11732876300811768 0.11237996816635132
2 0.4950824975967407 0.6633189916610718 0.09988999366760254 0.09920501708984375
2 0.6002787947654724 0.3379180133342743 0.09630119800567627 0.1030769944190979
2 0.6544325351715088 0.9436399936676025 0.12624871730804443 0.11033904552459717
2 0.5272024869918823 0.60658198595047 0.09272503852844238 0.08834302425384521
