2 0.3821662664413452 0.10952600091695786 0.10702252388000488 0.10832999646663666
2 0.07469122856855392 0.6316009759902954 0.10931248962879181 0.105368971824646
2 0.752560019493103 0.8504210114479065 0.1506187915802002 0.15027999877929688
2 0.47290873527526855 0.3275899887084961 0.09782874584197998 0.10180997848510742
2 0.3744724988937378 0.656391978263855 0.10137498378753662 0.09736895561218262
2 0.638191282749176 0.3216150104999542 0.11632120609283447 0.11248898506164551
2 0.570852518081665 0.23178799450397491 0.10557377338409424 0.11037001013755798
2 0.18313997983932495 0.5026839971542358 0.10583752393722534 0.10323402285575867
2 0.5290212631225586 0.9333570003509521 0.12720751762390137 0.12173795700073242
0 0.9983925223350525 0.8851850032806396 0.0032149553298950195 0.14528703689575195
2 0.40575748682022095 0.5988360047340393 0.09459877014160156 0.09184300899505615
