2 0.928712010383606 0.5495629906654358 0.06862600147724152 0.09273000061511993
2 0.36006200313568115 0.4613949954509735 0.06302200257778168 0.08437100052833557
2 0.8964419960975647 0.4841510057449341 0.056915998458862305 0.07875999808311462
2 0.4040769934654236 0.3947100043296814 0.05936000123620033 0.07902400195598602
2 0.24096500873565674 0.40111100673675537 0.05649799853563309 0.07248800247907639
2 0.8442040085792542 0.45383700728416443 0.06566599756479263 0.08156699687242508
2 0.7633489966392517 0.3386180102825165 0.07101999968290329 0.09092999994754791
2 0.12210202217102051 0.37698400020599365 0.06438399851322174 0.08054900169372559
1 0.21943801641464233 0.2009589970111847 0.06220399960875511 0.08304399996995926
1 0.5507320165634155 0.7882829904556274 0.05104000121355057 0.06280200183391571
2 0.3047090172767639 0.43634599447250366 0.05253700166940689 0.07579399645328522
2 0.8430030345916748 0.5301560163497925 0.06606099754571915 0.08199699968099594
2 0.8022800087928772 0.2546519935131073 0.06700500100851059 0.08432800322771072
2 0.3915519714355469 0.5957599878311157 0.050144001841545105 0.07183600217103958
1 0.5881780385971069 0.24345900118350983 0.06546500325202942 0.07695300132036209
2 0.8830209970474243 0.3321000039577484 0.06558799743652344 0.08601000159978867
2 0.8745200037956238 0.2344059944152832 0.06685400009155273 0.09008599817752838
2 0.15748602151870728 0.326649010181427 0.05579899996519089 0.06499999761581421
1 0.12005001306533813 0.24983400106430054 0.05198200047016144 0.07572200149297714
2 0.3581169843673706 0.38721001148223877 0.04667399823665619 0.06333000212907791
1 0.16958200931549072 0.26339200139045715 0.0638900026679039 0.08240099996328354
2 0.10526001453399658 0.40559300780296326 0.05340699851512909 0.06653500348329544
1 0.43834298849105835 0.5542439818382263 0.056995999068021774 0.06771399825811386
1 0.7126710414886475 0.9270129799842834 0.04866499826312065 0.06268800050020218
1 0.4340680241584778 0.6180379986763 0.0563029982149601 0.06621000170707703
0 0.09348297119140625 0.692779004573822 0.035006001591682434 0.04058400169014931
1 0.5932300090789795 0.7803289890289307 0.0487929992377758 0.0595720000565052
2 0.37857699394226074 0.29429998993873596 0.062428999692201614 0.08434399962425232
2 0.34251898527145386 0.17050999402999878 0.07033800333738327 0.08518599718809128
1 0.34180402755737305 0.16922999918460846 0.06875500082969666 0.08292599767446518
1 0.21978497505187988 0.14964699745178223 0.06733399629592896 0.0718970000743866
1 0.21657097339630127 0.26979199051856995 0.044054001569747925 0.06131700053811073
1 0.1287810206413269 0.18144500255584717 0.0728129968047142 0.06570500135421753
1 0.32851701974868774 0.22800500690937042 0.0481100007891655 0.04838399961590767
2 0.16885697841644287 0.2625490128993988 0.06276600062847137 0.08339200168848038
2 0.1481199860572815 0.32511699199676514 0.05668399855494499 0.06778699904680252
1 0.11531001329421997 0.1845189929008484 0.05590000003576279 0.062463000416755676
1 0.14833998680114746 0.17699900269508362 0.05446099862456322 0.06409099698066711
2 0.4334089756011963 0.6184719800949097 0.056099001318216324 0.06712400168180466
2 0.7884200215339661 0.21231700479984283 0.06870300322771072 0.07678999751806259
2 0.09241801500320435 0.14265799522399902 0.045441001653671265 0.06366900354623795
2 0.5347790122032166 0.4867219924926758 0.041721001267433167 0.06958699971437454
2 0.22103601694107056 0.14645500481128693 0.05792900174856186 0.0656920000910759
1 0.3775399923324585 0.2960030138492584 0.06227000057697296 0.07979699969291687
