2 0.7962960004806519 0.7258170247077942 0.05305600166320801 0.07036399841308594
2 0.4681450128555298 0.4213460087776184 0.06340199708938599 0.08286300301551819
2 0.7891169786453247 0.8667680025100708 0.04401899874210358 0.057443998754024506
1 0.3203589916229248 0.28205400705337524 0.0600459985435009 0.08348800241947174
1 0.2607640027999878 0.3262229859828949 0.05817300081253052 0.07506400346755981
1 0.5390070080757141 0.6409419775009155 0.05575599893927574 0.06911399960517883
1 0.42434197664260864 0.19020000100135803 0.057735998183488846 0.07569900155067444
2 0.302914023399353 0.47895699739456177 0.061723001301288605 0.07833400368690491
1 0.2990040183067322 0.6792169809341431 0.05325699970126152 0.06728000193834305
2 0.7267379760742188 0.6496790051460266 0.06255500018596649 0.08388599753379822
2 0.7149649858474731 0.40606600046157837 0.06225699931383133 0.08087600022554398
2 0.6587730050086975 0.6726790070533752 0.05924899876117706 0.07551799714565277
2 0.9104340076446533 0.6453160047531128 0.04294700175523758 0.06405899673700333
2 0.7606459856033325 0.7953050136566162 0.04332900047302246 0.059105001389980316
2 0.023508012294769287 0.5824519991874695 0.04701700061559677 0.08143600076436996
2 0.6929770112037659 0.6031129956245422 0.05229699984192848 0.0692100003361702
2 0.8863909840583801 0.6198490262031555 0.049966998398303986 0.06320499628782272
2 0.8709290027618408 0.6843400001525879 0.048861000686883926 0.06225600093603134
1 0.3997589945793152 0.8978149890899658 0.04556899890303612 0.056602999567985535
2 0.36773401498794556 0.3840230107307434 0.0570949986577034 0.07114700227975845
2 0.8027430176734924 0.5708910226821899 0.051176998764276505 0.06382100284099579
2 0.45065099000930786 0.09226100146770477 0.060182999819517136 0.08165200054645538
2 0.8451899886131287 0.5787990093231201 0.048156000673770905 0.06483899801969528
1 0.20691299438476562 0.30262601375579834 0.06207000091671944 0.08068499714136124
2 0.3098270297050476 0.6026939749717712 0.0599760003387928 0.07648800313472748
1 0.5701830387115479 0.5778869986534119 0.058423999696969986 0.07379700243473053
1 0.42142200469970703 0.6399070024490356 0.0576310008764267 0.08027499914169312
2 0.7025020122528076 0.15556499361991882 0.0503930002450943 0.06806199997663498
1 0.25589799880981445 0.5265600085258484 0.05182500183582306 0.07071100175380707
2 0.9302089810371399 0.3690730035305023 0.04943300038576126 0.0696989968419075
2 0.7630109786987305 0.08059599995613098 0.051642000675201416 0.0634939968585968
1 0.47286397218704224 0.18722599744796753 0.058003999292850494 0.08078400045633316
1 0.5026810169219971 0.7241190075874329 0.06227700039744377 0.08356200158596039
1 0.5205650329589844 0.24381700158119202 0.046261001378297806 0.06584399938583374
1 0.5250009894371033 0.5292649865150452 0.05153299868106842 0.08377400040626526
1 0.3346260190010071 0.6691610217094421 0.04090699926018715 0.06111599877476692
1 0.46814799308776855 0.3382590115070343 0.055806998163461685 0.07111299782991409
1 0.5212709903717041 0.9683110117912292 0.03858400136232376 0.04717399924993515
1 0.48710399866104126 0.2794789969921112 0.060123998671770096 0.0785209983587265
2 0.25095701217651367 0.4058089852333069 0.0620109997689724 0.07882799953222275
1 0.8706520199775696 0.5269529819488525 0.051653001457452774 0.06388600170612335
2 0.7168959975242615 0.09765300154685974 0.05140899866819382 0.05987999960780144
1 0.726938009262085 0.0348690003156662 0.056391000747680664 0.0697380006313324
2 0.11450999975204468 0.017968999221920967 0.07238899916410446 0.03532499819993973
2 0.665569007396698 0.1670210063457489 0.04726500064134598 0.06574100255966187
2 0.42389601469039917 0.6400570273399353 0.06386300176382065 0.08290799707174301
2 0.4682239890098572 0.33745500445365906 0.05644899979233742 0.06853699684143066
1 0.4707409739494324 0.7268279790878296 0.039910998195409775 0.07314600050449371
1 0.5364359617233276 0.7137119770050049 0.036646001040935516 0.07892999798059464
1 0.3769500255584717 0.3138909935951233 0.049479998648166656 0.062199998646974564
1 0.48982900381088257 0.6627839803695679 0.04305800050497055 0.05328899994492531
2 0.6564630270004272 0.07637500017881393 0.054249998182058334 0.06857699900865555
1 0.3767009973526001 0.615822970867157 0.05542200058698654 0.07726699858903885
1 0.2508310079574585 0.4057520031929016 0.06186100095510483 0.07927999645471573
1 0.7152409553527832 0.09809199720621109 0.05380300059914589 0.06188800185918808
1 0.4225350022315979 0.3208189904689789 0.03933599963784218 0.06831800192594528
2 0.7273010015487671 0.035225000232458115 0.05708099901676178 0.07019700109958649
1 0.6401090025901794 0.5116040110588074 0.05147499963641167 0.06508100032806396
1 0.669281005859375 0.007027000188827515 0.07171899825334549 0.012659000232815742
1 0.3092600107192993 0.6028760075569153 0.06098200008273125 0.0787070021033287
1 0.9728670120239258 0.45868799090385437 0.040842000395059586 0.059888001531362534
2 0.5191830396652222 0.24635900557041168 0.05148399993777275 0.07126600295305252
1 0.9816340208053589 0.2267650067806244 0.03673100098967552 0.061987001448869705
1 0.9909080266952515 0.4461379945278168 0.018185000866651535 0.072843998670578
2 0.9629600048065186 0.3542569875717163 0.0500359982252121 0.06786499917507172
