2 0.573523998260498 0.3936670124530792 0.06592699885368347 0.0845709964632988
2 0.9187700152397156 0.6948570013046265 0.054044999182224274 0.06943699717521667
2 0.40826302766799927 0.45597100257873535 0.06141600012779236 0.08073300123214722
2 0.9131190180778503 0.8374500274658203 0.047467999160289764 0.05887899920344353
2 0.13183599710464478 0.564640998840332 0.06148499995470047 0.08172500133514404
2 0.04169201850891113 0.48573699593544006 0.05534999817609787 0.07306700199842453
1 0.422698974609375 0.25679200887680054 0.06306599825620651 0.0890209972858429
1 0.6485860347747803 0.6114230155944824 0.0580810010433197 0.07305499911308289
2 0.7718539834022522 0.6416749954223633 0.061197999864816666 0.07976000010967255
2 0.8066229820251465 0.5705549716949463 0.05533500015735626 0.06937699764966965
2 0.4721829891204834 0.3593530058860779 0.05764000117778778 0.07440599799156189
2 0.8417040109634399 0.6206799745559692 0.05545699968934059 0.08446300029754639
2 0.42025500535964966 0.5772929787635803 0.05936000123620033 0.07668600231409073
2 0.3566179871559143 0.381538987159729 0.06327299773693085 0.08488400280475616
2 0.5332159996032715 0.6137700080871582 0.06376100331544876 0.083467997610569
2 0.8817740082740784 0.7644990086555481 0.044888000935316086 0.060750000178813934
2 0.06015998125076294 0.5497419834136963 0.0605349987745285 0.08206500113010406
1 0.5263830423355103 0.16327400505542755 0.06153399869799614 0.07892599701881409
2 0.04377901554107666 0.29217401146888733 0.061156000941991806 0.07702100276947021
1 0.9637190103530884 0.5465819835662842 0.05103600025177002 0.06582599878311157
2 0.6101779937744141 0.6983109712600708 0.06456399708986282 0.08128699660301208
1 0.6450849771499634 0.9431489706039429 0.04061700031161308 0.05090700089931488
2 0.5506100058555603 0.06310000270605087 0.06193599849939346 0.08172900229692459
1 0.3627510070800781 0.30428600311279297 0.05548600107431412 0.07583700120449066
1 0.6301440000534058 0.500669002532959 0.0473329983651638 0.08043300360441208
1 0.575363039970398 0.15780000388622284 0.0584850013256073 0.08191300183534622
1 0.5156570076942444 0.8717150092124939 0.04707900062203407 0.05645100027322769
2 0.6492109894752502 0.6865050196647644 0.040415000170469284 0.07437799870967865
1 0.48414701223373413 0.589057981967926 0.053488001227378845 0.0760900005698204
1 0.590487003326416 0.2500079870223999 0.05385100096464157 0.07728800177574158
2 0.9827460050582886 0.6488329768180847 0.03450800105929375 0.06315899640321732
1 0.31045299768447876 0.2833229899406433 0.06363599747419357 0.08088800311088562
2 0.8719450235366821 0.039608001708984375 0.05641999840736389 0.06722500175237656
1 0.41245198249816895 0.6527109742164612 0.05266999825835228 0.06615000218153
2 0.9809409976005554 0.4914500117301941 0.03811800107359886 0.06878399848937988
2 0.6774100065231323 0.5498510003089905 0.06015300005674362 0.07557199895381927
2 0.8099200129508972 0.11876299977302551 0.05525999888777733 0.06937699764966965
2 0.917576014995575 0.5389930009841919 0.05040799826383591 0.06435800343751907
2 0.5728920102119446 0.30848899483680725 0.057670000940561295 0.07135599851608276
1 0.529574990272522 0.29446300864219666 0.044512998312711716 0.07013300061225891
1 0.5733759999275208 0.310137003660202 0.05669499933719635 0.07313700020313263
1 0.7552769780158997 0.9051799774169922 0.04370100051164627 0.04796700179576874
2 0.10300600528717041 0.5133519768714905 0.04671100154519081 0.06513399630784988
2 0.8204569816589355 0.37212100625038147 0.0661420002579689 0.08268599957227707
1 0.09213000535964966 0.9499599933624268 0.04939299821853638 0.05899300053715706
1 0.36637502908706665 0.5018349885940552 0.04702100157737732 0.0704289972782135
1 0.5509339570999146 0.06311599910259247 0.0629969984292984 0.08179400116205215
1 0.7638149857521057 0.03962099924683571 0.05577399954199791 0.06707900017499924
2 0.8356930017471313 0.011361000128090382 0.06211400032043457 0.022722000256180763
2 0.01819700002670288 0.32880499958992004 0.03204699978232384 0.06497599929571152
2 0.822022020816803 0.05777600035071373 0.05313799902796745 0.060812998563051224
1 0.6246609687805176 0.21325500309467316 0.04454899951815605 0.06547500193119049
1 0.6082850098609924 0.978236973285675 0.03488299995660782 0.04352699965238571
2 0.7647609710693359 0.0398080013692379 0.054019998759031296 0.06676100194454193
1 0.8210020065307617 0.37224000692367554 0.0668879970908165 0.08444999903440475
2 0.630495011806488 0.5006999969482422 0.047756001353263855 0.07979200035333633
2 0.9298660159111023 0.5863950252532959 0.04447700083255768 0.054090000689029694
1 0.48163801431655884 0.2885029911994934 0.0496239997446537 0.06608299911022186
2 0.012616991996765137 0.28740599751472473 0.025234999135136604 0.0722699984908104
2 0.011743009090423584 0.3383159935474396 0.023485999554395676 0.0698150023818016
2 0.775210976600647 0.133432999253273 0.04500700160861015 0.06828100234270096
1 0.9890859723091125 0.5853340029716492 0.021633999422192574 0.07014700025320053
1 0.6767170429229736 0.5496439933776855 0.06352700293064117 0.07398299872875214
2 0.9751790165901184 0.4486039876937866 0.04721299931406975 0.05853499844670296
2 0.623924970626831 0.21472199261188507 0.04955099895596504 0.06800100207328796
