2 0.33041101694107056 0.4475730061531067 0.06569399684667587 0.0837789997458458
2 0.629114031791687 0.8972100019454956 0.044075001031160355 0.05618400126695633
2 0.3188679814338684 0.11832500249147415 0.059808000922203064 0.08376000076532364
2 0.6432540416717529 0.7589399814605713 0.04946000128984451 0.0665230005979538
2 0.16140002012252808 0.5011399984359741 0.06400100141763687 0.07994499802589417
1 0.1844320297241211 0.3028010129928589 0.06233000010251999 0.08929099887609482
2 0.5108059644699097 0.7020630240440369 0.05690300092101097 0.07303199917078018
2 0.2299010157585144 0.40762999653816223 0.058823999017477036 0.07474300265312195
1 0.12528401613235474 0.3452549874782562 0.060127001255750656 0.0779390037059784
2 0.5483880043029785 0.6385120153427124 0.05331199988722801 0.07361800223588943
1 0.3939089775085449 0.6664000153541565 0.05431000143289566 0.06817200034856796
2 0.5212880373001099 0.1138869971036911 0.05380899831652641 0.07128900289535522
2 0.8698279857635498 0.38440901041030884 0.049665000289678574 0.06223199889063835
1 0.7197520136833191 0.5652199983596802 0.04904000088572502 0.06121300160884857
1 0.06901901960372925 0.3194130063056946 0.06314799934625626 0.07970499992370605
1 0.29199302196502686 0.21819600462913513 0.05951099842786789 0.07569500058889389
2 0.5649700164794922 0.19531600177288055 0.05424800142645836 0.06767900288105011
2 0.6027730107307434 0.8250759840011597 0.040344998240470886 0.05824200063943863
1 0.6947129964828491 0.6156749725341797 0.04403200000524521 0.06273800134658813
1 0.14950799942016602 0.7015849947929382 0.051697999238967896 0.06802400201559067
2 0.5920479893684387 0.07411199808120728 0.05219300091266632 0.06840299814939499
1 0.7068179845809937 0.5248649716377258 0.04785099998116493 0.05194900184869766
2 0.27931302785873413 0.6656839847564697 0.060394998639822006 0.08004800230264664
2 0.5763840079307556 0.4398390054702759 0.06074099987745285 0.08004599809646606
2 0.36128097772598267 0.7481579780578613 0.06886100023984909 0.07949600368738174
1 0.11027801036834717 0.5463929772377014 0.0527379997074604 0.07105199992656708
2 0.33014601469039917 0.36570799350738525 0.05646200105547905 0.0663049966096878
2 0.16568100452423096 0.6246349811553955 0.06322699785232544 0.07705599814653397
2 0.5772390365600586 0.13777600228786469 0.048409998416900635 0.059317998588085175
2 0.3861200213432312 0.2751680016517639 0.04714899882674217 0.0664760023355484
1 0.38509202003479004 0.5555030107498169 0.049639999866485596 0.08134400099515915
2 0.7761310338973999 0.4132139980792999 0.044234998524188995 0.06560000032186508
2 0.352042019367218 0.30821800231933594 0.055163998156785965 0.07426200062036514
1 0.3597339987754822 0.9873459935188293 0.05173100158572197 0.0253090001642704
2 0.6241700053215027 0.122748002409935 0.048374999314546585 0.05995900183916092
1 0.3206549882888794 0.754269003868103 0.037429001182317734 0.06344600021839142
2 0.7335579991340637 0.6590489745140076 0.05210300162434578 0.061292000114917755
2 0.6517759561538696 0.6052690148353577 0.04633399844169617 0.06264100223779678
1 0.18674898147583008 0.6909599900245667 0.04173799976706505 0.06373400241136551
1 0.540677011013031 0.027559999376535416 0.060823000967502594 0.05511999875307083
1 0.8370150327682495 0.27602100372314453 0.04212699830532074 0.05883000046014786
2 0.11221897602081299 0.4233889877796173 0.06266800314188004 0.0805710032582283
2 0.33909398317337036 0.21768799424171448 0.05750599876046181 0.08115799725055695
2 0.8527020215988159 0.5381860136985779 0.04510900005698204 0.057764001190662384
1 0.7489240169525146 0.5203049778938293 0.04505399987101555 0.05619899928569794
2 0.5885449647903442 0.6829609870910645 0.045944999903440475 0.07661599665880203
1 0.23072397708892822 0.638496994972229 0.053043998777866364 0.07267200201749802
2 0.7528939843177795 0.6792889833450317 0.04270400106906891 0.0609700009226799
1 0.35262101888656616 0.3076939880847931 0.05604499951004982 0.07716500014066696
2 0.5279690027236938 0.20713099837303162 0.04242999851703644 0.06720899790525436
1 0.4295390248298645 0.6068869829177856 0.05856399983167648 0.07417099922895432
1 0.24602997303009033 0.9214829802513123 0.048218000680208206 0.05546100065112114
1 0.32959699630737305 0.3677929937839508 0.05601999908685684 0.06634800136089325
1 0.7319929599761963 0.657692015171051 0.047828998416662216 0.05809500068426132
2 0.9891549944877625 0.1286340057849884 0.02065799944102764 0.03195900097489357
1 0.6237460374832153 0.12307099997997284 0.05057299882173538 0.06638000160455704
2 0.7146329879760742 0.7184309959411621 0.04510999843478203 0.05988899990916252
2 0.42981797456741333 0.6088200211524963 0.060148000717163086 0.07331900298595428
1 0.2861400246620178 0.34754300117492676 0.04125700145959854 0.06867499649524689
2 0.8451880216598511 0.48250100016593933 0.04435500130057335 0.049049001187086105
1 0.16691702604293823 0.6247599720954895 0.062275998294353485 0.07667099684476852
1 0.5764440298080444 0.1380150020122528 0.05024300143122673 0.06025499850511551
2 0.3849030137062073 0.5546489953994751 0.04776399955153465 0.080144003033638
2 0.3862820267677307 0.7427440285682678 0.03215799853205681 0.0768589973449707
2 0.9071320295333862 0.4728020131587982 0.028164999559521675 0.03422100096940994
1 0.8567230105400085 0.31411799788475037 0.03397199884057045 0.04031100124120712
2 0.240447998046875 0.33841100335121155 0.04870900139212608 0.06179099902510643
1 0.9714530110359192 0.9731540083885193 0.02732899971306324 0.03657900169491768
1 0.5909160375595093 0.07434400171041489 0.05454299971461296 0.06921499967575073
1 0.38623201847076416 0.27411898970603943 0.0445839986205101 0.06535399705171585
1 0.2789180278778076 0.6634190082550049 0.06036899983882904 0.08296799659729004
1 0.35979998111724854 0.7495139837265015 0.06037899851799011 0.07682300359010696
1 0.6950640082359314 0.48176899552345276 0.03553399816155434 0.04831499978899956
2 0.3804810047149658 0.7436590194702148 0.04538099840283394 0.08287899941205978
2 0.9949439764022827 0.08873199671506882 0.010112999938428402 0.040118999779224396
1 0.6515640020370483 0.6043310165405273 0.046098001301288605 0.06245400011539459
1 0.8140270113945007 0.5014119744300842 0.03139999881386757 0.05278800055384636
2 0.8563929796218872 0.3138430118560791 0.03392000123858452 0.03929400071501732
