2 0.027971982955932617 0.8368380069732666 0.05482500046491623 0.11039499938488007
2 0.061482012271881104 0.7268959879875183 0.08748199790716171 0.11314000189304352
2 0.7793020009994507 0.6154980063438416 0.08752699941396713 0.10002399981021881
2 0.4566410183906555 0.15554200112819672 0.0887880027294159 0.10299299657344818
2 0.5345810055732727 0.2816149890422821 0.08489000052213669 0.1029369980096817
2 0.20701098442077637 0.5842599868774414 0.08480899780988693 0.10625900328159332
2 0.09783297777175903 0.9170200228691101 0.07920099794864655 0.08782400190830231
2 0.15294897556304932 0.7970700263977051 0.0782100036740303 0.10297500342130661
2 0.761896014213562 0.5406929850578308 0.07895900309085846 0.08894000202417374
2 0.6818959712982178 0.6001620292663574 0.07783299684524536 0.09363500028848648
1 0.39810001850128174 0.9293910264968872 0.0878010019659996 0.10218600183725357
2 0.3967229723930359 0.9298329949378967 0.08805300295352936 0.10326900333166122
2 0.9547460079193115 0.17822100222110748 0.0563029982149601 0.07048500329256058
2 0.9599379897117615 0.5895659923553467 0.08012399822473526 0.0847650021314621
1 0.9909849762916565 0.35963499546051025 0.01769999973475933 0.10740800201892853
2 0.9727060198783875 0.5811070203781128 0.05458800122141838 0.07556899636983871
2 0.5370160341262817 0.007329000160098076 0.061549000442028046 0.014657000079751015
