2 0.5942670106887817 0.10952600091695786 0.08561799675226212 0.10832999646663666
2 0.8402470350265503 0.6316009759902954 0.08744999766349792 0.10536900162696838
2 0.29795199632644653 0.8504210114479065 0.12049499899148941 0.15027999877929688
2 0.5216729640960693 0.3275899887084961 0.07826299965381622 0.10181000083684921
2 0.6004220247268677 0.656391978263855 0.08110000193119049 0.0973690003156662
2 0.3894469738006592 0.3216150104999542 0.09305699914693832 0.1124889999628067
2 0.4433180093765259 0.23178799450397491 0.08445899933576584 0.11037000268697739
2 0.7534880042076111 0.5026839971542358 0.08466999977827072 0.10323400050401688
2 0.47678297758102417 0.9333570003509521 0.10176599770784378 0.121738001704216
0 0.05128598213195801 0.8851850032806396 0.102572001516819 0.14528700709342957
2 0.5753940343856812 0.5988360047340393 0.0756789967417717 0.09184300154447556
0 0.9905710220336914 0.7023860216140747 0.018857000395655632 0.08048500120639801
