2 0.32805299758911133 0.5847200155258179 0.12632200121879578 0.15537899732589722
2 0.8986170291900635 0.37296101450920105 0.09047400206327438 0.11032900214195251
2 0.6446050405502319 0.3922320008277893 0.0881970003247261 0.10112699866294861
2 0.5188939571380615 0.6820570230484009 0.10311099886894226 0.11962799727916718
2 0.42812299728393555 0.044112998992204666 0.09873499721288681 0.08822699636220932
2 0.8086569905281067 0.2357739955186844 0.09103699773550034 0.10732799768447876
0 0.06279802322387695 0.6219350099563599 0.12212599813938141 0.15490500628948212
2 0.5649310350418091 0.04913699999451637 0.08373799920082092 0.09827399998903275
2 0.6217609643936157 0.32816100120544434 0.06868799775838852 0.08307000249624252
1 0.8092449903488159 0.23652899265289307 0.09336300194263458 0.10868699848651886
2 0.054055988788604736 0.937038004398346 0.10811100155115128 0.1259240061044693
2 0.10496401786804199 0.9453750252723694 0.10887199640274048 0.10785699635744095
2 0.45031797885894775 0.6262249946594238 0.054621998220682144 0.08094500005245209
