2 0.7224420309066772 0.7637249827384949 0.08367300033569336 0.09907600283622742
2 0.6905319690704346 0.702476978302002 0.0856190025806427 0.0975470021367073
2 0.506301999092102 0.36847299337387085 0.08944399654865265 0.11937300115823746
2 0.45548301935195923 0.48394298553466797 0.09936600178480148 0.11417700350284576
2 0.6503250002861023 0.20680099725723267 0.08944900333881378 0.10952000319957733
2 0.606598973274231 0.43833398818969727 0.08026900142431259 0.10370799899101257
2 0.964631974697113 0.6880930066108704 0.07073599845170975 0.10280399769544601
2 0.8700969815254211 0.5686669945716858 0.09339100122451782 0.1040169969201088
0 0.02483302354812622 0.152197003364563 0.049198001623153687 0.11243700236082077
2 0.6342779994010925 0.8735870122909546 0.06161599978804588 0.08119100332260132
2 0.5528410077095032 0.561502993106842 0.08664900064468384 0.08260200172662735
1 0.8706759810447693 0.5672410130500793 0.09271600097417831 0.1043429970741272
2 0.640591025352478 0.8638550043106079 0.060805000364780426 0.08114700019359589
0 0.19384700059890747 0.2072090059518814 0.07546799629926682 0.1409749984741211
0 0.30125898122787476 0.955128014087677 0.14675399661064148 0.0897430032491684
