2 0.5393509864807129 0.3984000086784363 0.05200999975204468 0.0651639997959137
2 0.529354989528656 0.5551530122756958 0.04829299822449684 0.06306400150060654
2 0.2685670256614685 0.765749990940094 0.05410800129175186 0.07001499831676483
2 0.48661500215530396 0.6729549765586853 0.03482000157237053 0.042507998645305634
2 0.3282129764556885 0.644025981426239 0.05138000100851059 0.06684000045061111
2 0.36000901460647583 0.6710990071296692 0.04548899829387665 0.06359100341796875
2 0.47259998321533203 0.6000580191612244 0.03384000062942505 0.045667000114917755
2 0.20256102085113525 0.04124300181865692 0.05549599975347519 0.07359500229358673
2 0.35523200035095215 0.7292960286140442 0.04884599894285202 0.060478001832962036
2 0.15518301725387573 0.16256900131702423 0.07063400000333786 0.08227600157260895
2 0.2724490165710449 0.9255179762840271 0.04565399885177612 0.05882500112056732
2 0.12167799472808838 0.42517098784446716 0.05144299939274788 0.07944600284099579
2 0.18299299478530884 0.10390099883079529 0.05490799993276596 0.06719599664211273
2 0.42950302362442017 0.40733999013900757 0.06467299908399582 0.07152699679136276
2 0.6780760288238525 0.40761300921440125 0.03358599916100502 0.04125799983739853
2 0.6585450172424316 0.5056139826774597 0.03170600160956383 0.03890300169587135
2 0.5147520303726196 0.49867498874664307 0.04542100057005882 0.05470699816942215
2 0.13351601362228394 0.08048400282859802 0.055236998945474625 0.0701029971241951
1 0.3190079927444458 0.5445240139961243 0.05349799990653992 0.07091599702835083
2 0.09963899850845337 0.37260401248931885 0.07078099995851517 0.08638300001621246
2 0.26187700033187866 0.8526700139045715 0.043664999306201935 0.060690999031066895
2 0.43950700759887695 0.5498579740524292 0.04597000032663345 0.060169998556375504
2 0.08662998676300049 0.6820150017738342 0.05950300022959709 0.07190299779176712
1 0.2870740294456482 0.5932509899139404 0.048496998846530914 0.06122799962759018
2 0.48229700326919556 0.7997900247573853 0.029147999361157417 0.03704499825835228
1 0.5166900157928467 0.29137998819351196 0.05003499984741211 0.062362998723983765
2 0.4353569746017456 0.3935590088367462 0.05618999898433685 0.08380500227212906
2 0.6242300271987915 0.6747120022773743 0.03484300151467323 0.040679000318050385
2 0.23736900091171265 0.09039799869060516 0.054930999875068665 0.06423299759626389
2 0.09528499841690063 0.6208440065383911 0.06016800180077553 0.07300899922847748
2 0.1289600133895874 0.6095820069313049 0.04936999827623367 0.07763899862766266
2 0.619621992111206 0.3632420003414154 0.031011000275611877 0.04023899883031845
2 0.9311969876289368 0.36173200607299805 0.025219999253749847 0.028248000890016556
2 0.6959680318832397 0.5653970241546631 0.029790999367833138 0.036928001791238785
2 0.9172469973564148 0.35866498947143555 0.023788999766111374 0.03082199953496456
1 0.24789702892303467 0.5905889868736267 0.045242998749017715 0.06826099753379822
1 0.37750697135925293 0.5145310163497925 0.04188099876046181 0.0786760002374649
2 0.9037339687347412 0.3409079909324646 0.02705099992454052 0.0326090008020401
2 0.1645510196685791 0.15976199507713318 0.05981900170445442 0.07525700330734253
2 0.1531500220298767 0.007833000272512436 0.063059002161026 0.015666000545024872
1 0.04608398675918579 0.5812289714813232 0.06666900217533112 0.0834520012140274
2 0.24764901399612427 0.5919389724731445 0.04569200053811073 0.0672919973731041
2 0.516418993473053 0.28940001130104065 0.04924900084733963 0.06263399869203568
2 0.37665700912475586 0.5108489990234375 0.04540900141000748 0.07790499925613403
2 0.8851029872894287 0.2518639862537384 0.025676000863313675 0.02815599925816059
2 0.31949400901794434 0.5443670153617859 0.054705001413822174 0.07082100212574005
2 0.959426999092102 0.30594301223754883 0.02505500055849552 0.02983199991285801
2 0.869297981262207 0.2528980076313019 0.026334000751376152 0.03046499937772751
