2 0.3841739892959595 0.4171079993247986 0.06472499668598175 0.08445899933576584
1 0.45346599817276 0.6372560262680054 0.054691001772880554 0.06663800030946732
2 0.7096220254898071 0.7242029905319214 0.05077499896287918 0.06816300004720688
2 0.6998640298843384 0.863569974899292 0.04398300126194954 0.057218998670578
1 0.3415459990501404 0.1877630054950714 0.059105001389980316 0.07576999813318253
2 0.2170010209083557 0.4749250113964081 0.06191299855709076 0.07834599912166595
1 0.23498398065567017 0.27623599767684937 0.06401699781417847 0.08937600255012512
2 0.2819550037384033 0.380064994096756 0.05947199836373329 0.07338099926710129
2 0.16430801153182983 0.40067100524902344 0.0631830021739006 0.08320000022649765
2 0.9366700053215027 0.3383390009403229 0.047793999314308167 0.061149999499320984
2 0.672432005405426 0.7898340225219727 0.04220600053668022 0.06000399962067604
1 0.4028739929199219 0.27764201164245605 0.056311000138521194 0.07755400240421295
1 0.1205490231513977 0.29756098985671997 0.06327799707651138 0.08326499909162521
1 0.7576019763946533 0.5776749849319458 0.04756300151348114 0.0630820021033287
2 0.5741900205612183 0.6676440238952637 0.06045199930667877 0.07964300364255905
1 0.17690801620483398 0.32158899307250977 0.06334000080823898 0.0789870023727417
1 0.7827180027961731 0.5262380242347717 0.04997299984097481 0.0617000013589859
1 0.43352800607681274 0.9666640162467957 0.037317000329494476 0.04617299884557724
2 0.630789041519165 0.4043320119380951 0.060534000396728516 0.0777759999036789
1 0.6424390077590942 0.03552300110459328 0.055872999131679535 0.07104700058698654
2 0.6446950435638428 0.649848997592926 0.054040998220443726 0.08353299647569656
2 0.6082879900932312 0.6022670269012451 0.05105900019407272 0.06846299767494202
1 0.9124109745025635 0.43932899832725525 0.04220699891448021 0.05384000018239021
2 0.6186959743499756 0.15711000561714172 0.05538500100374222 0.0707859992980957
1 0.4381769895553589 0.5236870050430298 0.046950001269578934 0.08293499797582626
1 0.38234400749206543 0.33552199602127075 0.0572579987347126 0.06838899850845337
2 0.2243729829788208 0.5995420217514038 0.06283699721097946 0.07679899781942368
1 0.3388029932975769 0.3183029890060425 0.042219001799821854 0.06984499841928482
2 0.7814059853553772 0.6828820109367371 0.04891800135374069 0.059686001390218735
2 0.8182039856910706 0.6391440033912659 0.05067899823188782 0.07207199931144714
1 0.4862329959869385 0.575875997543335 0.05991600081324577 0.07481300085783005
1 0.9005699753761292 0.2282859981060028 0.05034700036048889 0.06254799664020538
2 0.573233962059021 0.07617100328207016 0.052097998559474945 0.07165999710559845
1 0.38919997215270996 0.18457399308681488 0.05313900113105774 0.08170399814844131
1 0.2103310227394104 0.6776880025863647 0.050655998289585114 0.06500899791717529
1 0.3360139727592468 0.6366479992866516 0.059459999203681946 0.08246300369501114
2 0.3671969771385193 0.08805400133132935 0.05757800117135048 0.08393500000238419
1 0.4368720054626465 0.2423350065946579 0.050572000443935394 0.07013099640607834
1 0.2895969748497009 0.6118689775466919 0.05320499837398529 0.07408899813890457
2 0.7147070169448853 0.5681840181350708 0.04908600077033043 0.06076199933886528
2 0.8018549680709839 0.62357497215271 0.0537090003490448 0.06654000282287598
1 0.6316620111465454 0.09710200130939484 0.051851000636816025 0.05984000116586685
2 0.8385230302810669 0.36899900436401367 0.04224000126123428 0.06734099984169006
1 0.6782970428466797 0.08242499828338623 0.05115199834108353 0.06457000225782394
1 0.3125849962234497 0.8952329754829407 0.04724099859595299 0.056609999388456345
2 0.9228299856185913 0.49234798550605774 0.04534599930047989 0.059769000858068466
2 0.5812200307846069 0.1670210063457489 0.044231999665498734 0.06443899869918823
1 0.4174780249595642 0.7221310138702393 0.05895699933171272 0.08013200014829636
1 0.2925350069999695 0.31085899472236633 0.049146998673677444 0.06268999725580215
1 0.1682479977607727 0.521232008934021 0.04904500022530556 0.07228600233793259
2 0.9299049973487854 0.2678639888763428 0.03547599911689758 0.042931001633405685
1 0.3858810067176819 0.72393798828125 0.03958199918270111 0.06669300049543381
1 0.8815000057220459 0.4572190046310425 0.034226998686790466 0.0508509986102581
1 0.4049909710884094 0.660040020942688 0.04433299973607063 0.05269699916243553
2 0.33716797828674316 0.6391509771347046 0.06191600114107132 0.08054500073194504
1 0.9116250276565552 0.3694700002670288 0.033684998750686646 0.045233000069856644
1 0.7696020007133484 0.48313701152801514 0.04881700128316879 0.051555000245571136
2 0.4165269732475281 0.7212129831314087 0.06033499911427498 0.08134099841117859
2 0.44933998584747314 0.7114869952201843 0.03530300036072731 0.0750579982995987
1 0.02825099229812622 0.012137999758124352 0.05650100111961365 0.024275999516248703
2 0.6305930018424988 0.0965220034122467 0.051878999918699265 0.059675998985767365
1 0.24741101264953613 0.6677290201187134 0.041627999395132065 0.06277099996805191
1 0.9224569797515869 0.49321499466896057 0.04500899836421013 0.05879700183868408
1 0.586251974105835 0.006819000001996756 0.06901700049638748 0.013047999702394009
2 0.9844970107078552 0.4294950067996979 0.02760699950158596 0.03725999966263771
1 0.7996779680252075 0.6196929812431335 0.05087500065565109 0.06125500053167343
2 0.31288498640060425 0.8946620225906372 0.04789400100708008 0.05686400085687637
1 0.841480016708374 0.36887601017951965 0.045517001301050186 0.07144699990749359
2 0.6780019998550415 0.08190800249576569 0.05073700100183487 0.06300000101327896
