2 0.2380719780921936 0.5364390015602112 0.09227599948644638 0.12000799924135208
2 0.9260749816894531 0.439859002828598 0.09046699851751328 0.10727299749851227
2 0.40503400564193726 0.387239009141922 0.09315100312232971 0.11601699888706207
2 0.7917410135269165 0.07586999982595444 0.09713999927043915 0.11573400348424911
2 0.26986998319625854 0.7525690197944641 0.0858440026640892 0.10321400314569473
2 0.17524099349975586 0.6573020219802856 0.10185100138187408 0.12607799470424652
2 0.682341992855072 0.9165589809417725 0.0895330011844635 0.10665799677371979
2 0.3352460265159607 0.6154090166091919 0.08231599628925323 0.1096159964799881
2 0.3954089879989624 0.9001880288124084 0.09042099863290787 0.09763599932193756
2 0.5884270071983337 0.7804459929466248 0.09622800350189209 0.10944300144910812
2 0.4167330265045166 0.962805986404419 0.07584799826145172 0.07218000292778015
1 0.5906599760055542 0.7791879773139954 0.09600500017404556 0.11477799713611603
2 0.9868559837341309 0.3850550055503845 0.02530200034379959 0.09951400011777878
