2 0.30427801609039307 0.6624429821968079 0.06453300267457962 0.08519899845123291
2 0.2976530194282532 0.3381099998950958 0.058834999799728394 0.08403900265693665
1 0.517143964767456 0.8461610078811646 0.05249499902129173 0.07470600306987762
2 0.6218540072441101 0.14504900574684143 0.049734000116586685 0.06841400265693665
1 0.10169899463653564 0.5622770190238953 0.058504000306129456 0.07620099931955338
1 0.3638020157814026 0.8726620078086853 0.05474499985575676 0.06946299970149994
2 0.5371639728546143 0.4075259864330292 0.05319099873304367 0.07181800156831741
1 0.5500879883766174 0.9100949764251709 0.062192000448703766 0.08279900252819061
2 0.5674769878387451 0.28271400928497314 0.052786000072956085 0.06944800168275833
1 0.13696599006652832 0.8274239897727966 0.06290099769830704 0.07668100297451019
2 0.8187959790229797 0.7236300110816956 0.04671100154519081 0.0560929998755455
1 0.4797940254211426 0.907135009765625 0.056331001222133636 0.07518599927425385
1 0.16071999073028564 0.5161550045013428 0.062219999730587006 0.0844080001115799
2 0.8373000025749207 0.5776020288467407 0.045889999717473984 0.06362800300121307
1 0.046266019344329834 0.5367940068244934 0.06340000033378601 0.07964099943637848
1 0.3258489966392517 0.957476019859314 0.05909600108861923 0.07927499711513519
1 0.11834502220153809 0.8926659822463989 0.04876700043678284 0.0626169964671135
2 0.63720703125 0.10371100157499313 0.040550000965595245 0.05240499973297119
2 0.1363530158996582 0.7111279964447021 0.06202999874949455 0.08100400120019913
2 0.7103320360183716 0.8730030059814453 0.06023000180721283 0.08001600205898285
1 0.24785202741622925 0.8763110041618347 0.05866900086402893 0.07662100344896317
2 0.4979509711265564 0.3172740042209625 0.05451500043272972 0.07107599824666977
1 0.6880580186843872 0.7717689871788025 0.05043800175189972 0.06417500227689743
1 0.39966297149658203 0.8289769887924194 0.0588500015437603 0.07426799833774567
2 0.8185340166091919 0.4642220139503479 0.04805799946188927 0.0575300008058548
2 0.6078510284423828 0.9494150280952454 0.0490959994494915 0.06902199983596802
1 0.26937901973724365 0.4345580041408539 0.058692000806331635 0.07622600346803665
1 0.6615619659423828 0.8234339952468872 0.045239001512527466 0.061076000332832336
1 0.3049749732017517 0.5792719721794128 0.05709400027990341 0.06521999835968018
1 0.15604698657989502 0.8814759850502014 0.04108300060033798 0.05717499926686287
2 0.599748969078064 0.33338800072669983 0.05003499984741211 0.062224000692367554
1 0.5483689904212952 0.6699299812316895 0.05983399972319603 0.08208099752664566
1 0.31192898750305176 0.8846629858016968 0.04030799865722656 0.057792000472545624
2 0.5518580079078674 0.34488898515701294 0.05013599991798401 0.06031399965286255
2 0.5182740092277527 0.22686100006103516 0.061388999223709106 0.07876800000667572
1 0.20156699419021606 0.8460310101509094 0.05381600186228752 0.0740559995174408
1 0.35107100009918213 0.771468997001648 0.038440000265836716 0.0780709981918335
2 0.2812020182609558 0.044116999953985214 0.07470099627971649 0.08229400217533112
2 0.22156000137329102 0.027109000831842422 0.05360199883580208 0.054218001663684845
2 0.5364600419998169 0.20212000608444214 0.04869899898767471 0.0684719979763031
2 0.3157230019569397 0.4303779900074005 0.05276799947023392 0.08331599831581116
1 0.6197389960289001 0.8116840124130249 0.048183001577854156 0.06674099713563919
2 0.08608800172805786 0.636102020740509 0.06148099899291992 0.07703399658203125
2 0.20445901155471802 0.6220099925994873 0.056182000786066055 0.07336200028657913
2 0.8059239983558655 0.5518069863319397 0.03343300148844719 0.04438000172376633
2 0.3623570203781128 0.4907180070877075 0.04962100088596344 0.07030099630355835
2 0.7425389885902405 0.6087689995765686 0.03928099945187569 0.06659600138664246
2 0.3289470076560974 0.5245429873466492 0.05543399974703789 0.07596500217914581
2 0.6464769840240479 0.21134600043296814 0.030817000195384026 0.03881699964404106
2 0.6787790060043335 0.9122499823570251 0.04644700139760971 0.058479998260736465
1 0.32869797945022583 0.5238710045814514 0.05735500156879425 0.0778060033917427
2 0.9649419784545898 0.2552100121974945 0.0322519987821579 0.029385000467300415
2 0.988273024559021 0.34429100155830383 0.021036000922322273 0.032026998698711395
1 0.5191049575805664 0.22673100233078003 0.05929600074887276 0.08008900284767151
2 0.871366024017334 0.6025609970092773 0.027166999876499176 0.036031000316143036
2 0.5032730102539062 0.4038250148296356 0.03786500170826912 0.05740499868988991
1 0.26335299015045166 0.5547119975090027 0.04391400143504143 0.072393998503685
1 0.20606201887130737 0.6229609847068787 0.0564580000936985 0.07466000318527222
1 0.08632200956344604 0.6349909901618958 0.06050100177526474 0.07972399890422821
2 0.8135679960250854 0.6752619743347168 0.04501799866557121 0.05309600010514259
1 0.5928759574890137 0.1038609966635704 0.041475001722574234 0.05450399965047836
2 0.6486139893531799 0.2920770049095154 0.028457000851631165 0.037307001650333405
2 0.26350098848342896 0.5545520186424255 0.045426998287439346 0.07117599993944168
2 0.9450070261955261 0.0556659996509552 0.026009999215602875 0.03162899985909462
2 0.9014210104942322 0.5005800127983093 0.02609100006520748 0.03356099873781204
2 0.717208981513977 0.696723997592926 0.04281099885702133 0.05611399933695793
1 0.1361600160598755 0.7117940187454224 0.06278400123119354 0.082396000623703
2 0.6322610378265381 0.35747599601745605 0.03936700150370598 0.04730299860239029
1 0.21555697917938232 0.5476639866828918 0.04762500151991844 0.06490600109100342
1 0.36285102367401123 0.4906120002269745 0.04822300001978874 0.06933599710464478
2 0.715811014175415 0.8838329911231995 0.04637499898672104 0.07034000009298325
2 0.30532902479171753 0.5761579871177673 0.05670100077986717 0.06970000267028809
1 0.08195298910140991 0.7414460182189941 0.052448999136686325 0.07098100334405899
2 0.7630950212478638 0.044578999280929565 0.023939000442624092 0.02816000021994114
2 0.7771750092506409 0.598809003829956 0.0433650016784668 0.05982299894094467
2 0.9335950016975403 0.02788499929010868 0.03067000024020672 0.03709400072693825
1 0.676872968673706 0.7232990264892578 0.04574599862098694 0.05630499869585037
2 0.26994502544403076 0.43503400683403015 0.058382000774145126 0.0764549970626831
