2 0.33837300539016724 0.45610499382019043 0.0667250007390976 0.08774200081825256
2 0.16948401927947998 0.5097740292549133 0.06329300254583359 0.08158399909734726
2 0.6482250094413757 0.7680950164794922 0.05048000067472458 0.0686430037021637
1 0.13428598642349243 0.35643699765205383 0.057493001222610474 0.07755400240421295
1 0.19367599487304688 0.31411200761795044 0.060113999992609024 0.0842989981174469
2 0.6351430416107178 0.9061830043792725 0.04424799978733063 0.056905001401901245
2 0.17362302541732788 0.6331890225410461 0.06204500049352646 0.07963600009679794
1 0.40100598335266113 0.6759690046310425 0.05433899909257889 0.06885600090026855
1 0.5499269962310791 0.034317001700401306 0.06188499927520752 0.06784799695014954
2 0.6091879606246948 0.8336600065231323 0.04051100090146065 0.05835700035095215
2 0.584352970123291 0.4511539936065674 0.05929499864578247 0.07969000190496445
1 0.07860398292541504 0.32984599471092224 0.0638360008597374 0.08222000300884247
2 0.23881298303604126 0.41599199175834656 0.059783998876810074 0.07294599711894989
2 0.8760849833488464 0.39510899782180786 0.046512000262737274 0.06098200008273125
2 0.7473019957542419 0.6737989783287048 0.06055400148034096 0.07157900184392929
1 0.30035400390625 0.22745700180530548 0.06084100157022476 0.07859499752521515
2 0.7213790416717529 0.7277600169181824 0.04600999876856804 0.06125200167298317
2 0.7594820261001587 0.6895589828491211 0.04641000181436539 0.06825000047683716
1 0.15620100498199463 0.7090010046958923 0.05072600021958351 0.06415099650621414
2 0.5200740098953247 0.7116090059280396 0.05813099816441536 0.07779999822378159
1 0.7276870012283325 0.5747179985046387 0.04719400033354759 0.06266699731349945
2 0.5938929915428162 0.6927809715270996 0.04802900180220604 0.08189500123262405
1 0.5841829776763916 0.1476600021123886 0.05155299976468086 0.05809200182557106
1 0.2530999779701233 0.9315419793128967 0.04546700045466423 0.0585779994726181
2 0.5706920027732849 0.2075819969177246 0.051642000675201416 0.0685029998421669
2 0.5553770065307617 0.6438999772071838 0.05175900086760521 0.07081600278615952
2 0.32815301418304443 0.12984900176525116 0.060093000531196594 0.08234799653291702
1 0.23899799585342407 0.6477720141410828 0.05428899824619293 0.07384800165891647
1 0.43775802850723267 0.6185600161552429 0.05901399999856949 0.07086600363254547
1 0.5290189981460571 0.12618400156497955 0.05242300033569336 0.0692489966750145
1 0.35955601930618286 0.31626200675964355 0.05923900008201599 0.07773999869823456
1 0.7158820033073425 0.534617006778717 0.047501999884843826 0.04900600016117096
2 0.12053501605987549 0.4332889914512634 0.06084499880671501 0.08070100098848343
1 0.5990239977836609 0.08743300288915634 0.05174199864268303 0.06569399684667587
2 0.3721110224723816 0.7581920027732849 0.07016900181770325 0.08749700337648392
1 0.286001980304718 0.6741639971733093 0.05974699929356575 0.08064199984073639
1 0.3526560068130493 0.6957499980926514 0.046480000019073486 0.054632000625133514
1 0.7019109725952148 0.6259109973907471 0.0440480001270771 0.05986800044775009
1 0.3282549977302551 0.7624120116233826 0.04091300070285797 0.06625399738550186
1 0.5551860332489014 0.6462879776954651 0.052209001034498215 0.07135800272226334
2 0.6573449969291687 0.6132259964942932 0.04639299958944321 0.06164800003170967
1 0.6313580274581909 0.13730700314044952 0.050620000809431076 0.06434900313615799
2 0.8599839806556702 0.5458999872207642 0.045065999031066895 0.056731000542640686
2 0.7801920175552368 0.42147400975227356 0.03829500079154968 0.06294900178909302
2 0.35972297191619873 0.3180150091648102 0.05622600018978119 0.07595500349998474
2 0.3473129868507385 0.22436100244522095 0.057009000331163406 0.07992400228977203
2 0.2869740128517151 0.6726899743080139 0.0605430006980896 0.08458899706602097
1 0.19349801540374756 0.6989880204200745 0.04427900165319443 0.06554699689149857
2 0.6319029927253723 0.13541099429130554 0.04983700066804886 0.0636420026421547
2 0.3388090133666992 0.3737730085849762 0.05410100147128105 0.06802699714899063
1 0.39153099060058594 0.5642650127410889 0.04573100060224533 0.08091799914836884
2 0.527891993522644 0.1259790062904358 0.05325999855995178 0.06893099844455719
1 0.7570539712905884 0.5294849872589111 0.040174998342990875 0.05463999882340431
1 0.3386020064353943 0.3748219907283783 0.05334300175309181 0.07057899981737137
1 0.8498709797859192 0.49294599890708923 0.04041299968957901 0.053029999136924744
2 0.9122520089149475 0.4831329882144928 0.026561999693512917 0.03431300073862076
2 0.29402101039886475 0.3577679991722107 0.04058099910616875 0.07304400205612183
2 0.39087802171707153 0.5650519728660583 0.04412499815225601 0.08004199713468552
2 0.6634950041770935 0.6584169864654541 0.04028800129890442 0.04857200011610985
2 0.740464985370636 0.6681619882583618 0.05025999993085861 0.06174900010228157
2 0.24839800596237183 0.34825098514556885 0.05217700079083443 0.06560099869966507
1 0.5359159708023071 0.21572600305080414 0.04235899820923805 0.06353099644184113
0 0.9791520237922668 0.6124839782714844 0.028396999463438988 0.03488999977707863
1 0.36998099088668823 0.7588909864425659 0.06474500149488449 0.08658900111913681
1 0.2948470115661621 0.3580319881439209 0.04159099981188774 0.07263399660587311
1 0.5707260370254517 0.016092000529170036 0.0404679998755455 0.03218400105834007
2 0.3945099711418152 0.28515300154685974 0.04405999928712845 0.06491900235414505
1 0.24891901016235352 0.34838199615478516 0.05213300138711929 0.0656069964170456
1 0.5890979766845703 0.6934080123901367 0.058910999447107315 0.07880900055170059
1 0.8588219881057739 0.5453929901123047 0.045719001442193985 0.057551998645067215
1 0.8443599939346313 0.28530898690223694 0.04255999997258186 0.059153001755476
2 0.8616380095481873 0.32540300488471985 0.030365999788045883 0.039524998515844345
2 0.9918680191040039 0.1404609978199005 0.01626400090754032 0.0312890000641346
2 0.6668980121612549 0.16342100501060486 0.035718001425266266 0.04240500181913376
1 0.36765801906585693 0.990572988986969 0.04473099857568741 0.018852999433875084
1 0.9765130281448364 0.9836040139198303 0.028531000018119812 0.0313740000128746
1 0.3950260281562805 0.28375598788261414 0.04361100122332573 0.06483200192451477
1 0.34727001190185547 0.22473399341106415 0.05474099889397621 0.0783969983458519
2 0.8175790309906006 0.4263930022716522 0.037657998502254486 0.05250199884176254
