2 0.33112698793411255 0.4497010111808777 0.06728699803352356 0.0837860032916069
2 0.6458799839019775 0.7600719928741455 0.0499269999563694 0.06721299886703491
2 0.3192089796066284 0.12329500168561935 0.05929600074887276 0.08349700272083282
2 0.6326220035552979 0.8979769945144653 0.04543700069189072 0.058306001126766205
1 0.39578402042388916 0.6700040102005005 0.05478899925947189 0.06797699630260468
1 0.18479597568511963 0.3071860074996948 0.06317900121212006 0.0892689973115921
2 0.162958025932312 0.5042160153388977 0.06388500332832336 0.08099199831485748
1 0.7209340333938599 0.566893994808197 0.04994000121951103 0.06223500147461891
1 0.0709490180015564 0.32434698939323425 0.0623369999229908 0.07975500077009201
2 0.5130460262298584 0.7033309936523438 0.05889400094747543 0.07461000233888626
2 0.8723300099372864 0.3850260078907013 0.0468440018594265 0.060940999537706375
2 0.23066097497940063 0.4100469946861267 0.0606050007045269 0.07270599901676178
2 0.6065579652786255 0.8266739845275879 0.04094099998474121 0.058736998587846756
1 0.12606900930404663 0.349386990070343 0.0603489987552166 0.07830099761486053
2 0.5648989677429199 0.1980379968881607 0.054992999881505966 0.06943599879741669
2 0.5498529672622681 0.6391549706459045 0.05276700109243393 0.07009900361299515
1 0.15257501602172852 0.704410970211029 0.04993699863553047 0.0665849968791008
2 0.5209789872169495 0.11621499806642532 0.05237400159239769 0.07060699909925461
1 0.6969829797744751 0.6165590286254883 0.044697001576423645 0.062150999903678894
2 0.8559510111808777 0.5380880236625671 0.046578001230955124 0.058122001588344574
1 0.7089979648590088 0.525164008140564 0.047965001314878464 0.05178799852728844
2 0.16743099689483643 0.6277459859848022 0.0625229999423027 0.0790100023150444
2 0.5923190116882324 0.07682400196790695 0.051281001418828964 0.06880299746990204
2 0.7512810230255127 0.6748620271682739 0.05353600159287453 0.06806900352239609
1 0.3856539726257324 0.5586839914321899 0.05000799894332886 0.08013500273227692
1 0.2339460253715515 0.6421210169792175 0.05502000078558922 0.07545199990272522
2 0.3524879813194275 0.3112010061740875 0.05517899990081787 0.07572899758815765
1 0.18853700160980225 0.695156991481781 0.043779999017715454 0.06544400006532669
2 0.3858789801597595 0.278982013463974 0.04941900074481964 0.06685999780893326
1 0.113086998462677 0.5473989844322205 0.04979199916124344 0.07107499986886978
2 0.6533219814300537 0.6053190231323242 0.04821399971842766 0.06284499913454056
2 0.33933502435684204 0.22068899869918823 0.05781000107526779 0.08009599894285202
2 0.625016987323761 0.124720998108387 0.04794299975037575 0.06059899926185608
2 0.5763590335845947 0.4410640001296997 0.06048699840903282 0.08004099875688553
1 0.5410460233688354 0.028743000701069832 0.061174001544713974 0.057486001402139664
1 0.36427801847457886 0.9882109761238098 0.0499269999563694 0.02357799932360649
2 0.1129230260848999 0.42788198590278625 0.062421999871730804 0.08240599930286407
2 0.5895739793777466 0.6846349835395813 0.045131999999284744 0.07837100327014923
2 0.7361279726028442 0.6601740121841431 0.05222899839282036 0.0630360022187233
1 0.279712975025177 0.666733980178833 0.058038000017404556 0.08156699687242508
1 0.36135900020599365 0.7528780102729797 0.06181500107049942 0.08016599714756012
1 0.2919510006904602 0.22171999514102936 0.058715999126434326 0.0771849974989891
1 0.8407750129699707 0.27733099460601807 0.047311000525951385 0.055755000561475754
1 0.43103498220443726 0.6096869707107544 0.0577550008893013 0.07295200228691101
2 0.7784889936447144 0.4134669899940491 0.044576000422239304 0.06744199991226196
2 0.33166998624801636 0.3676539957523346 0.056724999099969864 0.07029099762439728
2 0.7579299807548523 0.6810979843139648 0.03682899847626686 0.06528100371360779
1 0.3237929940223694 0.7543169856071472 0.03798900172114372 0.06595399975776672
1 0.2498530149459839 0.9241359829902649 0.048114001750946045 0.05831100046634674
2 0.5772579908370972 0.1402360051870346 0.04919600114226341 0.05975700169801712
1 0.16736197471618652 0.6276829838752747 0.060697998851537704 0.07655899971723557
1 0.33058297634124756 0.3689520061016083 0.05723800137639046 0.06634200364351273
2 0.7172399759292603 0.7200289964675903 0.04645200073719025 0.05937499925494194
2 0.8482130169868469 0.483568012714386 0.041703000664711 0.05045099928975105
2 0.5282739996910095 0.2092610001564026 0.04168099910020828 0.06661300361156464
2 0.2927979826927185 0.22195999324321747 0.059877000749111176 0.07515399903059006
1 0.3525649905204773 0.31018298864364624 0.056641001254320145 0.078964002430439
1 0.751317024230957 0.5219089984893799 0.0450420007109642 0.054926998913288116
2 0.36675602197647095 0.7501130104064941 0.07350099831819534 0.0839729979634285
2 0.842697024345398 0.41468799114227295 0.033590998500585556 0.04531800001859665
2 0.28209298849105835 0.6681060194969177 0.059859998524188995 0.08129099756479263
2 0.8598250150680542 0.3150410056114197 0.03300800174474716 0.04020199924707413
1 0.7339180111885071 0.6579489707946777 0.046828001737594604 0.059335000813007355
2 0.28684401512145996 0.34994998574256897 0.04196799919009209 0.06896299868822098
2 0.37653297185897827 0.7457849979400635 0.061726998537778854 0.08539199829101562
1 0.6973400115966797 0.4835610091686249 0.034961998462677 0.04816100001335144
1 0.576462984085083 0.14064200222492218 0.05100100114941597 0.05985800176858902
2 0.9123910069465637 0.4745199978351593 0.026184000074863434 0.03394300118088722
2 0.7422020435333252 0.6663320064544678 0.05867899954319 0.0718270018696785
1 0.73198401927948 0.5225690007209778 0.07744599878787994 0.05491900071501732
2 0.24152499437332153 0.3422049880027771 0.04887799918651581 0.060610998421907425
2 0.3883579969406128 0.7439029812812805 0.03711999952793121 0.07887300103902817
1 0.24130398035049438 0.3417930006980896 0.04864899814128876 0.059992000460624695
1 0.5910669565200806 0.07689200341701508 0.05296799913048744 0.06878899782896042
2 0.697180986404419 0.6159970164299011 0.0439630001783371 0.06266000121831894
1 0.2872459888458252 0.350257009267807 0.04139599949121475 0.068743996322155
2 0.8139619827270508 0.4183709919452667 0.0357000008225441 0.04432699829339981
2 0.876134991645813 0.4678010046482086 0.030460000038146973 0.039622001349925995
2 0.9915450215339661 0.1283310055732727 0.015092000365257263 0.031950999051332474
0 0.9801390171051025 0.6066110134124756 0.027164999395608902 0.03402300179004669
1 0.4971209764480591 0.5464069843292236 0.04602799937129021 0.06303200125694275
1 0.26043200492858887 0.7433189749717712 0.03210499882698059 0.053777001798152924
