2 0.32389599084854126 0.43391600251197815 0.06523799896240234 0.08237700164318085
2 0.8674129843711853 0.3663319945335388 0.047297000885009766 0.06329599767923355
2 0.6417819857597351 0.7447810173034668 0.049268998205661774 0.06761100143194199
2 0.628620982170105 0.8816319704055786 0.04422299936413765 0.05648399889469147
1 0.28498101234436035 0.20402100682258606 0.06149499863386154 0.07863099873065948
1 0.3891429901123047 0.6554930210113525 0.0555960014462471 0.06758599728345871
1 0.17577898502349854 0.29236599802970886 0.06220100075006485 0.08850699663162231
1 0.060141026973724365 0.30997899174690247 0.062167998403310776 0.08079700171947479
1 0.1156579852104187 0.3341920077800751 0.055233001708984375 0.07685499638319016
2 0.730650007724762 0.6431090235710144 0.05114100128412247 0.06503999978303909
2 0.3578130006790161 0.7360690236091614 0.0726659968495369 0.0838719978928566
2 0.7117229700088501 0.7040339708328247 0.047993000596761703 0.06418599933385849
2 0.5698620080947876 0.42714399099349976 0.05972199887037277 0.07954400032758713
2 0.6017490029335022 0.8099160194396973 0.04223199933767319 0.05913800001144409
1 0.10546201467514038 0.5345479846000671 0.05231200158596039 0.07230900228023529
1 0.5313979983329773 0.018175000324845314 0.0668260008096695 0.03634899854660034
1 0.14532101154327393 0.6910210251808167 0.05150299891829491 0.06559500098228455
2 0.5437179803848267 0.6242370009422302 0.05244699865579605 0.07264699786901474
2 0.5769200325012207 0.6704919934272766 0.058320000767707825 0.08025799691677094
2 0.5075629949569702 0.6886559724807739 0.05750500038266182 0.07678200304508209
1 0.2730500102043152 0.6533390283584595 0.059418998658657074 0.08144199848175049
2 0.22291302680969238 0.3959519863128662 0.0584149993956089 0.07282599806785583
1 0.6908960342407227 0.6008039712905884 0.048197999596595764 0.06531699746847153
1 0.34395700693130493 0.29447299242019653 0.05934400111436844 0.07739999890327454
1 0.33166801929473877 0.20386900007724762 0.05278899893164635 0.08123400062322617
2 0.7729899883270264 0.3951829969882965 0.04385700076818466 0.0674860030412674
2 0.31068700551986694 0.10525999963283539 0.05964500084519386 0.08422499895095825
1 0.32412099838256836 0.3522300124168396 0.058056000620126724 0.06461399793624878
1 0.5695949792861938 0.1197270005941391 0.051343999803066254 0.06029700115323067
2 0.618183970451355 0.10706499963998795 0.05181200057268143 0.06414499878883362
2 0.8519799709320068 0.5193529725074768 0.04566099867224693 0.0575609989464283
2 0.5577349662780762 0.1793140023946762 0.05164700001478195 0.06611000001430511
1 0.1608780026435852 0.6125289797782898 0.06410399824380875 0.07779300212860107
1 0.10386002063751221 0.4124319851398468 0.06221799924969673 0.08293499797582626
1 0.42378902435302734 0.5971350073814392 0.05959000065922737 0.06920900195837021
2 0.6474330425262451 0.5905380249023438 0.04918599873781204 0.06521199643611908
1 0.24307197332382202 0.9104620218276978 0.04848900064826012 0.05974600091576576
1 0.23329198360443115 0.32504498958587646 0.049059998244047165 0.06339900195598602
2 0.15601998567581177 0.48885300755500793 0.06334400177001953 0.0805480033159256
1 0.3170989751815796 0.7397500276565552 0.04152499884366989 0.06923399865627289
2 0.9078149795532227 0.4517120122909546 0.028233999386429787 0.03597399964928627
1 0.3405280113220215 0.6730369925498962 0.04262600094079971 0.04755700007081032
2 0.7545329928398132 0.6653310060501099 0.0361270010471344 0.06065800040960312
1 0.22597897052764893 0.6269909739494324 0.05502999946475029 0.07380799949169159
2 0.1608930230140686 0.6124879717826843 0.06390500068664551 0.0779620036482811
2 0.5155749917030334 0.0988520011305809 0.05067700147628784 0.06674899905920029
1 0.7168619632720947 0.5497699975967407 0.048854000866413116 0.062456000596284866
1 0.3764690160751343 0.5414199829101562 0.044902000576257706 0.08083000034093857
1 0.18198198080062866 0.6811829805374146 0.04061700031161308 0.062950000166893
2 0.8432340025901794 0.46473100781440735 0.044091999530792236 0.05302700027823448
1 0.360929012298584 0.980085015296936 0.03966499865055084 0.03952199965715408
1 0.5840070247650146 0.05743199959397316 0.05415099859237671 0.0662280023097992
1 0.2790589928627014 0.3337930142879486 0.0411750003695488 0.06885000318288803
1 0.15636497735977173 0.49060800671577454 0.06511600315570831 0.07987499982118607
2 0.2746120095252991 0.6548320055007935 0.06302399933338165 0.083017997443676
2 0.748645007610321 0.6640549898147583 0.05089300125837326 0.06253200024366379
2 0.8389080166816711 0.3931559920310974 0.03227299824357033 0.045426998287439346
1 0.8353630304336548 0.25744500756263733 0.046966999769210815 0.059627000242471695
2 0.8092190027236938 0.3991450071334839 0.03658200055360794 0.046195998787879944
1 0.3805469870567322 0.26038798689842224 0.04397200047969818 0.06324200332164764
2 0.3844900131225586 0.7292150259017944 0.035659000277519226 0.08391200006008148
2 0.6512290239334106 0.6365730166435242 0.04306500032544136 0.053373001515865326
2 0.856124997138977 0.2927339971065521 0.035165999084711075 0.04122300073504448
2 0.98996901512146 0.10488399863243103 0.020061999559402466 0.03171499818563461
2 0.5695239901542664 0.11980599910020828 0.051148999482393265 0.05945200100541115
2 0.3795260190963745 0.26053500175476074 0.04469799995422363 0.0641079992055893
1 0.5156489610671997 0.09860300272703171 0.05146300047636032 0.06687500327825546
2 0.585453987121582 0.05728200078010559 0.05150200054049492 0.06645999848842621
0 0.9781389832496643 0.5811960101127625 0.02724899910390377 0.034894999116659164
1 0.7033510208129883 0.5105760097503662 0.048980001360177994 0.05763600021600723
2 0.9772369861602783 0.9527260065078735 0.02823599986732006 0.0329429991543293
2 0.324317991733551 0.35009801387786865 0.0587100014090538 0.06831400096416473
2 0.9939780235290527 0.06513799726963043 0.012044000439345837 0.040125999599695206
1 0.7467160224914551 0.5044530034065247 0.04759399965405464 0.06152400001883507
1 0.46330100297927856 0.009986000135540962 0.050023000687360764 0.019756000488996506
1 0.4191280007362366 0.3331870138645172 0.05069899931550026 0.05445399880409241
