2 0.30359500646591187 0.44889500737190247 0.09721300005912781 0.10986000299453735
2 0.02931499481201172 0.12765200436115265 0.05856399983167648 0.12100599706172943
2 0.5742340087890625 0.36289000511169434 0.0949380025267601 0.11210999637842178
2 0.4634220004081726 0.23939499258995056 0.10068000108003616 0.11380299925804138
2 0.05897301435470581 0.03615900129079819 0.09798300266265869 0.07231800258159637
2 0.27513301372528076 0.38009199500083923 0.10121099650859833 0.09098099917173386
2 0.21695297956466675 0.6205300092697144 0.07384900003671646 0.10490500181913376
2 0.1732410192489624 0.09193500131368637 0.09119100123643875 0.11770500242710114
2 0.16451102495193481 0.8304569721221924 0.11833500117063522 0.13722200691699982
2 0.11390697956085205 0.21908600628376007 0.09755700081586838 0.08102799952030182
1 0.4637969732284546 0.23799799382686615 0.09943000227212906 0.11609499901533127
1 0.7946739792823792 0.3492650091648102 0.05775799974799156 0.06691399961709976
