2 0.17109602689743042 0.5024020075798035 0.06285200268030167 0.08036699891090393
2 0.33966702222824097 0.4464859962463379 0.06664600223302841 0.0864109992980957
2 0.6556360125541687 0.7588289976119995 0.049688998609781265 0.06702999770641327
2 0.6424239873886108 0.897159993648529 0.04364100098609924 0.056028999388217926
1 0.13478899002075195 0.3468889892101288 0.057999998331069946 0.0804549977183342
1 0.1936730146408081 0.30531299114227295 0.06281200051307678 0.09126000106334686
1 0.4045799970626831 0.667110025882721 0.054030999541282654 0.06691200286149979
2 0.8811320066452026 0.38198500871658325 0.04920300096273422 0.062238000333309174
2 0.866968035697937 0.5364220142364502 0.0465800017118454 0.056095000356435776
2 0.2390509843826294 0.4077779948711395 0.05887699872255325 0.07416000217199326
2 0.7265440225601196 0.7187489867210388 0.046567000448703766 0.06237100064754486
2 0.6153849959373474 0.8246880173683167 0.04105599969625473 0.057895999401807785
2 0.3290330171585083 0.1194159984588623 0.06193700060248375 0.08398599922657013
2 0.5732110142707825 0.1951970010995865 0.05269100144505501 0.06855300068855286
1 0.731194019317627 0.5632950067520142 0.0491969995200634 0.06220899894833565
1 0.16025102138519287 0.7026410102844238 0.05201699957251549 0.0664530023932457
2 0.5587279796600342 0.636247992515564 0.05087300017476082 0.07051199674606323
1 0.07920098304748535 0.320935994386673 0.06483499705791473 0.08334700018167496
2 0.5223760008811951 0.7012929916381836 0.05819400027394295 0.07582099735736847
2 0.5998010039329529 0.07405400276184082 0.051739998161792755 0.07115700095891953
1 0.24170899391174316 0.6394429802894592 0.0527070015668869 0.07234200090169907
2 0.36078399419784546 0.3092699944972992 0.05502700060606003 0.07524800300598145
2 0.17671799659729004 0.6252099871635437 0.06389699876308441 0.079694002866745
2 0.3396639823913574 0.36583900451660156 0.05483900010585785 0.06648900359869003
1 0.3323730230331421 0.7544400095939636 0.03829700127243996 0.06514599919319153
1 0.29986298084259033 0.21969500184059143 0.061625998467206955 0.07857199758291245
2 0.5959299802780151 0.6820170283317566 0.05010100081562996 0.08133500069379807
2 0.5848740339279175 0.43917199969291687 0.06053600087761879 0.08096999675035477
2 0.6337029933929443 0.12344899773597717 0.05045200139284134 0.06306199729442596
2 0.7435519695281982 0.6564329862594604 0.04786200076341629 0.060061000287532806
1 0.8500940203666687 0.2774839997291565 0.04728500172495842 0.057732999324798584
1 0.1219480037689209 0.5454229712486267 0.05346599966287613 0.07200100272893906
2 0.12248402833938599 0.42353400588035583 0.06166600063443184 0.0804940015077591
1 0.7166509628295898 0.5242170095443726 0.04605000093579292 0.05149200186133385
2 0.5289549827575684 0.11518199741840363 0.05344200134277344 0.06853300333023071
1 0.4387590289115906 0.6070619821548462 0.05762200057506561 0.07394299656152725
1 0.5491859912872314 0.026698000729084015 0.05870399996638298 0.05339699983596802
2 0.6614960432052612 0.6029729843139648 0.04782700166106224 0.062167998403310776
1 0.3733069896697998 0.9877640008926392 0.05066400021314621 0.024470999836921692
2 0.28998899459838867 0.6651909947395325 0.0607450008392334 0.08207900077104568
1 0.1982160210609436 0.6919909715652466 0.041703999042510986 0.06245400011539459
1 0.7058169841766357 0.6148719787597656 0.0460829995572567 0.06034500151872635
2 0.3478670120239258 0.21616500616073608 0.05760300159454346 0.08151199668645859
2 0.537434995174408 0.206153005361557 0.04508500173687935 0.06663800030946732
2 0.7664139866828918 0.6804919838905334 0.03985200077295303 0.06492199748754501
2 0.3949270248413086 0.2781369984149933 0.04893700033426285 0.0714619979262352
1 0.5849649906158447 0.13715000450611115 0.050749000161886215 0.060913000255823135
2 0.7871360182762146 0.41088199615478516 0.045451000332832336 0.06726399809122086
1 0.3705049753189087 0.7484840154647827 0.05970599874854088 0.07732799649238586
2 0.37198400497436523 0.7481470108032227 0.06864999979734421 0.07929500192403793
2 0.24906301498413086 0.3395400047302246 0.05181099846959114 0.06499899923801422
1 0.28919100761413574 0.6632580161094666 0.061191000044345856 0.08449500054121017
1 0.7618520259857178 0.5192310214042664 0.04541200026869774 0.05661100149154663
2 0.3935520052909851 0.5540440082550049 0.047426000237464905 0.08008500188589096
2 0.8524050116539001 0.41389501094818115 0.034602999687194824 0.04321400076150894
2 0.8574510216712952 0.48144200444221497 0.04402900114655495 0.050526998937129974
1 0.25823497772216797 0.9214469790458679 0.048514001071453094 0.05580199882388115
1 0.3957440257072449 0.5566020011901855 0.05278800055384636 0.07873699814081192
2 0.8690850138664246 0.31374698877334595 0.035780999809503555 0.040803998708724976
2 0.5848640203475952 0.13690100610256195 0.05108699947595596 0.061243001371622086
1 0.39502501487731934 0.27507099509239197 0.04602700099349022 0.06606899946928024
2 0.2951800227165222 0.3485240042209625 0.04232500120997429 0.06999299675226212
2 0.9215490221977234 0.4725460112094879 0.027847999706864357 0.03446200117468834
1 0.12238597869873047 0.4236780107021332 0.06267599761486053 0.08228600025177002
1 0.8572230339050293 0.4809949994087219 0.04450799897313118 0.05388500168919563
2 0.6690540313720703 0.1513269990682602 0.03578700125217438 0.04509599879384041
1 0.8695060014724731 0.314626008272171 0.03557100147008896 0.041342999786138535
1 0.5976270437240601 0.07427199929952621 0.05383500084280968 0.0723780021071434
2 0.3992300033569336 0.7400029897689819 0.02929599955677986 0.07839100062847137
2 0.8236140012741089 0.4161800146102905 0.036524999886751175 0.044488999992609024
1 0.3546310067176819 0.6877130270004272 0.04343400150537491 0.051368001848459244
1 0.36139798164367676 0.30815398693084717 0.055959999561309814 0.07699999958276749
