2 0.34231698513031006 0.44403699040412903 0.0663909986615181 0.0861549973487854
2 0.1735919713973999 0.49999600648880005 0.0640299990773201 0.08088500052690506
2 0.6569100022315979 0.7581589818000793 0.050363000482320786 0.06678300350904465
1 0.4066069722175598 0.665378987789154 0.05409799888730049 0.06663700193166733
2 0.6438449621200562 0.8958849906921387 0.04323799908161163 0.05610499903559685
2 0.24167197942733765 0.4064770042896271 0.05726199969649315 0.0763000026345253
1 0.196120023727417 0.30277299880981445 0.06222200021147728 0.08934199810028076
2 0.6170699596405029 0.8239099979400635 0.04079199954867363 0.05736500024795532
2 0.3326370120048523 0.11637599766254425 0.06443999707698822 0.08457700163125992
1 0.7329249978065491 0.5631089806556702 0.050209999084472656 0.06212199851870537
2 0.12442201375961304 0.42107000946998596 0.062497999519109726 0.0811539962887764
2 0.5773040056228638 0.19228599965572357 0.052306000143289566 0.06765200197696686
2 0.3421940207481384 0.3631579875946045 0.05695300176739693 0.06891600042581558
1 0.13631099462509155 0.3446100056171417 0.05855799838900566 0.07888299971818924
2 0.17884701490402222 0.6229140162467957 0.06314399838447571 0.07995100319385529
1 0.0811929702758789 0.31881099939346313 0.06400000303983688 0.08145000040531158
2 0.6368860006332397 0.12071999907493591 0.048535000532865524 0.06194600090384483
2 0.5253770351409912 0.6988840103149414 0.06172199919819832 0.07902199774980545
2 0.3638190031051636 0.3060539960861206 0.05410100147128105 0.07491300255060196
2 0.8840960264205933 0.38249099254608154 0.04915300011634827 0.062369998544454575
1 0.16148698329925537 0.6995670199394226 0.050967998802661896 0.06584999710321426
2 0.561432957649231 0.6346750259399414 0.052358999848365784 0.0711359977722168
2 0.5884270071983337 0.43799200654029846 0.06273200362920761 0.08111699670553207
2 0.6040239930152893 0.07164900004863739 0.05319900065660477 0.0703430026769638
2 0.5909309983253479 0.1351429969072342 0.04632600024342537 0.06021599844098091
2 0.8680199980735779 0.5356619954109192 0.048041000962257385 0.058476999402046204
1 0.7093709707260132 0.6138049960136414 0.043595001101493835 0.059647999703884125
1 0.4416959881782532 0.6059709787368774 0.056768998503685 0.07488200068473816
2 0.7290160059928894 0.7174339890480042 0.04682600125670433 0.06159700080752373
1 0.3037700057029724 0.21656300127506256 0.06070899963378906 0.07696499675512314
2 0.5979560017585754 0.6801699995994568 0.05125400051474571 0.08077999949455261
2 0.5326870083808899 0.11175300180912018 0.05266699939966202 0.07051099836826324
1 0.7193080186843872 0.522392988204956 0.05028599873185158 0.04879700019955635
2 0.7677879929542542 0.6783139705657959 0.04574599862098694 0.06816600263118744
1 0.8517850041389465 0.274834007024765 0.04568599909543991 0.05830400064587593
1 0.3744869828224182 0.9868530035018921 0.048457998782396317 0.02629300020635128
1 0.7466180324554443 0.6540089845657349 0.049984000623226166 0.05776600167155266
1 0.2430809736251831 0.637628972530365 0.053286999464035034 0.07336100190877914
2 0.2922229766845703 0.6630799770355225 0.060683999210596085 0.08309400081634521
2 0.396697998046875 0.2727769911289215 0.050547998398542404 0.0692949965596199
2 0.2505199909210205 0.337336003780365 0.052515000104904175 0.06620600074529648
2 0.790211021900177 0.40818798542022705 0.04575299844145775 0.07070499658584595
1 0.33595800399780273 0.7515779733657837 0.03880799934267998 0.06509099900722504
2 0.3510860204696655 0.2154179960489273 0.05555099993944168 0.08316600322723389
2 0.6640620231628418 0.60173499584198 0.04630599915981293 0.06206199899315834
2 0.5395519733428955 0.20480500161647797 0.04676999896764755 0.06649199873209
1 0.12412697076797485 0.544393002986908 0.05271099880337715 0.07150299847126007
1 0.29183197021484375 0.661063015460968 0.06059600040316582 0.08449500054121017
1 0.3717229962348938 0.7469990253448486 0.05875200033187866 0.07587199658155441
1 0.5543850064277649 0.025937000289559364 0.06189100071787834 0.051874998956918716
1 0.19899100065231323 0.687798023223877 0.04497700184583664 0.06300800293684006
2 0.39800602197647095 0.5518730282783508 0.05002500116825104 0.07880400121212006
1 0.260001003742218 0.9191169738769531 0.046546999365091324 0.05713900178670883
2 0.747177004814148 0.6554350256919861 0.051607001572847366 0.059797998517751694
2 0.9222109913825989 0.47251200675964355 0.027427999302744865 0.03460700064897537
1 0.8595330119132996 0.4810369908809662 0.04358899965882301 0.05136600136756897
1 0.39795202016830444 0.552478015422821 0.05113599821925163 0.08041699975728989
2 0.29764801263809204 0.3458870053291321 0.04088599979877472 0.06888899952173233
1 0.6643179655075073 0.6020519733428955 0.047130998224020004 0.06175599992275238
2 0.8536700010299683 0.4123150110244751 0.03541199862957001 0.04521600157022476
1 0.5892159938812256 0.43783000111579895 0.06236400082707405 0.08188600093126297
2 0.37501198053359985 0.7449920177459717 0.06726600229740143 0.08243600279092789
2 0.7633789777755737 0.6712589859962463 0.053867001086473465 0.0777290016412735
1 0.35523098707199097 0.6860179901123047 0.04347899928689003 0.05269800126552582
2 0.3993290066719055 0.7400090098381042 0.03507599979639053 0.07602199912071228
1 0.5615170001983643 0.6369479894638062 0.0527070015668869 0.07216399908065796
1 0.8708660006523132 0.3127470016479492 0.03444800153374672 0.04025200009346008
1 0.7637020349502563 0.5172100067138672 0.04699699953198433 0.05685599893331528
1 0.5133830308914185 0.5426089763641357 0.051079001277685165 0.06362800300121307
2 0.6716710329055786 0.15070299804210663 0.03585699945688248 0.04605000093579292
2 0.8594599962234497 0.48094800114631653 0.043726999312639236 0.05097600072622299
2 0.8704140186309814 0.31302499771118164 0.034425999969244 0.039576999843120575
2 0.009769022464752197 0.022141000255942345 0.019538000226020813 0.04428299888968468
