2 0.06679397821426392 0.5993450284004211 0.06567899882793427 0.07930000126361847
2 0.1593170166015625 0.422993004322052 0.057812999933958054 0.07577099651098251
2 0.44697099924087524 0.8859789967536926 0.052703000605106354 0.06843800097703934
2 0.5503480434417725 0.6130660176277161 0.0325080007314682 0.041965000331401825
2 0.6133730411529541 0.6443099975585938 0.033684998750686646 0.04337099939584732
2 0.04573500156402588 0.6737759709358215 0.05752800032496452 0.07357300072908401
2 0.1023150086402893 0.6554579734802246 0.06028600037097931 0.07640200108289719
2 0.18792498111724854 0.3781740069389343 0.04462699964642525 0.06116100028157234
2 0.027393996715545654 0.7456769943237305 0.05433100089430809 0.08170899748802185
2 0.4206259846687317 0.7507740259170532 0.049194999039173126 0.0703049972653389
2 0.42383402585983276 0.5111910104751587 0.03279000148177147 0.03848600015044212
2 0.16468197107315063 0.675661027431488 0.05615900084376335 0.07919599860906601
2 0.019640028476715088 0.5376120209693909 0.03812199831008911 0.07572299987077713
2 0.42997097969055176 0.47319498658180237 0.030767999589443207 0.03974299877882004
2 0.44929802417755127 0.5226370096206665 0.030097000300884247 0.03820899873971939
2 0.701164960861206 0.7880859971046448 0.027228999882936478 0.03437799960374832
2 0.5624300241470337 0.8989179730415344 0.03376999869942665 0.04331500083208084
2 0.05017799139022827 0.5065029859542847 0.0512240007519722 0.06856600195169449
2 0.22166097164154053 0.3459320068359375 0.03517400100827217 0.04536300152540207
2 0.2283959984779358 0.011040999554097652 0.02882399968802929 0.022081999108195305
2 0.40369099378585815 0.8749549984931946 0.0344570018351078 0.04972599819302559
2 0.593517005443573 0.7518360018730164 0.03312800079584122 0.04169199988245964
2 0.6738870143890381 0.4252069890499115 0.027657000347971916 0.03291099891066551
2 0.010901987552642822 0.6368070244789124 0.021803999319672585 0.07374200224876404
2 0.42642998695373535 0.38822799921035767 0.03326199948787689 0.04185099899768829
1 0.3236839771270752 0.9430580139160156 0.0734269991517067 0.08331000059843063
2 0.1797410249710083 0.2824789881706238 0.03621799871325493 0.04805099964141846
2 0.19537198543548584 0.3198930025100708 0.03969600051641464 0.048140998929739
2 0.8452209830284119 0.4879949986934662 0.028951000422239304 0.03375399857759476
0 0.8677899837493896 0.06935299932956696 0.02641800045967102 0.029196999967098236
2 0.8775830268859863 0.4957689940929413 0.025929000228643417 0.03348499909043312
2 0.8141340017318726 0.39468199014663696 0.02594899944961071 0.029618000611662865
2 0.8718140125274658 0.49624601006507874 0.029178999364376068 0.03354400023818016
0 0.9570630192756653 0.8152790069580078 0.02826100029051304 0.0344030000269413
0 0.8337709903717041 0.6373149752616882 0.024041999131441116 0.028717000037431717
2 0.42404401302337646 0.9834340214729309 0.04500000178813934 0.033132001757621765
1 0.24633502960205078 0.9892950057983398 0.05542200058698654 0.021410999819636345
2 0.1456819772720337 0.36667600274086 0.04666399955749512 0.05414099991321564
2 0.4815490245819092 0.45589300990104675 0.030029000714421272 0.03851199895143509
2 0.7202459573745728 0.6806939840316772 0.025383999571204185 0.03468399867415428
2 0.4187510013580322 0.9492319822311401 0.03598000109195709 0.04725300148129463
1 0.34658098220825195 0.9891420006752014 0.05003200098872185 0.021716000512242317
2 0.9428510069847107 0.3039259910583496 0.02727700024843216 0.0347680002450943
2 0.6332340240478516 0.8053179979324341 0.03234200179576874 0.04305899888277054
