2 0.5733320116996765 0.40223801136016846 0.06462699919939041 0.08364000171422958
2 0.4085659980773926 0.46566200256347656 0.0629580020904541 0.08114399760961533
2 0.8808029890060425 0.7733799815177917 0.04595300182700157 0.059066999703645706
2 0.9160889983177185 0.7050639986991882 0.054558999836444855 0.0723629966378212
2 0.3569599986076355 0.39097899198532104 0.06131500005722046 0.08030299842357635
2 0.9104260206222534 0.8476499915122986 0.04716699942946434 0.058184001594781876
2 0.4183329939842224 0.5874410271644592 0.05928900092840195 0.07739099860191345
2 0.8055959939956665 0.5825790166854858 0.05381900072097778 0.07099799811840057
2 0.8406270146369934 0.6316840052604675 0.05419699847698212 0.07833799719810486
2 0.4715620279312134 0.3694469928741455 0.058042000979185104 0.07172100245952606
1 0.4232860207557678 0.269320011138916 0.0631600022315979 0.08763100206851959
2 0.1317870020866394 0.5742560029029846 0.060479000210762024 0.08159700036048889
1 0.6468729972839355 0.6222140192985535 0.05589599907398224 0.06740699708461761
2 0.04223698377609253 0.4935469925403595 0.05587000027298927 0.07335600256919861
1 0.6435959935188293 0.9518910050392151 0.04049000144004822 0.050207000225782394
2 0.045593976974487305 0.3014490008354187 0.06145000085234642 0.07762400060892105
2 0.8101630210876465 0.12865999341011047 0.05775199830532074 0.07095599919557571
2 0.771265983581543 0.6522870063781738 0.061014000326395035 0.08048900216817856
1 0.9623450040817261 0.5576620101928711 0.04972999915480614 0.0675240010023117
2 0.059126973152160645 0.561743974685669 0.05793299898505211 0.07756300270557404
1 0.5269500017166138 0.17507000267505646 0.06055999919772148 0.07666800171136856
2 0.5326579809188843 0.6233010292053223 0.060853999108076096 0.08103799819946289
1 0.5152559876441956 0.8796250224113464 0.04656299948692322 0.05712300166487694
1 0.364300012588501 0.31515198945999146 0.058058001101017 0.07585799694061279
2 0.8212109804153442 0.0697610005736351 0.05468999966979027 0.06276100128889084
2 0.9820640087127686 0.6592829823493958 0.0349930003285408 0.06524600088596344
2 0.9157159924507141 0.5479580163955688 0.050283998250961304 0.06611400097608566
2 0.5724970102310181 0.3184869885444641 0.05820000171661377 0.0701730027794838
1 0.31017500162124634 0.2921060025691986 0.06272400170564651 0.08080500364303589
2 0.60663902759552 0.7061859965324402 0.06844499707221985 0.08233200013637543
1 0.4104800224304199 0.6646609902381897 0.051708001643419266 0.06535699963569641
2 0.5884810090065002 0.26214399933815 0.05728999897837639 0.07914300262928009
1 0.676084041595459 0.5603960156440735 0.06224700063467026 0.07163199782371521
2 0.10294997692108154 0.5208830237388611 0.048257000744342804 0.06617899984121323
2 0.8328999876976013 0.020778000354766846 0.06006300076842308 0.04155600070953369
2 0.020911991596221924 0.337568998336792 0.034265000373125076 0.05917999893426895
1 0.5892540216445923 0.2628450095653534 0.05531100183725357 0.0783969983458519
1 0.5764119625091553 0.1699250042438507 0.055723998695611954 0.08177600055932999
2 0.9798240065574646 0.5020700097084045 0.040352001786231995 0.0683249980211258
1 0.5504640340805054 0.07231499999761581 0.059498000890016556 0.08073499798774719
1 0.6294220089912415 0.5103330016136169 0.05032699927687645 0.07919300347566605
0 0.027868986129760742 0.9471660256385803 0.04746999964118004 0.061239998787641525
1 0.7443560361862183 0.48950299620628357 0.05103699862957001 0.06730800122022629
2 0.7712230086326599 0.14367300271987915 0.049532998353242874 0.0689219981431961
2 0.9750739932060242 0.46003198623657227 0.04836300015449524 0.05929199978709221
2 0.6757630109786987 0.5604770183563232 0.0617309994995594 0.07379599660634995
2 0.018069028854370117 0.32531699538230896 0.034067001193761826 0.07779199630022049
2 0.6480250358581543 0.6955230236053467 0.03839400038123131 0.07767999917268753
1 0.5721839666366577 0.32131001353263855 0.05778300017118454 0.06731399893760681
1 0.6093559861183167 0.986801028251648 0.037425000220537186 0.026398999616503716
2 0.8699560165405273 0.049949001520872116 0.0561860017478466 0.06362000107765198
2 0.013966023921966553 0.3025990128517151 0.02793099917471409 0.07199499756097794
2 0.7636319994926453 0.05107999965548515 0.056800998747348785 0.07005800306797028
1 0.9795050024986267 0.5027480125427246 0.04098999872803688 0.06717199832201004
2 0.48294901847839355 0.29943299293518066 0.049626998603343964 0.06510800123214722
2 0.8198059797286987 0.3820370137691498 0.06556200236082077 0.08326199650764465
2 0.21663999557495117 0.015893999487161636 0.06966199725866318 0.03178799897432327
1 0.5295599699020386 0.6236550211906433 0.05705999955534935 0.07923199981451035
1 0.8199120163917542 0.38273200392723083 0.06615400314331055 0.08708799630403519
1 0.5285919904708862 0.30607500672340393 0.04266100004315376 0.0696140006184578
1 0.6249899864196777 0.22533200681209564 0.04628700017929077 0.06766100227832794
2 0.9265739917755127 0.5997719764709473 0.04558800160884857 0.0574829988181591
2 0.9872130155563354 0.598829984664917 0.0255730003118515 0.06528499722480774
1 0.4834280014038086 0.5973280072212219 0.05417399853467941 0.07467599958181381
2 0.9623050093650818 0.5586289763450623 0.05076700076460838 0.06851699948310852
2 0.6283470392227173 0.5108950138092041 0.046619001775979996 0.08167800307273865
0 0.09079098701477051 0.9599310159683228 0.05044500157237053 0.062066998332738876
2 0.010769009590148926 0.3506830036640167 0.021062999963760376 0.06579700112342834
1 0.09116697311401367 0.9595649838447571 0.04835199937224388 0.06161399930715561
1 0.9873980283737183 0.5985360145568848 0.024817999452352524 0.06543400138616562
1 0.6036670207977295 0.6411370038986206 0.043873000890016556 0.047742001712322235
1 0.21579301357269287 0.012930000200867653 0.06732899695634842 0.025513000786304474
2 0.011323988437652588 0.2907339930534363 0.022390000522136688 0.06334099918603897
