2 0.347553014755249 0.42747101187705994 0.06490900367498398 0.0870710015296936
2 0.6660959720611572 0.7360299825668335 0.05026499927043915 0.06903599947690964
1 0.4143869876861572 0.6478059887886047 0.05568400025367737 0.06833499670028687
1 0.19926297664642334 0.28352099657058716 0.06345800310373306 0.0879179984331131
2 0.6550430059432983 0.8742120265960693 0.045152999460697174 0.05694900080561638
2 0.894798994064331 0.3549250066280365 0.0497560016810894 0.06426399946212769
2 0.3342769742012024 0.09647099673748016 0.0618089996278286 0.08338800072669983
1 0.13740098476409912 0.3260039985179901 0.05616600066423416 0.07470399886369705
1 0.29696398973464966 0.6437730193138123 0.05950099974870682 0.0850600004196167
2 0.8786969780921936 0.5081260204315186 0.046105001121759415 0.058313999325037
1 0.1686670184135437 0.6806979775428772 0.0512159988284111 0.06475800275802612
1 0.367497980594635 0.283951997756958 0.058035001158714294 0.07959000021219254
1 0.08283597230911255 0.30178600549697876 0.06271400302648544 0.0802299976348877
1 0.3066689968109131 0.19463500380516052 0.059282999485731125 0.08026599884033203
1 0.18369102478027344 0.6057050228118896 0.0625310018658638 0.0792040005326271
1 0.36535000801086426 0.6666380167007446 0.043675001710653305 0.051631998270750046
1 0.7170940041542053 0.5903599858283997 0.04714599996805191 0.06514199823141098
1 0.2669600248336792 0.9032269716262817 0.048323001712560654 0.05805300176143646
2 0.7394440174102783 0.6951969861984253 0.047394998371601105 0.06029500067234039
2 0.6425690054893494 0.09591200202703476 0.05173100158572197 0.06491799652576447
2 0.7608550190925598 0.6352400183677673 0.05756400153040886 0.06685899943113327
1 0.5316929817199707 0.68163001537323 0.05912800133228302 0.07959499955177307
2 0.5818439722061157 0.1683879941701889 0.054388999938964844 0.06872300058603287
1 0.7424399852752686 0.5406150221824646 0.04944499954581261 0.06098400056362152
1 0.7700300216674805 0.49257200956344604 0.05646999925374985 0.05984500050544739
2 0.5946829915046692 0.4193579852581024 0.06169600039720535 0.07887300103902817
2 0.6031190156936646 0.6635749936103821 0.058859001845121384 0.08267799764871597
1 0.128944993019104 0.5276200175285339 0.05158599838614464 0.06994599848985672
2 0.6275700330734253 0.8014429807662964 0.04156100004911423 0.057218998670578
1 0.4002789855003357 0.5343689918518066 0.04439400136470795 0.07955099642276764
2 0.7983599901199341 0.3869929909706116 0.047974999994039536 0.07009699940681458
1 0.4485669732093811 0.5869380235671997 0.06103299930691719 0.07448499649763107
2 0.5700869560241699 0.6142690181732178 0.050999000668525696 0.0701960027217865
1 0.38114500045776367 0.7314990162849426 0.0629350021481514 0.0841509997844696
2 0.5385710000991821 0.08761999756097794 0.051812998950481415 0.06750299781560898
2 0.24564701318740845 0.3880009949207306 0.05695600062608719 0.07461199909448624
1 0.34213000535964966 0.7338610291481018 0.038026999682188034 0.07027799636125565
1 0.7324590086936951 0.49750199913978577 0.05104399845004082 0.055059000849723816
1 0.2052069902420044 0.6717050075531006 0.043060000985860825 0.06400900334119797
1 0.34751999378204346 0.343733012676239 0.05852099880576134 0.06639300286769867
2 0.8719320297241211 0.4523659944534302 0.04449399933218956 0.05382699891924858
1 0.25047898292541504 0.6197649836540222 0.0544469989836216 0.07553400099277496
2 0.5475519895553589 0.1784130036830902 0.045017000287771225 0.06767600029706955
2 0.6095830202102661 0.04746000096201897 0.05047199875116348 0.071663998067379
1 0.1776440143585205 0.4842979907989502 0.06235099956393242 0.07885099947452545
1 0.3032180070877075 0.3247169852256775 0.04340200126171112 0.06708700209856033
1 0.5695419907569885 0.615024983882904 0.051194000989198685 0.07166600227355957
1 0.35445499420166016 0.19184699654579163 0.05284300073981285 0.0839489996433258
2 0.5334650278091431 0.6796759963035583 0.05942400172352791 0.08078599721193314
1 0.5963320136070251 0.1105009987950325 0.05139100179076195 0.05901600047945976
1 0.25631797313690186 0.3166170120239258 0.05052400007843971 0.06571099907159805
1 0.8618649840354919 0.24702100455760956 0.043104998767375946 0.061264000833034515
2 0.9368280172348022 0.44112399220466614 0.02615099959075451 0.03527500107884407
1 0.1267780065536499 0.405689001083374 0.06224900111556053 0.0804779976606369
1 0.6725080013275146 0.5816720128059387 0.04712500050663948 0.06316599994897842
2 0.8993200063705444 0.4348030090332031 0.031266000121831894 0.040470000356435776
2 0.8648959994316101 0.3816330134868622 0.033211998641490936 0.04363299906253815
2 0.1788409948348999 0.4837599992752075 0.06216700002551079 0.07962899655103683
2 0.3475779891014099 0.3421249985694885 0.056992001831531525 0.06986899673938751
1 0.5492919683456421 0.014506000094115734 0.08706200122833252 0.029013000428676605
2 0.7720240354537964 0.6534199714660645 0.05436500161886215 0.06768199801445007
2 0.8826190233230591 0.28194400668144226 0.03478299826383591 0.041659001260995865
2 0.5945999622344971 0.11061599850654602 0.05114800110459328 0.05941300094127655
1 0.38745999336242676 0.9744330048561096 0.03746199980378151 0.04299800097942352
1 0.4046350121498108 0.25202998518943787 0.04483700171113014 0.061597999185323715
2 0.675225019454956 0.629065990447998 0.04111500084400177 0.05097699910402298
2 0.8360099792480469 0.3892660140991211 0.03699199855327606 0.043324001133441925
1 0.5538070201873779 0.012795000337064266 0.06642299890518188 0.025590000674128532
2 0.9638850092887878 0.33326399326324463 0.023984000086784363 0.03509699925780296
1 0.40923601388931274 0.721767008304596 0.032304998487234116 0.08041399717330933
2 0.6794120073318481 0.12335599958896637 0.03900099918246269 0.04477899894118309
1 0.8389890193939209 0.4726339876651764 0.03426999971270561 0.05267399922013283
2 0.6725419759750366 0.5809280276298523 0.047228001058101654 0.062369998544454575
1 0.883450984954834 0.2818340063095093 0.034563999623060226 0.04194200038909912
