2 0.5398800373077393 0.16700400412082672 0.09847299754619598 0.11836499720811844
2 0.4512680172920227 0.7183510065078735 0.12047100067138672 0.14372199773788452
2 0.7766450047492981 0.5005829930305481 0.08468800038099289 0.10192800313234329
2 0.5936529636383057 0.06969200074672699 0.08733399957418442 0.11736100167036057
2 0.6820629835128784 0.16531400382518768 0.08073599636554718 0.10590200126171112
2 0.9332510232925415 0.33073198795318604 0.09145499765872955 0.10934600234031677
0 0.20562702417373657 0.7685670256614685 0.11393699795007706 0.14623799920082092
2 0.7491520047187805 0.44435301423072815 0.0851769968867302 0.09676799923181534
2 0.6484749913215637 0.791496992111206 0.10767000168561935 0.11766999959945679
2 0.9912430047988892 0.46088701486587524 0.01744700036942959 0.1021530032157898
