2 0.6688730120658875 0.5502989888191223 0.06728699803352356 0.0837860032916069
2 0.3541199862957001 0.2399280071258545 0.0499269999563694 0.06721299886703491
2 0.6807910203933716 0.8767049908638 0.05929600074887276 0.08349700272083282
2 0.36737799644470215 0.10202300548553467 0.04543700069189072 0.058306001126766205
1 0.6042159795761108 0.3299959897994995 0.05478899925947189 0.06797699630260468
1 0.8152040243148804 0.6928139925003052 0.06317900121212006 0.0892689973115921
2 0.837041974067688 0.4957839846611023 0.06388500332832336 0.08099199831485748
1 0.2790659964084625 0.433106005191803 0.04994000121951103 0.06223500147461891
1 0.9290509819984436 0.6756529808044434 0.0623369999229908 0.07975500077009201
2 0.486954003572464 0.29666900634765625 0.05889400094747543 0.07461000233888626
2 0.12767000496387482 0.6149740219116211 0.0468440018594265 0.060940999537706375
2 0.7693390250205994 0.5899530053138733 0.0606050007045269 0.07270599901676178
2 0.3934420049190521 0.1733260154724121 0.04094099998474121 0.058736998587846756
1 0.8739309906959534 0.650613009929657 0.0603489987552166 0.07830099761486053
2 0.4351010024547577 0.8019620180130005 0.054992999881505966 0.06943599879741669
2 0.45014700293540955 0.36084502935409546 0.05276700109243393 0.07009900361299515
1 0.8474249839782715 0.29558902978897095 0.04993699863553047 0.0665849968791008
2 0.47902101278305054 0.8837850093841553 0.05237400159239769 0.07060699909925461
1 0.3030169904232025 0.3834409713745117 0.044697001576423645 0.062150999903678894
2 0.1440490037202835 0.46191197633743286 0.046578001230955124 0.058122001588344574
1 0.2910020053386688 0.47483599185943604 0.047965001314878464 0.05178799852728844
2 0.8325690031051636 0.37225401401519775 0.0625229999423027 0.0790100023150444
2 0.4076809883117676 0.9231759905815125 0.051281001418828964 0.06880299746990204
2 0.2487190067768097 0.3251379728317261 0.05353600159287453 0.06806900352239609
1 0.6143460273742676 0.44131600856781006 0.05000799894332886 0.08013500273227692
1 0.7660539746284485 0.35787898302078247 0.05502000078558922 0.07545199990272522
2 0.6475120186805725 0.6887990236282349 0.05517899990081787 0.07572899758815765
1 0.8114629983901978 0.304843008518219 0.043779999017715454 0.06544400006532669
2 0.6141210198402405 0.7210179567337036 0.04941900074481964 0.06685999780893326
1 0.886913001537323 0.45260101556777954 0.04979199916124344 0.07107499986886978
2 0.3466779887676239 0.3946809768676758 0.04821399971842766 0.06284499913454056
2 0.660664975643158 0.7793110013008118 0.05781000107526779 0.08009599894285202
2 0.374983012676239 0.8752790093421936 0.04794299975037575 0.06059899926185608
2 0.42364099621772766 0.5589359998703003 0.06048699840903282 0.08004099875688553
1 0.45895400643348694 0.9712569713592529 0.061174001544713974 0.057486001402139664
1 0.6357219815254211 0.011789023876190186 0.0499269999563694 0.02357799932360649
2 0.8870769739151001 0.5721180438995361 0.062421999871730804 0.08240599930286407
2 0.41042599081993103 0.3153650164604187 0.045131999999284744 0.07837100327014923
2 0.2638719975948334 0.33982598781585693 0.05222899839282036 0.0630360022187233
1 0.720287024974823 0.333266019821167 0.058038000017404556 0.08156699687242508
1 0.6386409997940063 0.24712198972702026 0.06181500107049942 0.08016599714756012
1 0.7080489993095398 0.7782800197601318 0.058715999126434326 0.0771849974989891
1 0.1592250019311905 0.7226690053939819 0.047311000525951385 0.055755000561475754
1 0.5689650177955627 0.3903130292892456 0.0577550008893013 0.07295200228691101
2 0.22151100635528564 0.5865330100059509 0.044576000422239304 0.06744199991226196
2 0.6683300137519836 0.6323460340499878 0.056724999099969864 0.07029099762439728
2 0.2420700043439865 0.31890201568603516 0.03682899847626686 0.06528100371360779
1 0.6762070059776306 0.24568301439285278 0.03798900172114372 0.06595399975776672
1 0.7501469850540161 0.07586401700973511 0.048114001750946045 0.05831100046634674
2 0.42274200916290283 0.8597639799118042 0.04919600114226341 0.05975700169801712
1 0.8326380252838135 0.37231701612472534 0.060697998851537704 0.07655899971723557
1 0.6694170236587524 0.6310479640960693 0.05723800137639046 0.06634200364351273
2 0.28275999426841736 0.27997100353240967 0.04645200073719025 0.05937499925494194
2 0.15178699791431427 0.516431987285614 0.041703000664711 0.05045099928975105
2 0.4717260003089905 0.7907389998435974 0.04168099910020828 0.06661300361156464
2 0.7072020173072815 0.7780399918556213 0.059877000749111176 0.07515399903059006
1 0.6474350094795227 0.6898170113563538 0.056641001254320145 0.078964002430439
1 0.24868300557136536 0.4780910015106201 0.0450420007109642 0.054926998913288116
2 0.633243978023529 0.24988698959350586 0.07350099831819534 0.0839729979634285
2 0.15730300545692444 0.585312008857727 0.033590998500585556 0.04531800001859665
2 0.7179070115089417 0.3318939805030823 0.059859998524188995 0.08129099756479263
2 0.140174999833107 0.6849589943885803 0.03300800174474716 0.04020199924707413
1 0.2660819888114929 0.34205102920532227 0.046828001737594604 0.059335000813007355
2 0.71315598487854 0.6500500440597534 0.04196799919009209 0.06896299868822098
2 0.6234670281410217 0.2542150020599365 0.061726998537778854 0.08539199829101562
1 0.3026599884033203 0.5164389610290527 0.034961998462677 0.04816100001335144
1 0.4235369861125946 0.859358012676239 0.05100100114941597 0.05985800176858902
2 0.08760900050401688 0.5254800319671631 0.026184000074863434 0.03394300118088722
2 0.2577979862689972 0.3336679935455322 0.05867899954319 0.0718270018696785
1 0.2680160105228424 0.4774309992790222 0.07744599878787994 0.05491900071501732
2 0.7584750056266785 0.6577950119972229 0.04887799918651581 0.060610998421907425
2 0.6116420030593872 0.2560970187187195 0.03711999952793121 0.07887300103902817
1 0.7586960196495056 0.6582069993019104 0.04864899814128876 0.059992000460624695
1 0.40893301367759705 0.9231079816818237 0.05296799913048744 0.06878899782896042
2 0.30281901359558105 0.3840029835700989 0.0439630001783371 0.06266000121831894
1 0.7127540111541748 0.6497429609298706 0.04139599949121475 0.068743996322155
2 0.18603800237178802 0.5816290378570557 0.0357000008225441 0.04432699829339981
2 0.12386500090360641 0.5321990251541138 0.030460000038146973 0.039622001349925995
2 0.008454999886453152 0.8716689944267273 0.015092000365257263 0.031950999051332474
0 0.019860999658703804 0.3933889865875244 0.027164999395608902 0.03402300179004669
1 0.5028790235519409 0.45359301567077637 0.04602799937129021 0.06303200125694275
1 0.7395679950714111 0.25668102502822876 0.03210499882698059 0.053777001798152924
