2 0.6650109887123108 0.5493170022964478 0.06524299830198288 0.08301699906587601
2 0.363970011472702 0.101298987865448 0.04416799917817116 0.05816100165247917
2 0.351967990398407 0.23927098512649536 0.05158400163054466 0.06785199791193008
2 0.8329330086708069 0.495140016078949 0.06254400312900543 0.07777299731969833
2 0.6769120097160339 0.8758140206336975 0.060499001294374466 0.08420000225305557
1 0.6010990142822266 0.32972997426986694 0.054806001484394073 0.06890200078487396
2 0.7655749917030334 0.5887750387191772 0.059780001640319824 0.07395599782466888
2 0.4829469919204712 0.29610300064086914 0.057440999895334244 0.07476399838924408
1 0.2754549980163574 0.431443989276886 0.048548001796007156 0.06239600107073784
2 0.12515300512313843 0.6146309971809387 0.0460209995508194 0.059884000569581985
1 0.869396984577179 0.6492869853973389 0.06150899827480316 0.08027199655771255
1 0.8114709854125977 0.6922110319137573 0.064301997423172 0.08812599629163742
2 0.4750500023365021 0.8827940225601196 0.05208799988031387 0.0711750015616417
2 0.4463360011577606 0.3623250126838684 0.05250899866223335 0.06700500100851059
2 0.8282870054244995 0.3720589876174927 0.061841998249292374 0.0809520035982132
1 0.9260029792785645 0.6749629974365234 0.06329599767923355 0.08134999871253967
2 0.4327459931373596 0.8001059889793396 0.05454700067639351 0.0715079978108406
1 0.8451409935951233 0.2947959899902344 0.04973499849438667 0.0657690018415451
2 0.8820289969444275 0.5719339847564697 0.06399200111627579 0.08343800157308578
1 0.7612209916114807 0.3569279909133911 0.054694999009370804 0.07679200172424316
2 0.6437990069389343 0.6877620220184326 0.05642100051045418 0.07705499976873398
2 0.40821900963783264 0.3155660033226013 0.047784000635147095 0.0766490027308464
2 0.4194830060005188 0.557515025138855 0.059057001024484634 0.07855299860239029
2 0.28065600991249084 0.27939099073410034 0.04773499816656113 0.060162000358104706
2 0.39040398597717285 0.17301398515701294 0.039778999984264374 0.0567299984395504
2 0.14068399369716644 0.4613410234451294 0.04465699940919876 0.05823700129985809
2 0.6565009951591492 0.7801539897918701 0.05980699881911278 0.08225400000810623
2 0.6649979948997498 0.631464958190918 0.05655999854207039 0.07098600268363953
1 0.28802698850631714 0.4758780002593994 0.04453200101852417 0.04942899942398071
1 0.30009400844573975 0.3828210234642029 0.04370100051164627 0.06018799915909767
1 0.454800009727478 0.9703710079193115 0.05986800044775009 0.05925799906253815
2 0.3437269926071167 0.39390701055526733 0.04805200174450874 0.06313200294971466
2 0.2502569854259491 0.3315470218658447 0.06129499897360802 0.07401300221681595
1 0.6115700006484985 0.4405660033226013 0.048562999814748764 0.07976499944925308
2 0.40428900718688965 0.921051025390625 0.05164099857211113 0.0720369964838028
2 0.24251499772071838 0.32074999809265137 0.04834799841046333 0.06924699991941452
1 0.8087700009346008 0.30539900064468384 0.04569299891591072 0.06796800345182419
2 0.6107580065727234 0.7212209701538086 0.04874800145626068 0.06507299840450287
1 0.6322429776191711 0.011659026145935059 0.04703899845480919 0.02331800013780594
2 0.2603740096092224 0.3391690254211426 0.05074099823832512 0.06392499804496765
1 0.5647310018539429 0.3888310194015503 0.05867699906229973 0.07273499667644501
2 0.3726719915866852 0.8730120062828064 0.049281999468803406 0.062105000019073486
1 0.747314989566803 0.07427000999450684 0.0456559993326664 0.056901998817920685
2 0.6284719705581665 0.25256597995758057 0.07517900317907333 0.08643999695777893
2 0.7140889763832092 0.3310779929161072 0.062247999012470245 0.08164100348949432
2 0.22029800713062286 0.587736964225769 0.044130001217126846 0.06842900067567825
2 0.4684329926967621 0.7908710241317749 0.04057500138878822 0.06801699846982956
1 0.1565299928188324 0.7227610349655151 0.04419500008225441 0.054940998554229736
1 0.884086012840271 0.4521470069885254 0.04959600046277046 0.07037200033664703
2 0.42055100202560425 0.8589010238647461 0.051865000277757645 0.059689000248909
1 0.419171005487442 0.859246015548706 0.05023999884724617 0.05904899910092354
2 0.5652740001678467 0.38952797651290894 0.05700799822807312 0.07550100237131119
2 0.7030540108680725 0.7791810035705566 0.059689000248909 0.0790409967303276
2 0.08554299920797348 0.5245740413665771 0.027414999902248383 0.03366599977016449
1 0.7045440077781677 0.779528021812439 0.05846399813890457 0.07822299748659134
1 0.1500750035047531 0.515392005443573 0.04167100042104721 0.053672999143600464
2 0.608659029006958 0.2560349702835083 0.03785799816250801 0.08119799941778183
1 0.7159150242805481 0.332614004611969 0.058115001767873764 0.08230099827051163
2 0.15015900135040283 0.515379011631012 0.041450999677181244 0.052855998277664185
1 0.24497100710868835 0.4777190089225769 0.04260599985718727 0.054579999297857285
1 0.6728249788284302 0.24523401260375977 0.03907399997115135 0.06645900011062622
2 0.7086219787597656 0.6488519906997681 0.042608000338077545 0.07051700353622437
1 0.644465982913971 0.6884869933128357 0.058285001665353775 0.0781090036034584
2 0.7551320195198059 0.656620979309082 0.05080400034785271 0.06379800289869308
1 0.13707700371742249 0.684499979019165 0.031759001314640045 0.041645001620054245
1 0.6655880212783813 0.628216028213501 0.05606300011277199 0.06595200300216675
2 0.15465599298477173 0.5847489833831787 0.0329120010137558 0.047655001282691956
2 0.6120569705963135 0.44165700674057007 0.04589900001883507 0.07920700311660767
2 0.1370989978313446 0.6848340034484863 0.03202899917960167 0.04068300127983093
1 0.5140650272369385 0.03690999746322632 0.036348000168800354 0.042899999767541885
1 0.30272799730300903 0.5149570107460022 0.03287699818611145 0.046560000628232956
2 0.12174999713897705 0.5306010246276855 0.03086099959909916 0.04058799892663956
1 0.6329929828643799 0.249642014503479 0.06640999764204025 0.08166900277137756
1 0.6497989892959595 0.3076540231704712 0.04368399828672409 0.051506999880075455
