2 0.3569360077381134 0.6184979677200317 0.06819699704647064 0.08866199851036072
2 0.9448930025100708 0.7012159824371338 0.06280499696731567 0.08078599721193314
2 0.9732469916343689 0.621662974357605 0.053507000207901 0.07579699903726578
2 0.5215950012207031 0.554036021232605 0.06362099945545197 0.07973899692296982
2 0.04495000094175339 0.24418598413467407 0.04589499905705452 0.06110300123691559
2 0.5115240216255188 0.4330790042877197 0.06204099953174591 0.07990700006484985
1 0.2808209955692291 0.39847397804260254 0.05798500031232834 0.06951600313186646
2 0.15524299442768097 0.3691890239715576 0.062477998435497284 0.08432500064373016
2 0.5742210149765015 0.627884030342102 0.06182900071144104 0.08269599825143814
2 0.798160970211029 0.444474995136261 0.059640999883413315 0.07930999994277954
2 0.08726300299167633 0.38757002353668213 0.0603800006210804 0.08501099795103073
2 0.12026400119066238 0.4373459815979004 0.05766800045967102 0.07337100058794022
2 0.8841019868850708 0.7171820402145386 0.059877000749111176 0.076323002576828
2 0.45903098583221436 0.6518589854240417 0.06067299842834473 0.07962799817323685
2 0.35846400260925293 0.7034209966659546 0.058862000703811646 0.07291600108146667
2 0.8860939741134644 0.5246939659118652 0.05607299879193306 0.07047200202941895
2 0.01824899949133396 0.3110499978065491 0.03588699921965599 0.07168599963188171
2 0.019917000085115433 0.16883397102355957 0.03983499854803085 0.05724700167775154
1 0.5182070136070251 0.35664302110671997 0.05356200039386749 0.06593599915504456
1 0.5071470141410828 0.7539249658584595 0.06222600117325783 0.08862199634313583
1 0.2862200140953064 0.06770998239517212 0.04190000146627426 0.050673000514507294
2 0.1178169995546341 0.8967509865760803 0.057427000254392624 0.07097899913787842
2 0.8681600093841553 0.4569479823112488 0.05967799946665764 0.07589499652385712
2 0.05543600022792816 0.9704380035400391 0.056940000504255295 0.059122998267412186
2 0.37991899251937866 0.9510459899902344 0.05931299924850464 0.08341299742460251
1 0.5651460289955139 0.705847978591919 0.058632999658584595 0.07844799757003784
2 0.017835000529885292 0.47171497344970703 0.03539999946951866 0.0735429972410202
2 0.1635030061006546 0.9699040055274963 0.05860999971628189 0.06019200012087822
2 0.39813101291656494 0.394897997379303 0.0628260001540184 0.08370199799537659
2 0.28025200963020325 0.32419097423553467 0.039976999163627625 0.07943200320005417
1 0.1820169985294342 0.5291849970817566 0.0561710000038147 0.06801799684762955
2 0.3196069896221161 0.3122299909591675 0.06677000224590302 0.08035600185394287
2 0.10585200041532516 0.9561899900436401 0.05524199828505516 0.06394799798727036
1 0.6199480295181274 0.7286579608917236 0.06464199721813202 0.08584199845790863
2 0.35479700565338135 0.8532119989395142 0.06089299917221069 0.08545199781656265
2 0.10643400251865387 0.6384680271148682 0.06616099923849106 0.0831959992647171
2 0.45003899931907654 0.7200739979743958 0.051325999200344086 0.0665230005979538
1 0.445932000875473 0.41992902755737305 0.05330299958586693 0.07638200372457504
2 0.25141000747680664 0.45927900075912476 0.06384000182151794 0.07601200044155121
1 0.8367249965667725 0.06314897537231445 0.04940799996256828 0.05950399860739708
2 0.1540369987487793 0.8822540044784546 0.05083699896931648 0.06712300330400467
1 0.4042159914970398 0.8476029634475708 0.06074000149965286 0.08055900037288666
2 0.338918000459671 0.7610169649124146 0.0621040016412735 0.0780780017375946
2 0.0912259966135025 0.5882799625396729 0.047919999808073044 0.06544599682092667
2 0.8262630105018616 0.499737024307251 0.04724099859595299 0.06597799807786942
1 0.33910098671913147 0.7637450098991394 0.062134999781847 0.07929100096225739
1 0.3207629919052124 0.025488972663879395 0.03990200161933899 0.04969999939203262
1 0.41373899579048157 0.13932502269744873 0.047954998910427094 0.05739999935030937
2 0.3072179853916168 0.7971400022506714 0.0532119981944561 0.07029800117015839
2 0.2997179925441742 0.510532021522522 0.048158999532461166 0.08217000216245651
2 0.403001993894577 0.7145000100135803 0.04034100100398064 0.07201100140810013
1 0.48376500606536865 0.36651402711868286 0.044183000922203064 0.06715899705886841
1 0.3041880130767822 0.7953370213508606 0.046828001737594604 0.06880100071430206
1 0.3244220018386841 0.3120200037956238 0.07353100180625916 0.08103899657726288
1 0.5642809867858887 0.5077160000801086 0.05053599923849106 0.06980700045824051
