2 0.41840100288391113 0.41670697927474976 0.06305599957704544 0.08485600352287292
2 0.5621330142021179 0.3411340117454529 0.062320999801158905 0.07793799787759781
2 0.5291299819946289 0.22176402807235718 0.061135001480579376 0.07963699847459793
2 0.9643620252609253 0.3697090148925781 0.05770299956202507 0.07250700145959854
2 0.1598140001296997 0.7112690210342407 0.06311099976301193 0.07823300361633301
2 0.1812019944190979 0.4166949987411499 0.05872200056910515 0.0815109983086586
2 0.6215310096740723 0.40625399351119995 0.06121699884533882 0.0789719969034195
2 0.8716189861297607 0.2863540053367615 0.05042700096964836 0.0716250017285347
2 0.14607100188732147 0.7827489972114563 0.0542990006506443 0.06823500245809555
2 0.17795300483703613 0.20226699113845825 0.07197699695825577 0.09350299835205078
2 0.934677004814148 0.4425150156021118 0.05242700129747391 0.06800200045108795
2 0.4340769946575165 0.5066930055618286 0.05890600010752678 0.07883600145578384
2 0.30684998631477356 0.20163798332214355 0.07069800049066544 0.07664500176906586
2 0.1319510042667389 0.8484929800033569 0.06218799948692322 0.076944999396801
2 0.21261000633239746 0.45934998989105225 0.06893099844455719 0.08843199908733368
2 0.09304799884557724 0.8065320253372192 0.0605820007622242 0.07243099808692932
2 0.7831370234489441 0.21881699562072754 0.051809001713991165 0.07850799709558487
2 0.1970209926366806 0.792514979839325 0.05545099824666977 0.07402899861335754
2 0.3210499882698059 0.2686600089073181 0.06332399696111679 0.07435200363397598
2 0.13908900320529938 0.24663597345352173 0.05839899927377701 0.08414600044488907
2 0.4364849925041199 0.1902809739112854 0.0530179999768734 0.06866300106048584
2 0.8406550288200378 0.22109800577163696 0.048618998378515244 0.06426099687814713
2 0.4211600124835968 0.6461420059204102 0.05116700008511543 0.08301199972629547
2 0.019581999629735947 0.9679589867591858 0.036531999707221985 0.05349300056695938
2 0.25273001194000244 0.12214702367782593 0.061305999755859375 0.08337700366973877
1 0.6759369969367981 0.4979519844055176 0.06291499733924866 0.07832100242376328
1 0.6222010254859924 0.4830250144004822 0.0547339990735054 0.07075800001621246
2 0.46258801221847534 0.7354750037193298 0.06397199630737305 0.08051999658346176
2 0.1951809972524643 0.8910269737243652 0.060430001467466354 0.0734810009598732
2 0.05511999875307083 0.9839609861373901 0.0620729997754097 0.03043000027537346
1 0.5562970042228699 0.5336560010910034 0.07196100056171417 0.08513200283050537
2 0.5147839784622192 0.44224900007247925 0.05481500178575516 0.06543400138616562
2 0.019293000921607018 0.29241400957107544 0.038586001843214035 0.07955099642276764
2 0.4713680148124695 0.6336380243301392 0.05734499916434288 0.07391700148582458
2 0.3440159857273102 0.11228197813034058 0.05985900014638901 0.08022099733352661
1 0.25241801142692566 0.12273800373077393 0.06447699666023254 0.08544100075960159
2 0.48931699991226196 0.5087670087814331 0.04849100112915039 0.0629350021481514
1 0.30044400691986084 0.10742902755737305 0.046925000846385956 0.07232700288295746
2 0.007532000076025724 0.9426900148391724 0.015062999911606312 0.047763001173734665
1 0.3438510000705719 0.11182701587677002 0.06130100041627884 0.07968000322580338
1 0.4649760127067566 0.7365449666976929 0.0643410012125969 0.0805559977889061
2 0.15443100035190582 0.9176639914512634 0.049129001796245575 0.06807400286197662
2 0.9249659776687622 0.2040020227432251 0.043547000735998154 0.0595179982483387
