2 0.40573298931121826 0.8904740214347839 0.08561799675226212 0.10832999646663666
2 0.1597529947757721 0.3683990240097046 0.08744999766349792 0.10536900162696838
2 0.7020480036735535 0.1495789885520935 0.12049499899148941 0.15027999877929688
2 0.4783270061016083 0.6724100112915039 0.07826299965381622 0.10181000083684921
2 0.3995780050754547 0.343608021736145 0.08110000193119049 0.0973690003156662
2 0.6105530261993408 0.6783850193023682 0.09305699914693832 0.1124889999628067
2 0.5566819906234741 0.7682120203971863 0.08445899933576584 0.11037000268697739
2 0.24651199579238892 0.49731600284576416 0.08466999977827072 0.10323400050401688
2 0.5232170224189758 0.06664299964904785 0.10176599770784378 0.121738001704216
0 0.948714017868042 0.11481499671936035 0.102572001516819 0.14528700709342957
2 0.42460599541664124 0.4011639952659607 0.0756789967417717 0.09184300154447556
0 0.009429000318050385 0.2976139783859253 0.018857000395655632 0.08048500120639801
