2 0.7309610247612 0.17290401458740234 0.07897700369358063 0.10142900049686432
2 0.6750119924545288 0.3561919927597046 0.08113899827003479 0.10154499858617783
2 0.8476759791374207 0.9332759976387024 0.06543199717998505 0.0825200006365776
2 0.35531899333000183 0.8804830312728882 0.05184699967503548 0.06739199906587601
2 0.7211059927940369 0.08849501609802246 0.0567299984395504 0.07171999663114548
2 0.7353690266609192 0.2706800103187561 0.08613499999046326 0.0973220020532608
2 0.3340280055999756 0.9847049713134766 0.05682000145316124 0.03058999963104725
1 0.7807729840278625 0.3360559940338135 0.08450300246477127 0.09923200309276581
1 0.3860909938812256 0.019842028617858887 0.08427000045776367 0.03898400068283081
2 0.3162960112094879 0.9032019972801208 0.04868600144982338 0.060871001332998276
