2 0.787788987159729 0.4056509733200073 0.03143699839711189 0.040748998522758484
2 0.7141410112380981 0.6316069960594177 0.02853499911725521 0.0326789990067482
2 0.6844760179519653 0.6388800144195557 0.027522999793291092 0.034547001123428345
2 0.39120298624038696 0.39191699028015137 0.025242000818252563 0.033900000154972076
1 0.8137770295143127 0.270018994808197 0.037870001047849655 0.046785999089479446
2 0.3725920021533966 0.3443149924278259 0.025388000532984734 0.03030800074338913
2 0.7777739763259888 0.569748044013977 0.024091999977827072 0.03140300139784813
1 0.9228339791297913 0.00886601209640503 0.04946700111031532 0.017570000141859055
2 0.8366590142250061 0.830814003944397 0.020376000553369522 0.024968000128865242
2 0.573468029499054 0.9875239729881287 0.025926999747753143 0.024952000007033348
2 0.828199028968811 0.821923017501831 0.022501999512314796 0.027377000078558922
