2 0.38264200091362 0.8450930118560791 0.08840800076723099 0.1097320020198822
2 0.5777789950370789 0.5958000421524048 0.09528899937868118 0.11203599721193314
2 0.3307259976863861 0.29529398679733276 0.08476900309324265 0.09828700125217438
2 0.5269150137901306 0.6994329690933228 0.08467499911785126 0.11043299734592438
2 0.18182100355625153 0.47655898332595825 0.09107500314712524 0.10700900107622147
2 0.08151700347661972 0.35485899448394775 0.09190700203180313 0.11114499717950821
2 0.35940301418304443 0.3575479984283447 0.08328700065612793 0.08619999885559082
2 0.43361398577690125 0.6219370365142822 0.07615800201892853 0.10598199814558029
2 0.6564339995384216 0.03878599405288696 0.12940800189971924 0.07549399882555008
0 0.9880719780921936 0.9453709721565247 0.023855000734329224 0.10925900191068649
2 0.4835270047187805 0.5129350423812866 0.08053100109100342 0.07430499792098999
2 0.4534370005130768 0.12024497985839844 0.06171400099992752 0.08854400366544724
0 0.8334619998931885 0.8779330253601074 0.07526499778032303 0.1274850070476532
1 0.44940999150276184 0.012094974517822266 0.0654119998216629 0.023814000189304352
