2 0.8289039731025696 0.49759799242019653 0.06285200268030167 0.08036699891090393
2 0.660332977771759 0.5535140037536621 0.06664600223302841 0.0864109992980957
2 0.3443639874458313 0.2411710023880005 0.049688998609781265 0.06702999770641327
2 0.35757601261138916 0.10284000635147095 0.04364100098609924 0.056028999388217926
1 0.865211009979248 0.6531109809875488 0.057999998331069946 0.0804549977183342
1 0.8063269853591919 0.694687008857727 0.06281200051307678 0.09126000106334686
1 0.5954200029373169 0.33288997411727905 0.054030999541282654 0.06691200286149979
2 0.11886800080537796 0.6180149912834167 0.04920300096273422 0.062238000333309174
2 0.13303199410438538 0.4635779857635498 0.0465800017118454 0.056095000356435776
2 0.7609490156173706 0.5922219753265381 0.05887699872255325 0.07416000217199326
2 0.27345600724220276 0.2812510132789612 0.046567000448703766 0.06237100064754486
2 0.3846150040626526 0.17531198263168335 0.04105599969625473 0.057895999401807785
2 0.6709669828414917 0.8805840015411377 0.06193700060248375 0.08398599922657013
2 0.42678898572921753 0.8048030138015747 0.05269100144505501 0.06855300068855286
1 0.26880601048469543 0.43670499324798584 0.0491969995200634 0.06220899894833565
1 0.8397489786148071 0.29735898971557617 0.05201699957251549 0.0664530023932457
2 0.44127199053764343 0.36375200748443604 0.05087300017476082 0.07051199674606323
1 0.9207990169525146 0.6790640354156494 0.06483499705791473 0.08334700018167496
2 0.47762399911880493 0.2987070083618164 0.05819400027394295 0.07582099735736847
2 0.4001989960670471 0.9259459972381592 0.051739998161792755 0.07115700095891953
1 0.7582910060882568 0.36055701971054077 0.0527070015668869 0.07234200090169907
2 0.6392160058021545 0.6907299757003784 0.05502700060606003 0.07524800300598145
2 0.82328200340271 0.3747900128364563 0.06389699876308441 0.079694002866745
2 0.6603360176086426 0.6341609954833984 0.05483900010585785 0.06648900359869003
1 0.6676269769668579 0.24555999040603638 0.03829700127243996 0.06514599919319153
1 0.7001370191574097 0.780305027961731 0.061625998467206955 0.07857199758291245
2 0.4040699899196625 0.3179829716682434 0.05010100081562996 0.08133500069379807
2 0.4151259958744049 0.5608279705047607 0.06053600087761879 0.08096999675035477
2 0.36629700660705566 0.8765510320663452 0.05045200139284134 0.06306199729442596
2 0.25644800066947937 0.34356701374053955 0.04786200076341629 0.060061000287532806
1 0.1499059945344925 0.7225160002708435 0.04728500172495842 0.057732999324798584
1 0.8780519962310791 0.4545770287513733 0.05346599966287613 0.07200100272893906
2 0.877515971660614 0.5764659643173218 0.06166600063443184 0.0804940015077591
1 0.28334900736808777 0.47578299045562744 0.04605000093579292 0.05149200186133385
2 0.47104498744010925 0.8848180174827576 0.05344200134277344 0.06853300333023071
1 0.5612409710884094 0.3929380178451538 0.05762200057506561 0.07394299656152725
1 0.45081400871276855 0.9733020067214966 0.05870399996638298 0.05339699983596802
2 0.33850398659706116 0.39702701568603516 0.04782700166106224 0.062167998403310776
1 0.6266930103302002 0.01223599910736084 0.05066400021314621 0.024470999836921692
2 0.7100110054016113 0.33480900526046753 0.0607450008392334 0.08207900077104568
1 0.8017839789390564 0.3080090284347534 0.041703999042510986 0.06245400011539459
1 0.29418298602104187 0.3851280212402344 0.0460829995572567 0.06034500151872635
2 0.6521329879760742 0.7838349938392639 0.05760300159454346 0.08151199668645859
2 0.46256500482559204 0.7938469648361206 0.04508500173687935 0.06663800030946732
2 0.23358599841594696 0.31950801610946655 0.03985200077295303 0.06492199748754501
2 0.6050729751586914 0.7218630313873291 0.04893700033426285 0.0714619979262352
1 0.4150350093841553 0.86285001039505 0.050749000161886215 0.060913000255823135
2 0.2128639966249466 0.5891180038452148 0.045451000332832336 0.06726399809122086
1 0.6294950246810913 0.2515159845352173 0.05970599874854088 0.07732799649238586
2 0.6280159950256348 0.25185298919677734 0.06864999979734421 0.07929500192403793
2 0.7509369850158691 0.6604599952697754 0.05181099846959114 0.06499899923801422
1 0.7108089923858643 0.33674198389053345 0.061191000044345856 0.08449500054121017
1 0.23814800381660461 0.48076897859573364 0.04541200026869774 0.05661100149154663
2 0.6064479947090149 0.4459559917449951 0.047426000237464905 0.08008500188589096
2 0.14759500324726105 0.5861049890518188 0.034602999687194824 0.04321400076150894
2 0.14254899322986603 0.5185580253601074 0.04402900114655495 0.050526998937129974
1 0.741765022277832 0.07855302095413208 0.048514001071453094 0.05580199882388115
1 0.6042559742927551 0.44339799880981445 0.05278800055384636 0.07873699814081192
2 0.13091500103473663 0.686253011226654 0.035780999809503555 0.040803998708724976
2 0.4151360094547272 0.8630989789962769 0.05108699947595596 0.061243001371622086
1 0.6049749851226807 0.7249289751052856 0.04602700099349022 0.06606899946928024
2 0.7048199772834778 0.6514760255813599 0.04232500120997429 0.06999299675226212
2 0.0784510001540184 0.5274540185928345 0.027847999706864357 0.03446200117468834
1 0.8776140213012695 0.5763219594955444 0.06267599761486053 0.08228600025177002
1 0.1427769958972931 0.5190050005912781 0.04450799897313118 0.05388500168919563
2 0.3309459984302521 0.8486729860305786 0.03578700125217438 0.04509599879384041
1 0.13049399852752686 0.6853740215301514 0.03557100147008896 0.041342999786138535
1 0.40237298607826233 0.9257280230522156 0.05383500084280968 0.0723780021071434
2 0.6007699966430664 0.25999701023101807 0.02929599955677986 0.07839100062847137
2 0.1763859987258911 0.5838199853897095 0.036524999886751175 0.044488999992609024
1 0.6453689932823181 0.31228697299957275 0.04343400150537491 0.051368001848459244
1 0.6386020183563232 0.6918460130691528 0.055959999561309814 0.07699999958276749
