2 0.65973299741745 0.5451599955558777 0.0654970034956932 0.08612000197172165
2 0.8278779983520508 0.4937340021133423 0.06295999884605408 0.08090099692344666
2 0.36118799448013306 0.09802597761154175 0.04360400140285492 0.057068001478910446
1 0.8640810251235962 0.6475839614868164 0.05786899849772453 0.07827100157737732
2 0.44251400232315063 0.35719799995422363 0.05378999933600426 0.07016299664974213
1 0.8048710227012634 0.6905379891395569 0.061225999146699905 0.08708299696445465
2 0.34965598583221436 0.2344130277633667 0.04914800077676773 0.06935500353574753
2 0.6697949767112732 0.872963011264801 0.06098200008273125 0.08171799778938293
1 0.9189450144767761 0.6736660003662109 0.06264699995517731 0.08083099871873856
2 0.2769010066986084 0.27490299940109253 0.04723599925637245 0.06089000031352043
1 0.5965110063552856 0.3268120288848877 0.054363999515771866 0.07129000127315521
2 0.8239349722862244 0.37073302268981934 0.06264100223779678 0.07972700148820877
2 0.47805100679397583 0.2923179864883423 0.057110000401735306 0.07524599879980087
2 0.13808299601078033 0.4562479853630066 0.044899001717567444 0.05659700185060501
2 0.12133300304412842 0.6085879802703857 0.04751000180840492 0.061448998749256134
2 0.2375669926404953 0.3111169934272766 0.043205998837947845 0.06383900344371796
2 0.25853899121284485 0.33208197355270386 0.047533001750707626 0.06531400233507156
1 0.27087700366973877 0.4276599884033203 0.046507999300956726 0.06128599867224693
1 0.6966310143470764 0.7762259840965271 0.06023800000548363 0.07859399914741516
1 0.7582619786262512 0.355692982673645 0.05270799994468689 0.07303400337696075
2 0.7595319747924805 0.5859769582748413 0.05857999995350838 0.07438299804925919
1 0.8411660194396973 0.29364699125289917 0.051396001130342484 0.06524399667978287
2 0.3876799941062927 0.16927599906921387 0.04130600020289421 0.05761700123548508
2 0.36657100915908813 0.8684920072555542 0.05044899880886078 0.0628030002117157
2 0.413332998752594 0.5530840158462524 0.05961399897933006 0.07931700348854065
2 0.8771010041236877 0.5704059600830078 0.06143999844789505 0.08220099657773972
2 0.341823011636734 0.38951897621154785 0.045513998717069626 0.06251300126314163
2 0.42587900161743164 0.7979339957237244 0.04911499843001366 0.0678040012717247
1 0.4488550126552582 0.968520998954773 0.06030099838972092 0.06295700371265411
2 0.40262699127197266 0.31172698736190796 0.047214001417160034 0.07878199964761734
1 0.6699309945106506 0.24168401956558228 0.04167800024151802 0.0686350017786026
2 0.21551600098609924 0.5812879800796509 0.045402999967336655 0.06810399889945984
1 0.15474100410938263 0.7184510231018066 0.044210001826286316 0.05922500044107437
1 0.29619699716567993 0.37800198793411255 0.04665699973702431 0.0606440007686615
2 0.6282240152359009 0.24644601345062256 0.07068400084972382 0.08513099700212479
1 0.7123910188674927 0.3289639949798584 0.058903999626636505 0.08073800057172775
1 0.5602229833602905 0.3853530287742615 0.059744998812675476 0.07071399688720703
2 0.39828699827194214 0.9162750244140625 0.05083100125193596 0.06892000138759613
2 0.560204029083252 0.38647300004959106 0.05962099879980087 0.07702100276947021
1 0.7450929880142212 0.07236301898956299 0.04659299924969673 0.05826700106263161
2 0.46943598985671997 0.8774539828300476 0.05235400050878525 0.06796800345182419
1 0.8791980147361755 0.451865017414093 0.053507000207901 0.07126999646425247
2 0.6594300270080566 0.6291390061378479 0.05541599914431572 0.06983699649572372
1 0.2834309935569763 0.46873700618743896 0.04858199879527092 0.050958000123500824
2 0.7102370262145996 0.329243004322052 0.05963499844074249 0.08394499868154526
1 0.6588429808616638 0.6284940242767334 0.052831001579761505 0.06658300012350082
2 0.6058189868927002 0.44036298990249634 0.04543599858880043 0.07805900275707245
1 0.8047659993171692 0.30377197265625 0.04321200028061867 0.06597500294446945
1 0.6374620199203491 0.6865589618682861 0.056115999817848206 0.07808399945497513
1 0.4693320095539093 0.8776299953460693 0.05132000148296356 0.06880400329828262
1 0.41293099522590637 0.854653000831604 0.05321099981665611 0.05793900042772293
1 0.14753399789333344 0.5097689628601074 0.04231699928641319 0.052703000605106354
1 0.6465269923210144 0.3054490089416504 0.0454539991915226 0.05305999889969826
1 0.6298900246620178 0.010236024856567383 0.05111699923872948 0.020471999421715736
2 0.3359510004520416 0.34154897928237915 0.04049700126051903 0.050259001553058624
2 0.46252700686454773 0.787693977355957 0.04113899916410446 0.06596100330352783
2 0.649836003780365 0.7787820100784302 0.05530000105500221 0.07968699932098389
2 0.6376129984855652 0.6862139701843262 0.054641999304294586 0.07756099849939346
1 0.7490429878234863 0.6562510132789612 0.05130400136113167 0.06317900121212006
1 0.6288880109786987 0.2447500228881836 0.06114700064063072 0.08389399945735931
2 0.3315179944038391 0.8393549919128418 0.038444001227617264 0.04500899836421013
1 0.6053829789161682 0.4387289881706238 0.04804199934005737 0.08006899803876877
2 0.08567799627780914 0.5198990106582642 0.029875999316573143 0.03711799904704094
2 0.6048240065574646 0.7159079909324646 0.05029299855232239 0.06917399913072586
2 0.2484630048274994 0.3274949789047241 0.06199999898672104 0.07631699740886688
2 0.4105820059776306 0.31354498863220215 0.05016599968075752 0.07531599700450897
1 0.6503559947013855 0.7788400053977966 0.056689999997615814 0.07837799936532974
1 0.3996889889240265 0.9165650010108948 0.05327700078487396 0.0692019984126091
2 0.14703799784183502 0.5096789598464966 0.04173799976706505 0.05299000069499016
2 0.13631999492645264 0.6782699823379517 0.03351400047540665 0.04069000110030174
2 0.704912006855011 0.6471729874610901 0.03859600052237511 0.07154499739408493
2 0.6070150136947632 0.25184398889541626 0.04029000177979469 0.08260799944400787
1 0.7037069797515869 0.6473889946937561 0.04016700014472008 0.07057999819517136
1 0.2430189996957779 0.47374898195266724 0.04596000164747238 0.05462599918246269
2 0.15275900065898895 0.5788949728012085 0.03407600149512291 0.044822998344898224
1 0.6025729775428772 0.7176469564437866 0.045044999569654465 0.06676100194454193
2 0.4128609895706177 0.854820966720581 0.05082400143146515 0.055500999093055725
2 0.9908879995346069 0.9742379784584045 0.01822499930858612 0.051523998379707336
2 0.29596999287605286 0.37794798612594604 0.04707200080156326 0.05917400121688843
