2 0.7305819988250732 0.2918800115585327 0.08502600342035294 0.10118799656629562
2 0.6014400124549866 0.14795297384262085 0.09450999647378922 0.09644199907779694
2 0.5986559987068176 0.6625909805297852 0.09325899928808212 0.11747299879789352
2 0.5761579871177673 0.06784099340438843 0.08300799876451492 0.10900100320577621
2 0.8296549916267395 0.38713300228118896 0.1056940034031868 0.12651099264621735
2 0.7677639722824097 0.5095080137252808 0.09370700269937515 0.1279579997062683
2 0.21151700615882874 0.9643539786338806 0.10200899839401245 0.07129299640655518
2 0.6660850048065186 0.430899977684021 0.08324100077152252 0.11227600276470184
2 0.31226998567581177 0.12990200519561768 0.09116999804973602 0.11315000057220459
2 0.06724300235509872 0.6165759563446045 0.09215500205755234 0.10736099630594254
2 0.406578004360199 0.2677119970321655 0.09514400362968445 0.1095149964094162
1 0.4056769907474518 0.2677000164985657 0.095489002764225 0.11207299679517746
2 0.009220999665558338 0.6719720363616943 0.017461000010371208 0.09390299767255783
1 0.008999000303447247 0.6728650331497192 0.01762400008738041 0.09313499927520752
