2 0.8275550007820129 0.4958009719848633 0.0628729984164238 0.08125200122594833
2 0.6605610251426697 0.5503280162811279 0.06571699678897858 0.08419899642467499
2 0.3588240146636963 0.10147100687026978 0.04243599995970726 0.05528600141406059
1 0.5954779982566833 0.33020901679992676 0.05453899875283241 0.0692949965596199
2 0.6699560284614563 0.876570999622345 0.06298699975013733 0.0838489979505539
1 0.8644120097160339 0.6503720283508301 0.05835700035095215 0.08049199730157852
2 0.34606099128723145 0.23997002840042114 0.05197500064969063 0.06715100258588791
1 0.8052930235862732 0.6927549839019775 0.061806000769138336 0.08975200355052948
1 0.2687549889087677 0.4335489869117737 0.047178998589515686 0.061900001019239426
2 0.8233720064163208 0.37300801277160645 0.06290700286626816 0.07882899791002274
1 0.9196299910545349 0.6756910085678101 0.06284400075674057 0.08015500009059906
2 0.441772997379303 0.3622279763221741 0.05303100124001503 0.0692100003361702
2 0.11993300169706345 0.6144819855690002 0.04811900109052658 0.06134499981999397
2 0.7601510286331177 0.5890580415725708 0.05945799872279167 0.07570900022983551
1 0.6977999806404114 0.7792350053787231 0.06026599928736687 0.07808899879455566
2 0.42667099833488464 0.8012909889221191 0.053233999758958817 0.06840699911117554
2 0.3856079876422882 0.17434102296829224 0.04067999869585037 0.057381998747587204
2 0.41448700428009033 0.558413028717041 0.05973999947309494 0.0789019986987114
2 0.4780760109424591 0.29638898372650146 0.05610400065779686 0.0736360028386116
2 0.39896300435066223 0.9226080179214478 0.04930400103330612 0.07051199674606323
2 0.13539700210094452 0.4625309705734253 0.044158000499010086 0.05623900145292282
1 0.7578510046005249 0.35830700397491455 0.053390998393297195 0.0732249990105629
1 0.8393999934196472 0.2963060140609741 0.052062999457120895 0.06543400138616562
2 0.27511799335479736 0.2795720100402832 0.04753100126981735 0.06133199855685234
2 0.6052989959716797 0.7192490100860596 0.05016100034117699 0.07010900229215622
1 0.2847929894924164 0.47306400537490845 0.048535000532865524 0.05415700003504753
2 0.6381919980049133 0.6885049939155579 0.055431000888347626 0.07619799673557281
2 0.25719499588012695 0.33913302421569824 0.0468670018017292 0.06239299848675728
2 0.6593300104141235 0.6316100358963013 0.0550759993493557 0.06753399968147278
2 0.8762149810791016 0.5721579790115356 0.06344500184059143 0.08566699922084808
1 0.2956419885158539 0.3831750154495239 0.045538000762462616 0.06070199981331825
1 0.5604519844055176 0.39036399126052856 0.05770700052380562 0.0754920020699501
2 0.36685699224472046 0.8743239641189575 0.050519999116659164 0.06284099817276001
2 0.47098100185394287 0.882315993309021 0.05199600011110306 0.06644599884748459
1 0.4493289887905121 0.9710050225257874 0.06109299883246422 0.057989999651908875
1 0.6673049926757812 0.24468302726745605 0.03957099840044975 0.06729699671268463
2 0.6507999897003174 0.78159499168396 0.057450998574495316 0.08170799911022186
1 0.15067100524902344 0.7205179929733276 0.047102998942136765 0.05657799914479256
2 0.21511299908161163 0.5851069688796997 0.04361100122332573 0.06548599898815155
2 0.6289629936218262 0.24990397691726685 0.06849700212478638 0.08046899735927582
2 0.40362000465393066 0.3142020106315613 0.04737100005149841 0.07989499717950821
2 0.709538996219635 0.33312201499938965 0.060864001512527466 0.08447200059890747
2 0.23477299511432648 0.3182399868965149 0.04238399863243103 0.06566199660301208
1 0.41462698578834534 0.8605509996414185 0.05166599899530411 0.05843200162053108
1 0.8778089880943298 0.45340102910995483 0.05382499843835831 0.0721450001001358
1 0.23893499374389648 0.4776710271835327 0.04408799856901169 0.05596200004220009
1 0.6281070113182068 0.01203697919845581 0.051375001668930054 0.024073999375104904
2 0.33875399827957153 0.39405500888824463 0.04600200057029724 0.06386400014162064
2 0.6054350137710571 0.4434319734573364 0.04707400128245354 0.07838699966669083
2 0.46274301409721375 0.7910500168800354 0.04340599849820137 0.0680219978094101
1 0.6037129759788513 0.44200700521469116 0.05240499973297119 0.07687799632549286
1 0.14547500014305115 0.5163959860801697 0.04372899979352951 0.05310999974608421
2 0.14491400122642517 0.5163249969482422 0.043914999812841415 0.05008900165557861
1 0.7423319816589355 0.07586300373077393 0.04881000146269798 0.05758500099182129
1 0.469976007938385 0.8826950192451477 0.05076099932193756 0.0666389986872673
1 0.8025979995727539 0.30660802125930786 0.04259100183844566 0.06572400033473969
1 0.6293429732322693 0.24883002042770386 0.060270000249147415 0.07960999757051468
1 0.7101619839668274 0.33376097679138184 0.06176299974322319 0.08463100343942642
2 0.14927099645137787 0.5831429958343506 0.034963998943567276 0.04574999958276749
2 0.4161030054092407 0.8598229885101318 0.05115700140595436 0.059425998479127884
1 0.876721978187561 0.5737259984016418 0.06225199997425079 0.08396100252866745
2 0.7506930232048035 0.657380998134613 0.05145400017499924 0.0633699968457222
1 0.13213099539279938 0.683169960975647 0.034772999584674835 0.04134099930524826
1 0.6042670011520386 0.7229790091514587 0.04564400017261505 0.06445799767971039
2 0.6051899790763855 0.25581300258636475 0.03830299898982048 0.08211400359869003
2 0.1322540044784546 0.6841709613800049 0.035029999911785126 0.04234699904918671
2 0.7045440077781677 0.649619996547699 0.040077000856399536 0.0701650008559227
1 0.6386489868164062 0.6896690130233765 0.05877299979329109 0.07945899665355682
1 0.33834201097488403 0.39440298080444336 0.0460360012948513 0.06451299786567688
2 0.3317149877548218 0.347324013710022 0.037599001079797745 0.044624000787734985
1 0.3674519956111908 0.8733010292053223 0.05102099850773811 0.06527899950742722
