2 0.6652820110321045 0.5521910190582275 0.06500899791717529 0.08377200365066528
2 0.832942008972168 0.4967610239982605 0.06204900145530701 0.07779599726200104
2 0.35104700922966003 0.2412239909172058 0.052618999034166336 0.06817600131034851
2 0.3625720143318176 0.10297501087188721 0.04302100092172623 0.057406000792980194
1 0.6010839939117432 0.3313009738922119 0.05547700077295303 0.06812799721956253
2 0.6775839924812317 0.8791970014572144 0.06182299926877022 0.08473800122737885
2 0.8280060291290283 0.37367701530456543 0.06185299903154373 0.07953000068664551
2 0.7656790018081665 0.5912500023841858 0.06015000119805336 0.07320400327444077
1 0.8120790123939514 0.6939550042152405 0.06422299891710281 0.08962699770927429
1 0.87117999792099 0.6519260406494141 0.061051998287439346 0.07687400281429291
2 0.48346400260925293 0.2974749803543091 0.05828800052404404 0.0750880017876625
1 0.9263920187950134 0.6774840354919434 0.06339000165462494 0.08087100088596344
2 0.4752660095691681 0.8849729895591736 0.052345000207424164 0.07224000245332718
2 0.13987399637699127 0.4633510112762451 0.04450500011444092 0.057725999504327774
2 0.12432000041007996 0.6160410046577454 0.04634400084614754 0.060871001332998276
2 0.44649800658226013 0.3634359836578369 0.050537001341581345 0.0675169974565506
1 0.8448889851570129 0.2968279719352722 0.050050999969244 0.0667089968919754
2 0.43206900358200073 0.803396999835968 0.05667399987578392 0.07156600058078766
2 0.372188001871109 0.8755580186843872 0.04936100170016289 0.06184399873018265
1 0.7614060044288635 0.3584280014038086 0.05526600033044815 0.07694400101900101
2 0.6109129786491394 0.722927987575531 0.04711500182747841 0.06759300082921982
2 0.40961599349975586 0.3171979784965515 0.050381001085042953 0.07694800198078156
2 0.41968798637390137 0.560492992401123 0.05924199894070625 0.07872500270605087
2 0.6439189910888672 0.689221978187561 0.05621799826622009 0.07772199809551239
2 0.3895159959793091 0.17422902584075928 0.041460998356342316 0.05638600140810013
1 0.27494099736213684 0.434112012386322 0.048684000968933105 0.06312999874353409
2 0.8822669982910156 0.5737490057945251 0.06476899981498718 0.08236400038003922
2 0.40500500798225403 0.9240429997444153 0.05225599929690361 0.07136999815702438
2 0.6572380065917969 0.7814639806747437 0.05560600012540817 0.08048500120639801
2 0.24063600599765778 0.3200889825820923 0.0453919991850853 0.06428100168704987
1 0.6334850192070007 0.012337982654571533 0.05253399908542633 0.024675000458955765
1 0.2994450032711029 0.3843979835510254 0.04386800155043602 0.06043099984526634
1 0.6122050285339355 0.4418420195579529 0.04908199980854988 0.07929100096225739
1 0.8083959817886353 0.30673301219940186 0.04465600103139877 0.06643600016832352
2 0.6658790111541748 0.634382963180542 0.057534001767635345 0.06918100267648697
1 0.4554600119590759 0.9716020226478577 0.060509998351335526 0.05679599940776825
2 0.3433170020580292 0.39556002616882324 0.04863499850034714 0.06274300068616867
2 0.2585799992084503 0.33916401863098145 0.04955099895596504 0.0670429989695549
2 0.21969999372959137 0.5880839824676514 0.04436400160193443 0.06598500162363052
1 0.7465029954910278 0.07652497291564941 0.04724099859595299 0.05783500149846077
1 0.883808970451355 0.4535750150680542 0.049646999686956406 0.07049600034952164
2 0.7030699849128723 0.7807329893112183 0.06088700145483017 0.07899100333452225
2 0.2501859962940216 0.3334689736366272 0.06074000149965286 0.07347699999809265
1 0.2873910069465637 0.47737598419189453 0.04470900073647499 0.046872999519109726
2 0.27884700894355774 0.2811260223388672 0.04747200012207031 0.061268001794815063
2 0.46798598766326904 0.7925950288772583 0.04325300082564354 0.06739699840545654
2 0.7143750190734863 0.33297401666641235 0.062022000551223755 0.08249499648809433
1 0.5127400159835815 0.040287017822265625 0.03659600019454956 0.044596001505851746
1 0.15752600133419037 0.7238969802856445 0.046473998576402664 0.05630600079894066
2 0.6296039819717407 0.25108802318573 0.07138500362634659 0.08257400244474411
2 0.42009100317955017 0.861395001411438 0.05123300105333328 0.06167500093579292
1 0.5652220249176025 0.3917819857597351 0.05678899958729744 0.07344599813222885
1 0.6732730269432068 0.24606400728225708 0.03918800130486488 0.07029300183057785
1 0.7164520025253296 0.33445602655410767 0.05838799849152565 0.08264400064945221
2 0.5655069947242737 0.3917109966278076 0.057186998426914215 0.07576599717140198
1 0.704941987991333 0.7798320055007935 0.05943699926137924 0.07882700115442276
2 0.6086180210113525 0.2581980228424072 0.03769100084900856 0.08055300265550613
1 0.4188440144062042 0.8617050051689148 0.04944000020623207 0.060467999428510666
2 0.15401899814605713 0.5869089961051941 0.033271998167037964 0.04730499908328056
2 0.7555130124092102 0.6586439609527588 0.050537001341581345 0.06366699934005737
2 0.14891600608825684 0.5179460048675537 0.041544001549482346 0.05269699916243553
1 0.24431000649929047 0.4795200228691101 0.04199599847197533 0.056304000318050385
1 0.7085049748420715 0.650799036026001 0.04279699921607971 0.06924200057983398
2 0.13660599291324615 0.686161994934082 0.03280099853873253 0.04039900004863739
1 0.6621749997138977 0.627918004989624 0.047297000885009766 0.0563649982213974
1 0.1489109992980957 0.5182600021362305 0.041489001363515854 0.053109001368284225
2 0.08433499932289124 0.5267040133476257 0.028216000646352768 0.03338799998164177
2 0.7085729837417603 0.6503350138664246 0.04334599897265434 0.06963399797677994
1 0.7359669804573059 0.25777697563171387 0.03503299877047539 0.05548499897122383
2 0.33763599395751953 0.849698007106781 0.03676899895071983 0.041019000113010406
2 0.18314699828624725 0.5829310417175293 0.036260999739170074 0.04328199848532677
2 0.6120579838752747 0.44425398111343384 0.04608500003814697 0.08080100268125534
1 0.3017149865627289 0.5191659927368164 0.03282900154590607 0.049842000007629395
1 0.13657499849796295 0.6857919692993164 0.03280799835920334 0.041110001504421234
1 0.6673489809036255 0.6329209804534912 0.054625000804662704 0.06868500262498856
