2 0.23184500634670258 0.9359099864959717 0.05209600180387497 0.07308299839496613
2 0.5659189820289612 0.37179797887802124 0.06911800056695938 0.08787299692630768
2 0.7392249703407288 0.32229697704315186 0.06445600092411041 0.08313100039958954
2 0.28946998715400696 0.7828419804573059 0.0541750006377697 0.07423999905586243
2 0.3208880126476288 0.6510289907455444 0.05350099876523018 0.0755229964852333
2 0.5738890171051025 0.7094290256500244 0.06461399793624878 0.08754300326108932
2 0.6691510081291199 0.4137920141220093 0.06023700162768364 0.0757410004734993
2 0.1411380022764206 0.16245299577713013 0.07035700231790543 0.08531399816274643
2 0.9236879944801331 0.8305820226669312 0.07032100111246109 0.07719500362873077
1 0.7155330181121826 0.5251469612121582 0.0638049989938736 0.08779899775981903
2 0.34106001257896423 0.8405560255050659 0.06233099848031998 0.07767900079488754
1 0.7750959992408752 0.4714440107345581 0.06286799907684326 0.0807109996676445
2 0.24930599331855774 0.09258902072906494 0.04996100068092346 0.06870000064373016
1 0.8338320255279541 0.4969329833984375 0.06480000168085098 0.08293499797582626
2 0.5562390089035034 0.6184790134429932 0.059080999344587326 0.08023200184106827
2 0.3418940007686615 0.187421977519989 0.058100998401641846 0.08251000195741653
2 0.02505199983716011 0.3348280191421509 0.04577900096774101 0.05936900153756142
2 0.25705400109291077 0.7304890155792236 0.053341999650001526 0.07188600301742554
2 0.5659909844398499 0.4631879925727844 0.05998599901795387 0.07351899892091751
2 0.306084007024765 0.71452796459198 0.0514880008995533 0.06458000093698502
2 0.014782999642193317 0.48173797130584717 0.02950900048017502 0.06615500152111053
2 0.35874998569488525 0.6506739854812622 0.04241799935698509 0.06459599733352661
2 0.7356060147285461 0.20707398653030396 0.06651800125837326 0.07665500044822693
1 0.38067400455474854 0.12637799978256226 0.060113001614809036 0.07841499894857407
2 0.21385200321674347 0.9789419770240784 0.038607001304626465 0.042114999145269394
2 0.5431960225105286 0.07197701930999756 0.06282100081443787 0.08173400163650513
1 0.5172399878501892 0.2533950209617615 0.042670998722314835 0.07656899839639664
2 0.3655039966106415 0.7460730075836182 0.05624400079250336 0.07518000155687332
2 0.7912219762802124 0.39965999126434326 0.06229700148105621 0.08454100042581558
1 0.5038959980010986 0.15536999702453613 0.05454200133681297 0.07206100225448608
1 0.6694949865341187 0.18887102603912354 0.05596400052309036 0.0770609974861145
2 0.6078680157661438 0.4897260069847107 0.04936600103974342 0.07250899821519852
2 0.6037970185279846 0.6095600128173828 0.06101199984550476 0.07948599755764008
2 0.5413039922714233 0.5182960033416748 0.06122799962759018 0.08169099688529968
2 0.6587510108947754 0.4940950274467468 0.05075899884104729 0.06842800229787827
2 0.31902799010276794 0.8723949790000916 0.04365599900484085 0.06008400022983551
2 0.22243499755859375 0.7074080109596252 0.043122000992298126 0.05697000026702881
2 0.13385100662708282 0.36486101150512695 0.04827599972486496 0.058469001203775406
2 0.4647049903869629 0.19873100519180298 0.06014300137758255 0.07905200123786926
2 0.17555899918079376 0.13189899921417236 0.04706000164151192 0.06405399739742279
1 0.6223170161247253 0.1542620062828064 0.06294699758291245 0.0840499997138977
1 0.19238699972629547 0.21314501762390137 0.05091400071978569 0.07169099897146225
2 0.3100990056991577 0.11131000518798828 0.06820899993181229 0.08358699828386307
2 0.029841000214219093 0.6032080054283142 0.03925099968910217 0.050002001225948334
2 0.31051400303840637 0.35613399744033813 0.06564699858427048 0.09085699915885925
2 0.23627300560474396 0.2294750213623047 0.05226700007915497 0.07167000323534012
1 0.7540799975395203 0.1477460265159607 0.05038199946284294 0.061204999685287476
2 0.293040007352829 0.045153021812438965 0.043317001312971115 0.05793200060725212
1 0.16405700147151947 0.26958298683166504 0.05535700172185898 0.06771700084209442
2 0.5073660016059875 0.5540460348129272 0.05359699949622154 0.0784899964928627
2 0.10116799920797348 0.4452250003814697 0.04532499983906746 0.07844500243663788
1 0.5561180114746094 0.15822798013687134 0.041620999574661255 0.060506999492645264
1 0.4643020033836365 0.19808900356292725 0.05993599817156792 0.07380300015211105
2 0.48882898688316345 0.42918097972869873 0.04457699880003929 0.05693399906158447
1 0.5669329762458801 0.4588009715080261 0.05983699858188629 0.07015399634838104
1 0.5051779747009277 0.5506869554519653 0.05393499881029129 0.07835499942302704
2 0.20840099453926086 0.8961750268936157 0.035363998264074326 0.04452100023627281
1 0.7370390295982361 0.20699000358581543 0.06400100141763687 0.0760129988193512
2 0.19178099930286407 0.21358102560043335 0.05127299949526787 0.07064100354909897
1 0.31053799390792847 0.11055999994277954 0.06765799969434738 0.08377499878406525
1 0.6036459803581238 0.6115460395812988 0.06194400042295456 0.08377300202846527
2 0.20860500633716583 0.7811740040779114 0.03373099863529205 0.0483970008790493
1 0.5402950048446655 0.5188109874725342 0.06107399985194206 0.08172199875116348
1 0.0315449982881546 0.38309401273727417 0.045667000114917755 0.052003998309373856
2 0.6206719875335693 0.15444600582122803 0.06316500157117844 0.09119399636983871
1 0.17639799416065216 0.3236439824104309 0.04927999898791313 0.05672600120306015
2 0.01808900013566017 0.8358640074729919 0.029054999351501465 0.03485700115561485
2 0.1893479973077774 0.6155700087547302 0.04050099849700928 0.05956900119781494
2 0.38109898567199707 0.1273360252380371 0.060541000217199326 0.07914000004529953
1 0.3424049913883209 0.18680697679519653 0.05542600154876709 0.07801900058984756
2 0.45117899775505066 0.5407310128211975 0.04465499892830849 0.06272099912166595
2 0.15606999397277832 0.8268920183181763 0.0319879986345768 0.0406700000166893
1 0.6092680096626282 0.4871159791946411 0.045506998896598816 0.07236800342798233
2 0.08351399749517441 0.44588202238082886 0.07439400255680084 0.08297199755907059
2 0.6110230088233948 0.9914090037345886 0.07385099679231644 0.017180999740958214
1 0.7144880294799805 0.16551297903060913 0.04270000010728836 0.06934600323438644
1 0.13431699573993683 0.365293025970459 0.048193998634815216 0.057638999074697495
