2 0.27382001280784607 0.4495660066604614 0.070872001349926 0.08889800310134888
2 0.4534429907798767 0.4023020267486572 0.06281600147485733 0.08349599689245224
2 0.027228999882936478 0.7295030355453491 0.054457999765872955 0.07842499762773514
2 0.9006320238113403 0.5961650013923645 0.059324000030756 0.07466000318527222
2 0.762021005153656 0.3259119987487793 0.06164399906992912 0.0865430012345314
2 0.9383839964866638 0.514976978302002 0.06655199825763702 0.08566000312566757
1 0.4261209964752197 0.6076560020446777 0.0641539990901947 0.08607900142669678
2 0.8462120294570923 0.41032999753952026 0.06317999958992004 0.08025100082159042
2 0.26113200187683105 0.14063400030136108 0.06496799737215042 0.08608400076627731
2 0.8356189727783203 0.34486401081085205 0.06620299816131592 0.08081799745559692
1 0.48559701442718506 0.5574209690093994 0.06051500141620636 0.08257000148296356
2 0.45759499073028564 0.2868120074272156 0.06353999674320221 0.08444000035524368
2 0.2731960117816925 0.796405017375946 0.06801600009202957 0.0864579975605011
1 0.2758370041847229 0.541575014591217 0.06133899837732315 0.07470399886369705
2 0.3375459909439087 0.23117101192474365 0.06307400017976761 0.08398199826478958
2 0.8314160108566284 0.6116670370101929 0.060534000396728516 0.08322399854660034
2 0.5023109912872314 0.4807159900665283 0.0640759989619255 0.08700399845838547
2 0.37883898615837097 0.49553602933883667 0.06552000343799591 0.0783419981598854
1 0.3081670105457306 0.6972240209579468 0.06542699784040451 0.08237600326538086
2 0.05167499929666519 0.2507320046424866 0.06052599847316742 0.08154000341892242
1 0.5407789945602417 0.5858930349349976 0.0681380033493042 0.08513899892568588
2 0.8643670082092285 0.5808539986610413 0.03902199864387512 0.05932699888944626
2 0.09776200354099274 0.19093799591064453 0.06283300369977951 0.08308900147676468
1 0.24565400183200836 0.597303032875061 0.057750001549720764 0.07918000221252441
1 0.041397999972105026 0.9284980297088623 0.0655049979686737 0.08234000205993652
2 0.8902930021286011 0.640267014503479 0.06151999905705452 0.06719700247049332
1 0.22210800647735596 0.32767999172210693 0.047297000885009766 0.08305499702692032
1 0.6395350098609924 0.9240469932556152 0.06729400157928467 0.07471399754285812
2 0.6382759809494019 0.9233180284500122 0.06476599723100662 0.07523199915885925
1 0.01668200083076954 0.4234650135040283 0.03102700039744377 0.10796999931335449
2 0.009910999797284603 0.028226017951965332 0.01880200020968914 0.05645100027322769
1 0.26131701469421387 0.7018229961395264 0.05589799955487251 0.08469700068235397
2 0.019058000296354294 0.7980960011482239 0.038116998970508575 0.06484399735927582
2 0.2756290137767792 0.5439629554748535 0.06125599890947342 0.07505100220441818
1 0.5162400007247925 0.37708401679992676 0.05621600151062012 0.0742729976773262
1 0.3900260031223297 0.265483021736145 0.060784999281167984 0.07879400253295898
2 0.02566700056195259 0.10165601968765259 0.0458500012755394 0.061055999249219894
1 0.21816399693489075 0.2246760129928589 0.05724700167775154 0.07253699749708176
2 0.17010100185871124 0.26526200771331787 0.06445600092411041 0.08052100241184235
2 0.01743300072848797 0.16934901475906372 0.03486600145697594 0.09096699953079224
1 0.372063010931015 0.5776849985122681 0.05263900011777878 0.07406099885702133
2 0.2193019986152649 0.22367799282073975 0.055691998451948166 0.07169699668884277
2 0.04138699918985367 0.9293320178985596 0.06561599671840668 0.08267699927091599
1 0.32168999314308167 0.5676850080490112 0.04934899881482124 0.07641500234603882
1 0.052604999393224716 0.24982601404190063 0.05855200067162514 0.08004999905824661
1 0.20983900129795074 0.6350719928741455 0.05108899995684624 0.07688900083303452
2 0.8182970285415649 0.5356389880180359 0.04349999874830246 0.06412500143051147
1 0.01726900041103363 0.8685430288314819 0.034040000289678574 0.07587099820375443
2 0.19200800359249115 0.5049769878387451 0.05031700059771538 0.061563000082969666
2 0.22234100103378296 0.330128014087677 0.04675700142979622 0.07831799983978271
1 0.39417898654937744 0.014427006244659424 0.052351001650094986 0.027960000559687614
2 0.3209410011768341 0.5688890218734741 0.050999000668525696 0.07444900274276733
1 0.17175300419330597 0.26648300886154175 0.062345001846551895 0.07989999651908875
1 0.07017499953508377 0.8278939723968506 0.051134999841451645 0.06950599700212479
1 0.019113000482320786 0.7986969947814941 0.03725999966263771 0.06717599928379059
1 0.09764000028371811 0.19017499685287476 0.0640299990773201 0.08265899866819382
2 0.26209598779678345 0.7025560140609741 0.05751299858093262 0.08142399787902832
1 0.2781049907207489 0.6091650128364563 0.03816400095820427 0.05739999935030937
2 0.37318500876426697 0.5766569972038269 0.0530179999768734 0.07147800177335739
