2 0.3507319986820221 0.6230889558792114 0.06720399856567383 0.0851999968290329
1 0.2761949896812439 0.4037010073661804 0.06026500090956688 0.0731000006198883
2 0.5172889828681946 0.5603989958763123 0.06261599808931351 0.07998400181531906
2 0.9400709867477417 0.7090649604797363 0.06241400167346001 0.07951100170612335
2 0.9720379710197449 0.6316429972648621 0.05592299997806549 0.0791739970445633
2 0.7946029901504517 0.45310497283935547 0.05925700068473816 0.08015699684619904
2 0.15098200738430023 0.3722419738769531 0.06195899844169617 0.08274199813604355
2 0.506430983543396 0.43845099210739136 0.059457000344991684 0.078916996717453
2 0.568947970867157 0.6345189809799194 0.062132999300956726 0.08546599745750427
1 0.5168759822845459 0.36337101459503174 0.05254099890589714 0.06489399820566177
2 0.08591499924659729 0.3919619917869568 0.06533999741077423 0.08889099955558777
2 0.4530389904975891 0.6566389799118042 0.05842899903655052 0.07687400281429291
2 0.11737500131130219 0.44147998094558716 0.055004000663757324 0.07160799950361252
1 0.5017949938774109 0.7596960067749023 0.06279399991035461 0.0915450006723404
2 0.11090199649333954 0.9009360074996948 0.05512100085616112 0.07205100357532501
2 0.8827130198478699 0.5329439640045166 0.055006999522447586 0.07304800301790237
2 0.864359974861145 0.46894997358322144 0.06126999855041504 0.0839100033044815
2 0.8801100254058838 0.7277610301971436 0.059411998838186264 0.07457499951124191
2 0.017695000395178795 0.3122199773788452 0.0348300002515316 0.07064899802207947
1 0.6150720119476318 0.7357059717178345 0.0630130022764206 0.08092500269412994
2 0.043219998478889465 0.24731898307800293 0.04476200044155121 0.0601469986140728
2 0.3721809983253479 0.9551460146903992 0.06211499869823456 0.08474399894475937
2 0.09814400225877762 0.958886981010437 0.05379600077867508 0.060408998280763626
2 0.24647000432014465 0.46324002742767334 0.06232599914073944 0.07633399963378906
1 0.44218799471855164 0.42594099044799805 0.05303199961781502 0.07760299742221832
2 0.2778480052947998 0.32995301485061646 0.043205998837947845 0.07884799689054489
1 0.5620449781417847 0.7133879661560059 0.0553399994969368 0.0774729996919632
1 0.4117940068244934 0.1445620059967041 0.047933999449014664 0.056533001363277435
2 0.31637799739837646 0.31651097536087036 0.06751000136137009 0.0842130035161972
2 0.016676999628543854 0.47518599033355713 0.031908001750707626 0.07283300161361694
2 0.15647199749946594 0.9709960222244263 0.05845699831843376 0.05800899863243103
2 0.018811000511050224 0.1711210012435913 0.037622999399900436 0.05584999918937683
2 0.04965199902653694 0.9732130169868469 0.05821799859404564 0.05357399955391884
1 0.3962390124797821 0.8517869710922241 0.06269299983978271 0.07782600075006485
2 0.8235160112380981 0.506106972694397 0.04649199917912483 0.06411000341176987
1 0.3216879963874817 0.030945003032684326 0.03641900047659874 0.049786001443862915
1 0.34843501448631287 0.8581249713897705 0.05547399818897247 0.08432800322771072
2 0.14776000380516052 0.884136974811554 0.04606200009584427 0.06857399642467499
2 0.33456701040267944 0.7666199803352356 0.0602790005505085 0.08103799819946289
2 0.3933660089969635 0.4006659984588623 0.0641850009560585 0.08483400195837021
1 0.2864600121974945 0.07033997774124146 0.04065199941396713 0.048528000712394714
2 0.3505820035934448 0.7085889577865601 0.05948299914598465 0.07376399636268616
1 0.3514379858970642 0.7070490121841431 0.0587799996137619 0.06995200365781784
1 0.8343719840049744 0.06956398487091064 0.04946500062942505 0.06003899872303009
1 0.39420101046562195 0.40336501598358154 0.06321799755096436 0.08918300271034241
1 0.48191699385643005 0.3710460066795349 0.04242200031876564 0.06658799946308136
1 0.17827600240707397 0.5357400178909302 0.051934998482465744 0.06766699999570847
2 0.4433949887752533 0.7277109622955322 0.05041699856519699 0.06446900218725204
1 0.33476799726486206 0.7678880095481873 0.06007099896669388 0.07985100150108337
1 0.09932299703359604 0.6428589820861816 0.07001800090074539 0.08929900079965591
2 0.08763200044631958 0.5907570123672485 0.048622000962495804 0.0627639964222908
2 0.09978699684143066 0.6426750421524048 0.06878399848937988 0.08558099716901779
2 0.9047719836235046 0.6924909949302673 0.0327490009367466 0.06283900141716003
1 0.5598469972610474 0.5145739912986755 0.04759899899363518 0.07606499642133713
1 0.2933489978313446 0.5144680142402649 0.05082400143146515 0.0849590003490448
1 0.8982750177383423 0.08259600400924683 0.04936699941754341 0.06063200160861015
2 0.39585399627685547 0.852196991443634 0.06090199947357178 0.07516799867153168
