2 0.3216570019721985 0.43595200777053833 0.07074499875307083 0.09032399952411652
2 0.9473270177841187 0.5807870030403137 0.060169998556375504 0.07605200260877609
2 0.8065400123596191 0.31179100275039673 0.061250001192092896 0.08508499711751938
2 0.07328800112009048 0.7167270183563232 0.059939999133348465 0.07816799730062485
2 0.9752020239830017 0.49918997287750244 0.049594998359680176 0.0847959965467453
2 0.4258840084075928 0.48187100887298584 0.06460999697446823 0.0793749988079071
2 0.5000579953193665 0.3885189890861511 0.06572700291872025 0.08422400057315826
2 0.6852539777755737 0.9083549976348877 0.06565400213003159 0.07680100202560425
2 0.32157400250434875 0.7819849848747253 0.0674929991364479 0.08866400271654129
1 0.4736030101776123 0.5926530361175537 0.06482599675655365 0.08534500002861023
1 0.5316709876060486 0.5432449579238892 0.06268899887800217 0.08353400230407715
2 0.8922899961471558 0.3952789902687073 0.06257999688386917 0.07912299782037735
2 0.306643009185791 0.12922900915145874 0.061089999973773956 0.08398500084877014
2 0.8805390000343323 0.33262401819229126 0.06621599942445755 0.08509399741888046
2 0.09941399842500687 0.23961198329925537 0.05705000087618828 0.08469799906015396
2 0.5490520000457764 0.46642202138900757 0.06347999721765518 0.08600900322198868
2 0.8772550225257874 0.5958750247955322 0.061260998249053955 0.07996399700641632
2 0.5022460222244263 0.2715209722518921 0.0632769986987114 0.08008900284767151
1 0.587444007396698 0.5700049996376038 0.06847099959850311 0.0847110003232956
2 0.9101529717445374 0.5652639865875244 0.04117099940776825 0.06301199644804001
2 0.04039600118994713 0.020003020763397217 0.04538299888372421 0.04000600054860115
1 0.3579399883747101 0.682561993598938 0.06286399811506271 0.08388800173997879
2 0.38403400778770447 0.21794801950454712 0.06216999888420105 0.08478300273418427
2 0.09024100005626678 0.9149389863014221 0.06645199656486511 0.08527600020170212
2 0.05743100121617317 0.7838940024375916 0.0562870018184185 0.06881099939346313
1 0.2700139880180359 0.31527000665664673 0.045830000191926956 0.08239900320768356
1 0.14490100741386414 0.17870700359344482 0.062435001134872437 0.07877500355243683
2 0.26645800471305847 0.21310001611709595 0.05620700120925903 0.07197800278663635
2 0.0545479990541935 0.16160202026367188 0.06395699828863144 0.08584000170230865
1 0.3238289952278137 0.5286380052566528 0.06056400015950203 0.07721199840307236
2 0.03709999844431877 0.8544189929962158 0.05498500168323517 0.0754150003194809
2 0.016277000308036804 0.13718098402023315 0.03255400061607361 0.06486699730157852
1 0.43594199419021606 0.25287699699401855 0.0593079999089241 0.07809799909591675
2 0.3234890103340149 0.5310570001602173 0.06072799861431122 0.07481499761343002
1 0.29305100440979004 0.5836989879608154 0.06117299944162369 0.08093699812889099
2 0.01855899952352047 0.7964370250701904 0.036327000707387924 0.0743739977478981
2 0.25948700308799744 0.6216920018196106 0.05369900166988373 0.07733699679374695
2 0.309253990650177 0.6878420114517212 0.059716999530792236 0.08578000217676163
2 0.936834990978241 0.6274720430374146 0.06123900040984154 0.06403200328350067
1 0.26540499925613403 0.21321797370910645 0.05780800059437752 0.07367099821567535
2 0.1169549971818924 0.8140479922294617 0.0548660010099411 0.07231999933719635
1 0.10053300112485886 0.2386000156402588 0.05617000162601471 0.08601099997758865
1 0.21814799308776855 0.2530440092086792 0.06428100168704987 0.07950600236654282
2 0.2936359941959381 0.5832439661026001 0.06174299865961075 0.08304999768733978
2 0.41714999079704285 0.5625200271606445 0.05293700098991394 0.06991200149059296
2 0.24153000116348267 0.49212998151779175 0.04862299934029579 0.066102996468544
2 0.06968799978494644 0.0907829999923706 0.04532499983906746 0.060805000364780426
1 0.5302010178565979 0.21278101205825806 0.05097400024533272 0.06379999965429306
1 0.5607029795646667 0.3688979744911194 0.055045001208782196 0.07782000303268433
2 0.04942600056529045 0.4201369881629944 0.06678500026464462 0.08602999895811081
2 0.1447329968214035 0.18015897274017334 0.06176599860191345 0.0829320028424263
1 0.04982899874448776 0.4202229976654053 0.06832300126552582 0.08886300027370453
1 0.3683199882507324 0.5551779866218567 0.048542000353336334 0.07560700178146362
1 0.09209100157022476 0.9135680198669434 0.06773500144481659 0.08556299656629562
1 0.07075600326061249 0.09147000312805176 0.04592299833893776 0.05936900153756142
1 0.05566199868917465 0.1617649793624878 0.06108900159597397 0.08968199789524078
2 0.2181529998779297 0.255141019821167 0.0622589997947216 0.08247199654579163
2 0.3567120134830475 0.6796489953994751 0.06203199923038483 0.08413500338792801
1 0.4167160093784332 0.5634790062904358 0.05388500168919563 0.07080800086259842
2 0.11133799701929092 0.7253459692001343 0.04060399904847145 0.05733700096607208
1 0.30761998891830444 0.6894049644470215 0.05634300038218498 0.0847880020737648
