2 0.6592540144920349 0.3683980107307434 0.06610500067472458 0.08596999943256378
1 0.47995999455451965 0.1195409893989563 0.05656300112605095 0.07550299912691116
2 0.8267310261726379 0.3166639804840088 0.06091399863362312 0.07992099970579147
2 0.33872100710868835 0.885748028755188 0.04944299906492233 0.06621599942445755
2 0.8247500061988831 0.20219898223876953 0.06299000233411789 0.08051099628210068
2 0.4249509871006012 0.6235560178756714 0.051683999598026276 0.07038500159978867
2 0.6651549935340881 0.6923530101776123 0.0596500001847744 0.08285900205373764
1 0.8019480109214783 0.5131499767303467 0.06191699951887131 0.08468899875879288
2 0.12017600238323212 0.45134198665618896 0.04552900046110153 0.0585159994661808
1 0.862263023853302 0.4671429991722107 0.056085001677274704 0.07734599709510803
2 0.757893979549408 0.40605998039245605 0.058469999581575394 0.07703699916601181
1 0.916271984577179 0.49251097440719604 0.06376399844884872 0.08005599677562714
2 0.13861200213432312 0.3028140068054199 0.04619099944829941 0.05794399976730347
1 0.5986419916152954 0.1538029909133911 0.053275998681783676 0.07010100036859512
2 0.6371449828147888 0.06941401958465576 0.060022998601198196 0.0800120010972023
1 0.4121600091457367 0.12003201246261597 0.06188400089740753 0.0828699991106987
2 0.8759880065917969 0.39256197214126587 0.06134599819779396 0.08079999685287476
2 0.3526810109615326 0.07462900876998901 0.04938000068068504 0.06592900305986404
2 0.25029900670051575 0.15405797958374023 0.06245199963450432 0.07804299890995026
1 0.2715890109539032 0.255731999874115 0.04702800139784813 0.06396099925041199
1 0.760595977306366 0.18395602703094482 0.05451900139451027 0.07693099975585938
2 0.3937950134277344 0.7477290034294128 0.05199500173330307 0.07025100290775299
2 0.6586220264434814 0.4530220031738281 0.055031999945640564 0.07029200345277786
2 0.46458399295806885 0.7116529941558838 0.05048900097608566 0.06839700043201447
2 0.13608300685882568 0.5654129981994629 0.04048600047826767 0.04631200060248375
1 0.44411501288414 0.18333697319030762 0.05337100103497505 0.07502800226211548
2 0.36115598678588867 0.697005033493042 0.04871400073170662 0.06319399923086166
2 0.40927401185035706 0.6843910217285156 0.050530001521110535 0.06046900153160095
2 0.7485859990119934 0.48124200105667114 0.051430001854896545 0.06931599974632263
2 0.24260300397872925 0.14469397068023682 0.05008399859070778 0.07413800060749054
2 0.32462799549102783 0.9278010129928589 0.04118900001049042 0.05089300125837326
2 0.44332799315452576 0.18330001831054688 0.0545630007982254 0.0759970024228096
2 0.6345549821853638 0.5061160326004028 0.05500900000333786 0.07388000190258026
1 0.6938509941101074 0.5960119962692261 0.058876000344753265 0.07628999650478363
1 0.7150800228118896 0.15341997146606445 0.060162000358104706 0.07895500212907791
1 0.6111220121383667 0.2585049867630005 0.04052000120282173 0.08106499910354614
1 0.3412039875984192 0.2177950143814087 0.047940999269485474 0.0667949989438057
2 0.6836410164833069 0.9729329943656921 0.09254200011491776 0.05413400009274483
1 0.649770975112915 0.14351898431777954 0.04180699959397316 0.0583610013127327
1 0.28369298577308655 0.30433398485183716 0.04694100096821785 0.053909000009298325
2 0.6458809971809387 0.5976400375366211 0.04944600164890289 0.0761760026216507
1 0.5629870295524597 0.20121902227401733 0.05920200049877167 0.07468000054359436
2 0.21554900705814362 0.41762202978134155 0.04343099892139435 0.06542599946260452
2 0.414247989654541 0.36020898818969727 0.060802001506090164 0.08011200278997421
2 0.44450700283050537 0.8026459813117981 0.06272800266742706 0.07472699880599976
2 0.2787419855594635 0.11273699998855591 0.04384399950504303 0.05880599841475487
2 0.7141900062561035 0.15530800819396973 0.05976000055670738 0.0807029977440834
2 0.6011049747467041 0.5394480228424072 0.04834099858999252 0.06919199973344803
1 0.2982200086116791 0.2028599977493286 0.04772099852561951 0.06308799982070923
2 0.018662000074982643 0.9911479949951172 0.034981999546289444 0.01683099940419197
1 0.6337810158729553 0.5054219961166382 0.05509499832987785 0.07474999874830246
1 0.6581659913063049 0.44902002811431885 0.055063001811504364 0.06619399785995483
2 0.146029993891716 0.35155802965164185 0.04383600130677223 0.05429299920797348
2 0.7019910216331482 0.47221702337265015 0.04064200073480606 0.07337900251150131
1 0.4424769878387451 0.8040210008621216 0.060832999646663666 0.0787929967045784
2 0.4585300087928772 0.6219309568405151 0.03990500047802925 0.06495700031518936
1 0.8429369926452637 0.1340019702911377 0.050390999764204025 0.06351800262928009
2 0.05379100143909454 0.5191119909286499 0.028390999883413315 0.03787900134921074
2 0.010830000042915344 0.9690080285072327 0.02166000008583069 0.033201999962329865
2 0.15008999407291412 0.46699798107147217 0.03281499817967415 0.04409699887037277
1 0.8792359828948975 0.28445398807525635 0.05212799832224846 0.06978800147771835
2 0.5626469850540161 0.20126599073410034 0.05914299935102463 0.07650599628686905
2 0.19997799396514893 0.31807202100753784 0.02956799976527691 0.04014800116419792
2 0.4268040060997009 0.8256930112838745 0.050891000777482986 0.06798999756574631
2 0.3269810080528259 0.6726089715957642 0.04003100097179413 0.04944099858403206
1 0.4138680100440979 0.36154502630233765 0.062091000378131866 0.0823419988155365
1 0.59968501329422 0.5389379858970642 0.04668999835848808 0.06847400218248367
2 0.14028200507164001 0.5575900077819824 0.046484000980854034 0.05686600133776665
2 0.08214499801397324 0.41596198081970215 0.026794999837875366 0.03779499977827072
2 0.9873909950256348 0.8053460121154785 0.02521900087594986 0.0667480006814003
2 0.7473660111427307 0.989736020565033 0.051451001316308975 0.020527999848127365
2 0.6045659780502319 0.08949297666549683 0.03115200065076351 0.06305799633264542
2 0.12613500654697418 0.7411530017852783 0.024893000721931458 0.03034999966621399
1 0.24165000021457672 0.32534998655319214 0.04673299938440323 0.0598750002682209
2 0.17866599559783936 0.3386300206184387 0.03475100174546242 0.05371600016951561
2 0.3103800117969513 0.8096179962158203 0.03146899864077568 0.03916100040078163
