2 0.49830201268196106 0.5714260339736938 0.0908380001783371 0.11463700234889984
2 0.6636390089988708 0.4283300042152405 0.08962000161409378 0.11920300126075745
2 0.11612000316381454 0.8726660013198853 0.09804300218820572 0.11482200026512146
2 0.5715320110321045 0.3489469885826111 0.0783040001988411 0.11042799800634384
2 0.6360989809036255 0.2164270281791687 0.0859379991889 0.10266900062561035
2 0.7249119877815247 0.3103179931640625 0.0993570014834404 0.12195300310850143
2 0.5179589986801147 0.06708097457885742 0.0816039964556694 0.09867499768733978
2 0.32555100321769714 0.18015801906585693 0.08904899656772614 0.10731600224971771
2 0.23220300674438477 0.04963201284408569 0.08949600160121918 0.09507499635219574
2 0.48979198932647705 0.021851003170013428 0.08277899771928787 0.04370199888944626
1 0.015495000407099724 0.5150629878044128 0.02984200045466423 0.10786999762058258
1 0.23107799887657166 0.049046993255615234 0.09007299691438675 0.09809400141239166
1 0.32641100883483887 0.18223798274993896 0.08731099963188171 0.10760200023651123
2 0.19485299289226532 0.9868069887161255 0.07542499899864197 0.026386000216007233
