1 0.22065499424934387 0.40214401483535767 0.05890500172972679 0.06980600208044052
2 0.29421699047088623 0.6242669820785522 0.06837199628353119 0.08535700291395187
2 0.4608980119228363 0.562546968460083 0.06276199966669083 0.08053000271320343
2 0.7353950142860413 0.4554949998855591 0.05880099907517433 0.08005700260400772
2 0.9154360294342041 0.6339870095252991 0.06350599974393845 0.07992500066757202
2 0.052264001220464706 0.8994600176811218 0.056609999388456345 0.07136999815702438
2 0.5117049813270569 0.6380490064620972 0.06189199909567833 0.08399400115013123
2 0.4510889947414398 0.439395010471344 0.06097099930047989 0.07853899896144867
2 0.060036998242139816 0.44027602672576904 0.05521300062537193 0.07033299654722214
1 0.5012900233268738 0.7160370349884033 0.06019899994134903 0.07894100248813629
1 0.4448759853839874 0.7608820199966431 0.06040399894118309 0.0898440033197403
2 0.8776689767837524 0.7112990021705627 0.06119399890303612 0.08048400282859802
2 0.3149760067462921 0.9588810205459595 0.0642319992184639 0.08223699778318405
1 0.46130600571632385 0.3625040054321289 0.05044599995017052 0.06565000116825104
2 0.823166012763977 0.5375499725341797 0.05556299909949303 0.07054699957370758
2 0.029298000037670135 0.3957599997520447 0.05503600090742111 0.08307000249624252
1 0.557112991809845 0.7384699583053589 0.0629189983010292 0.08212099969387054
1 0.29472801089286804 0.706712007522583 0.05767799913883209 0.07127600163221359
2 0.040522001683712006 0.9612399935722351 0.05593499913811684 0.062146998941898346
2 0.8064110279083252 0.46937400102615356 0.05549599975347519 0.07391999661922455
1 0.34005099534988403 0.8552259802818298 0.059790998697280884 0.07850299775600433
1 0.23003800213336945 0.06726497411727905 0.04020300135016441 0.049146998673677444
2 0.8199970126152039 0.7290030121803284 0.05695100128650665 0.07283899933099747
2 0.3974530100822449 0.6602100133895874 0.05955199897289276 0.07183600217103958
2 0.27599701285362244 0.7678710222244263 0.05762099847197533 0.07844900339841843
2 0.09556999802589417 0.37110698223114014 0.06254299730062485 0.08164200186729431
2 0.22258900105953217 0.3281720280647278 0.0425340011715889 0.07690200209617615
2 0.2592270076274872 0.3217650055885315 0.05890100076794624 0.08018600195646286
1 0.1878660023212433 0.4650859832763672 0.06333400309085846 0.07291100174188614
2 0.10116499662399292 0.9713670015335083 0.05395499989390373 0.0572660006582737
2 0.7659400105476379 0.5083370208740234 0.04654800146818161 0.06093199923634529
1 0.84067302942276 0.08633697032928467 0.04814299941062927 0.05955599993467331
2 0.09109599888324738 0.886489987373352 0.04863100126385689 0.07016900181770325
1 0.5044299960136414 0.5148739814758301 0.049205999821424484 0.07132799923419952
1 0.33979299664497375 0.40475398302078247 0.061083998531103134 0.0833979994058609
2 0.3379890024662018 0.40412598848342896 0.0635870024561882 0.08743199706077576
1 0.2904149889945984 0.8601059913635254 0.05796099826693535 0.0861779972910881
1 0.04169199988245964 0.6468650102615356 0.06768400222063065 0.08872400224208832
1 0.38553300499916077 0.4268779754638672 0.0519849993288517 0.0773250013589859
1 0.11100299656391144 0.10488897562026978 0.036733001470565796 0.04433500021696091
1 0.27698299288749695 0.7691270112991333 0.06189100071787834 0.08227899670600891
2 0.9856500029563904 0.4581030011177063 0.028699999675154686 0.06376499682664871
2 0.18806900084018707 0.4649930000305176 0.06427399814128876 0.0752979964017868
1 0.35754600167274475 0.14448899030685425 0.04865400120615959 0.05738399922847748
2 0.009850000031292439 0.9708229899406433 0.019533999264240265 0.05766800045967102
1 0.4244379997253418 0.3743489980697632 0.04421599954366684 0.06363900005817413
1 0.23670099675655365 0.5172309875488281 0.05282700061798096 0.08444900065660477
2 0.24040399491786957 0.804623007774353 0.04744900017976761 0.06654000282287598
2 0.04119899868965149 0.6459400057792664 0.06718099862337112 0.08655399829149246
1 0.11874199658632278 0.5359320044517517 0.05783100053668022 0.0650859996676445
1 0.2654249966144562 0.027329981327056885 0.03576600179076195 0.046167001128196716
2 0.3866029977798462 0.7291569709777832 0.05044599995017052 0.0636489987373352
2 0.027584999799728394 0.5930190086364746 0.047958001494407654 0.06490200012922287
