2 0.4606490135192871 0.6015999913215637 0.05200999975204468 0.0651639997959137
2 0.470645010471344 0.4448469877243042 0.04829299822449684 0.06306400150060654
2 0.7314329743385315 0.234250009059906 0.05410800129175186 0.07001499831676483
2 0.513384997844696 0.3270450234413147 0.03482000157237053 0.042507998645305634
2 0.6717870235443115 0.355974018573761 0.05138000100851059 0.06684000045061111
2 0.6399909853935242 0.3289009928703308 0.04548899829387665 0.06359100341796875
2 0.527400016784668 0.39994198083877563 0.03384000062942505 0.045667000114917755
2 0.7974389791488647 0.9587569832801819 0.05549599975347519 0.07359500229358673
2 0.6447679996490479 0.2707039713859558 0.04884599894285202 0.060478001832962036
2 0.8448169827461243 0.837431013584137 0.07063400000333786 0.08227600157260895
2 0.7275509834289551 0.0744820237159729 0.04565399885177612 0.05882500112056732
2 0.8783220052719116 0.5748289823532104 0.05144299939274788 0.07944600284099579
2 0.8170070052146912 0.8960989713668823 0.05490799993276596 0.06719599664211273
2 0.5704969763755798 0.5926600098609924 0.06467299908399582 0.07152699679136276
2 0.32192400097846985 0.5923869609832764 0.03358599916100502 0.04125799983739853
2 0.34145501255989075 0.4943860173225403 0.03170600160956383 0.03890300169587135
2 0.48524799942970276 0.5013250112533569 0.04542100057005882 0.05470699816942215
2 0.8664839863777161 0.9195159673690796 0.055236998945474625 0.0701029971241951
1 0.6809920072555542 0.45547598600387573 0.05349799990653992 0.07091599702835083
2 0.9003610014915466 0.6273959875106812 0.07078099995851517 0.08638300001621246
2 0.7381229996681213 0.14732998609542847 0.043664999306201935 0.060690999031066895
2 0.560492992401123 0.4501420259475708 0.04597000032663345 0.060169998556375504
2 0.9133700132369995 0.31798499822616577 0.05950300022959709 0.07190299779176712
1 0.7129259705543518 0.40674901008605957 0.048496998846530914 0.06122799962759018
2 0.5177029967308044 0.20020997524261475 0.029147999361157417 0.03704499825835228
1 0.4833100140094757 0.708620011806488 0.05003499984741211 0.062362998723983765
2 0.5646430253982544 0.6064410209655762 0.05618999898433685 0.08380500227212906
2 0.3757700026035309 0.32528799772262573 0.03484300151467323 0.040679000318050385
2 0.7626309990882874 0.9096019864082336 0.054930999875068665 0.06423299759626389
2 0.9047150015830994 0.3791559934616089 0.06016800180077553 0.07300899922847748
2 0.8710399866104126 0.39041799306869507 0.04936999827623367 0.07763899862766266
2 0.38037800788879395 0.6367579698562622 0.031011000275611877 0.04023899883031845
2 0.06880299746990204 0.638267993927002 0.025219999253749847 0.028248000890016556
2 0.30403199791908264 0.4346029758453369 0.029790999367833138 0.036928001791238785
2 0.0827530026435852 0.6413350105285645 0.023788999766111374 0.03082199953496456
1 0.7521029710769653 0.4094110131263733 0.045242998749017715 0.06826099753379822
1 0.6224930286407471 0.4854689836502075 0.04188099876046181 0.0786760002374649
2 0.0962660014629364 0.6590920090675354 0.02705099992454052 0.0326090008020401
2 0.8354489803314209 0.8402379751205444 0.05981900170445442 0.07525700330734253
2 0.8468499779701233 0.9921669960021973 0.063059002161026 0.015666000545024872
1 0.9539160132408142 0.41877102851867676 0.06666900217533112 0.0834520012140274
2 0.7523509860038757 0.40806102752685547 0.04569200053811073 0.0672919973731041
2 0.483581006526947 0.7106000185012817 0.04924900084733963 0.06263399869203568
2 0.6233429908752441 0.4891510009765625 0.04540900141000748 0.07790499925613403
2 0.1148969978094101 0.748136043548584 0.025676000863313675 0.02815599925816059
2 0.6805059909820557 0.4556329846382141 0.054705001413822174 0.07082100212574005
2 0.04057300090789795 0.6940569877624512 0.02505500055849552 0.02983199991285801
2 0.13070200383663177 0.7471020221710205 0.026334000751376152 0.03046499937772751
