2 0.6761040091514587 0.5660840272903442 0.06523799896240234 0.08237700164318085
2 0.1325870007276535 0.6336680054664612 0.047297000885009766 0.06329599767923355
2 0.3582180142402649 0.2552189826965332 0.049268998205661774 0.06761100143194199
2 0.37137898802757263 0.11836802959442139 0.04422299936413765 0.05648399889469147
1 0.7150189876556396 0.7959790229797363 0.06149499863386154 0.07863099873065948
1 0.6108570098876953 0.34450697898864746 0.0555960014462471 0.06758599728345871
1 0.8242210149765015 0.7076339721679688 0.06220100075006485 0.08850699663162231
1 0.9398589730262756 0.6900210380554199 0.062167998403310776 0.08079700171947479
1 0.8843420147895813 0.6658079624176025 0.055233001708984375 0.07685499638319016
2 0.26934999227523804 0.3568909764289856 0.05114100128412247 0.06503999978303909
2 0.6421869993209839 0.2639309763908386 0.0726659968495369 0.0838719978928566
2 0.2882770001888275 0.2959660291671753 0.047993000596761703 0.06418599933385849
2 0.4301379919052124 0.5728560090065002 0.05972199887037277 0.07954400032758713
2 0.3982509970664978 0.19008398056030273 0.04223199933767319 0.05913800001144409
1 0.8945379853248596 0.46545201539993286 0.05231200158596039 0.07230900228023529
1 0.4686020016670227 0.9818249940872192 0.0668260008096695 0.03634899854660034
1 0.8546789884567261 0.30897897481918335 0.05150299891829491 0.06559500098228455
2 0.45628198981285095 0.3757629990577698 0.05244699865579605 0.07264699786901474
2 0.4230799973011017 0.3295080065727234 0.058320000767707825 0.08025799691677094
2 0.4924370050430298 0.3113440275192261 0.05750500038266182 0.07678200304508209
1 0.7269499897956848 0.3466609716415405 0.059418998658657074 0.08144199848175049
2 0.7770869731903076 0.6040480136871338 0.0584149993956089 0.07282599806785583
1 0.30910399556159973 0.3991960287094116 0.048197999596595764 0.06531699746847153
1 0.6560429930686951 0.7055270075798035 0.05934400111436844 0.07739999890327454
1 0.6683319807052612 0.7961310148239136 0.05278899893164635 0.08123400062322617
2 0.22700999677181244 0.6048170328140259 0.04385700076818466 0.0674860030412674
2 0.6893129944801331 0.8947399854660034 0.05964500084519386 0.08422499895095825
1 0.6758790016174316 0.6477699875831604 0.058056000620126724 0.06461399793624878
1 0.43040499091148376 0.8802729845046997 0.051343999803066254 0.06029700115323067
2 0.38181599974632263 0.8929349780082703 0.05181200057268143 0.06414499878883362
2 0.14801999926567078 0.4806470274925232 0.04566099867224693 0.0575609989464283
2 0.44226500391960144 0.8206859827041626 0.05164700001478195 0.06611000001430511
1 0.8391219973564148 0.3874710202217102 0.06410399824380875 0.07779300212860107
1 0.8961399793624878 0.5875680446624756 0.06221799924969673 0.08293499797582626
1 0.5762109756469727 0.4028649926185608 0.05959000065922737 0.06920900195837021
2 0.35256698727607727 0.40946197509765625 0.04918599873781204 0.06521199643611908
1 0.756928026676178 0.08953797817230225 0.04848900064826012 0.05974600091576576
1 0.7667080163955688 0.6749550104141235 0.049059998244047165 0.06339900195598602
2 0.8439800143241882 0.5111470222473145 0.06334400177001953 0.0805480033159256
1 0.6829010248184204 0.2602499723434448 0.04152499884366989 0.06923399865627289
2 0.09218499809503555 0.5482879877090454 0.028233999386429787 0.03597399964928627
1 0.6594719886779785 0.32696300745010376 0.04262600094079971 0.04755700007081032
2 0.24546700716018677 0.33466899394989014 0.0361270010471344 0.06065800040960312
1 0.7740210294723511 0.3730090260505676 0.05502999946475029 0.07380799949169159
2 0.8391069769859314 0.3875120282173157 0.06390500068664551 0.0779620036482811
2 0.48442500829696655 0.9011480212211609 0.05067700147628784 0.06674899905920029
1 0.2831380069255829 0.4502300024032593 0.048854000866413116 0.062456000596284866
1 0.6235309839248657 0.45858001708984375 0.044902000576257706 0.08083000034093857
1 0.8180180191993713 0.31881701946258545 0.04061700031161308 0.062950000166893
2 0.15676599740982056 0.535269021987915 0.044091999530792236 0.05302700027823448
1 0.639070987701416 0.019914984703063965 0.03966499865055084 0.03952199965715408
1 0.41599300503730774 0.9425680041313171 0.05415099859237671 0.0662280023097992
1 0.7209410071372986 0.666206955909729 0.0411750003695488 0.06885000318288803
1 0.8436350226402283 0.5093920230865479 0.06511600315570831 0.07987499982118607
2 0.7253879904747009 0.34516799449920654 0.06302399933338165 0.083017997443676
2 0.25135499238967896 0.3359450101852417 0.05089300125837326 0.06253200024366379
2 0.16109199821949005 0.6068440079689026 0.03227299824357033 0.045426998287439346
1 0.1646369993686676 0.7425550222396851 0.046966999769210815 0.059627000242471695
2 0.19078099727630615 0.6008549928665161 0.03658200055360794 0.046195998787879944
1 0.6194530129432678 0.7396119832992554 0.04397200047969818 0.06324200332164764
2 0.6155099868774414 0.27078497409820557 0.035659000277519226 0.08391200006008148
2 0.34877100586891174 0.36342698335647583 0.04306500032544136 0.053373001515865326
2 0.14387500286102295 0.7072659730911255 0.035165999084711075 0.04122300073504448
2 0.010030999779701233 0.8951159715652466 0.020061999559402466 0.03171499818563461
2 0.43047600984573364 0.8801940083503723 0.051148999482393265 0.05945200100541115
2 0.6204739809036255 0.7394649982452393 0.04469799995422363 0.0641079992055893
1 0.4843510091304779 0.9013969898223877 0.05146300047636032 0.06687500327825546
2 0.41454601287841797 0.9427180290222168 0.05150200054049492 0.06645999848842621
0 0.02186099998652935 0.41880398988723755 0.02724899910390377 0.034894999116659164
1 0.2966490089893341 0.4894239902496338 0.048980001360177994 0.05763600021600723
2 0.022763000801205635 0.047273993492126465 0.02823599986732006 0.0329429991543293
2 0.675682008266449 0.6499019861221313 0.0587100014090538 0.06831400096416473
2 0.006022000219672918 0.9348620176315308 0.012044000439345837 0.040125999599695206
1 0.2532840073108673 0.49554699659347534 0.04759399965405464 0.06152400001883507
1 0.5366989970207214 0.9900140166282654 0.050023000687360764 0.019756000488996506
1 0.5808719992637634 0.6668130159378052 0.05069899931550026 0.05445399880409241
