2 0.6619750261306763 0.5566610097885132 0.06575100123882294 0.08705800026655197
2 0.35008201003074646 0.24283301830291748 0.051840998232364655 0.06777700036764145
1 0.8667140007019043 0.655709981918335 0.05667300149798393 0.0789399966597557
1 0.598563015460968 0.3354610204696655 0.0545479990541935 0.06688900291919708
2 0.831296980381012 0.5008879899978638 0.060947999358177185 0.07966099679470062
1 0.9231539964675903 0.6827790141105652 0.06334500014781952 0.08174899965524673
2 0.3626050055027008 0.1057479977607727 0.04409100115299225 0.05741100013256073
1 0.8078809976577759 0.6987670063972473 0.062118999660015106 0.08873900026082993
2 0.48076000809669495 0.29992997646331787 0.05904899910092354 0.0760359987616539
2 0.42890501022338867 0.807558000087738 0.05235299840569496 0.06773599982261658
2 0.8263130187988281 0.3784019947052002 0.06203300133347511 0.0803069993853569
1 0.8439800143241882 0.30198198556900024 0.05113000050187111 0.06679599732160568
2 0.6722670197486877 0.8840910196304321 0.06202499940991402 0.084818996489048
2 0.6405929923057556 0.6937179565429688 0.05621900036931038 0.0753450021147728
2 0.2546589970588684 0.3403329849243164 0.05485599860548973 0.06862500309944153
2 0.7634900212287903 0.5957880020141602 0.05984500050544739 0.07290499657392502
2 0.4154660105705261 0.5618749856948853 0.060095999389886856 0.08067899942398071
2 0.12140099704265594 0.6174830198287964 0.04821600019931793 0.06191499903798103
2 0.3672110140323639 0.8788380026817322 0.04944099858403206 0.06209399923682213
2 0.4004940092563629 0.9277179837226868 0.05126500129699707 0.0704289972782135
1 0.6714969873428345 0.2483069896697998 0.039413999766111374 0.06441599875688553
2 0.1374090015888214 0.4665200114250183 0.045285001397132874 0.05809599906206131
2 0.4716770052909851 0.8875899910926819 0.051816001534461975 0.06983000040054321
2 0.40499499440193176 0.31868499517440796 0.04842299968004227 0.08062399923801422
1 0.6324449777603149 0.013185977935791016 0.05337199941277504 0.026371000334620476
1 0.7608159780502319 0.3647410273551941 0.05218200013041496 0.07501400262117386
1 0.7006109952926636 0.7851269841194153 0.0631679967045784 0.07949899882078171
2 0.6629859805107117 0.6386269927024841 0.058171000331640244 0.0727429986000061
2 0.4439919888973236 0.3653849959373474 0.05043499916791916 0.07131899893283844
1 0.7146580219268799 0.3387860059738159 0.06025400012731552 0.08283399790525436
2 0.3879219889640808 0.177839994430542 0.04018399864435196 0.056735001504421234
2 0.24220800399780273 0.32581597566604614 0.0545400008559227 0.07285600155591965
1 0.2703379988670349 0.437811017036438 0.047276001423597336 0.06203199923038483
1 0.4159879982471466 0.8652070164680481 0.05034799873828888 0.06111599877476692
2 0.27765199542045593 0.2828400135040283 0.0475040003657341 0.06254599988460541
2 0.6070830225944519 0.7267720103263855 0.048645999282598495 0.06778799742460251
2 0.34062299132347107 0.3982579708099365 0.04795699939131737 0.06122199818491936
2 0.6280149817466736 0.2538999915122986 0.0706619992852211 0.08252199739217758
1 0.5627269744873047 0.39445000886917114 0.05740699917078018 0.07349599897861481
1 0.2848590016365051 0.4778730273246765 0.04756699874997139 0.04777299985289574
2 0.46507200598716736 0.7964730262756348 0.04403400048613548 0.06608899682760239
2 0.6523879766464233 0.7873560190200806 0.05836699903011322 0.08337800204753876
2 0.21506600081920624 0.5881290435791016 0.04465299844741821 0.06323599815368652
2 0.7528619766235352 0.6646429896354675 0.052111998200416565 0.06535200029611588
1 0.8821939826011658 0.4574509859085083 0.049545999616384506 0.0705299973487854
1 0.450533002614975 0.9751660227775574 0.06256599724292755 0.049667999148368835
1 0.8066369891166687 0.3134700059890747 0.041572000831365585 0.06647899746894836
1 0.6090949773788452 0.4489179849624634 0.04784199967980385 0.07942599803209305
1 0.29672500491142273 0.38675302267074585 0.0447239987552166 0.059404999017715454
1 0.15377900004386902 0.7266349792480469 0.042054999619722366 0.057496000081300735
1 0.13621699810028076 0.6881420016288757 0.03322099894285202 0.040095001459121704
1 0.746595025062561 0.08146399259567261 0.04711800068616867 0.05747099965810776
1 0.5155789852142334 0.04216200113296509 0.042486000806093216 0.04413300007581711
2 0.8805029988288879 0.5805200338363647 0.06268200278282166 0.0815500020980835
1 0.4442040026187897 0.36274200677871704 0.04922499880194664 0.07299099862575531
2 0.562729001045227 0.3950819969177246 0.05876399949193001 0.07322999835014343
2 0.4159330129623413 0.865917980670929 0.04952999949455261 0.05984700098633766
2 0.3321380019187927 0.8502680063247681 0.035913001745939255 0.042844999581575394
1 0.6306340098381042 0.25452297925949097 0.06455600261688232 0.0792049989104271
2 0.15298600494861603 0.588873028755188 0.03440999984741211 0.04636700078845024
2 0.7138710021972656 0.3378310203552246 0.06158199906349182 0.08234699815511703
2 0.6090360283851624 0.4486830234527588 0.04721499979496002 0.07811599969863892
1 0.6483299732208252 0.31551700830459595 0.04489099979400635 0.054127998650074005
2 0.1468459963798523 0.5188289880752563 0.041687000542879105 0.04921700060367584
1 0.24253399670124054 0.48214197158813477 0.044456999748945236 0.056046999990940094
2 0.60446697473526 0.2649480104446411 0.031202999874949455 0.07488299906253815
2 0.7067999839782715 0.6549879908561707 0.04166899994015694 0.07005699723958969
1 0.3403039872646332 0.3981119990348816 0.04742399975657463 0.06071100011467934
1 0.14775000512599945 0.5196959972381592 0.0422540009021759 0.05320899933576584
2 0.08394099771976471 0.5286040306091309 0.02822200022637844 0.03393299877643585
1 0.36847400665283203 0.8778730034828186 0.049219999462366104 0.06213099882006645
1 0.48098599910736084 0.2984820008277893 0.05866299942135811 0.07579100131988525
2 0.23634999990463257 0.32131701707839966 0.04074300080537796 0.06322100013494492
2 0.12409800291061401 0.9841899871826172 0.027854999527335167 0.031224999576807022
