2 0.6513699889183044 0.5550299882888794 0.06450700014829636 0.08452899754047394
1 0.5879709720611572 0.3345530033111572 0.0555419996380806 0.06706800311803818
2 0.34085801243782043 0.24098598957061768 0.05093799903988838 0.06715899705886841
2 0.3532179892063141 0.10399502515792847 0.04439999908208847 0.05682799965143204
2 0.752810001373291 0.5927610397338867 0.05846099928021431 0.07509300112724304
2 0.3798860013484955 0.1762790083885193 0.04177999868988991 0.058469001203775406
2 0.41854700446128845 0.8052979707717896 0.053314000368118286 0.06821300089359283
2 0.6620320081710815 0.8819169998168945 0.06346499919891357 0.08575999736785889
1 0.7982519865036011 0.6961649656295776 0.06302999705076218 0.09126099944114685
1 0.8570770025253296 0.6541489958763123 0.057760000228881836 0.07796599715948105
2 0.8198860287666321 0.49935799837112427 0.062334999442100525 0.08182399719953537
1 0.262580007314682 0.43514400720596313 0.04884999990463257 0.06113699823617935
2 0.13025400042533875 0.46428799629211426 0.04720500111579895 0.05821400135755539
1 0.9120410084724426 0.6805939674377441 0.06455700099468231 0.08072900027036667
2 0.40600499510765076 0.5609990358352661 0.05961399897933006 0.07958000153303146
2 0.8692749738693237 0.5775079727172852 0.06196799874305725 0.08108100295066833
1 0.8336150050163269 0.3009309768676758 0.048344001173973083 0.06686600297689438
2 0.6524950265884399 0.6360260248184204 0.05664699897170067 0.06988000124692917
1 0.28722500801086426 0.3838289976119995 0.04339199885725975 0.06181199848651886
2 0.8158270120620728 0.37720799446105957 0.06151299923658371 0.07927100360393524
2 0.6307650208473206 0.6934950351715088 0.05554699897766113 0.07639399915933609
2 0.40036800503730774 0.3194490075111389 0.05766500160098076 0.0791269987821579
2 0.11238899827003479 0.6163849830627441 0.04771300032734871 0.060756999999284744
1 0.6246160268783569 0.013396024703979492 0.05315500125288963 0.026792999356985092
2 0.23294299840927124 0.3234339952468872 0.05455400049686432 0.0716710016131401
2 0.4346419870853424 0.3646479845046997 0.05253300070762634 0.07327800244092941
1 0.7500100135803223 0.36080002784729004 0.0561010017991066 0.07702299952507019
1 0.4428730010986328 0.9728389978408813 0.05617599934339523 0.054322998970746994
2 0.26865100860595703 0.28261101245880127 0.048229001462459564 0.061740998178720474
2 0.5977429747581482 0.7236189842224121 0.04710200056433678 0.06841100007295609
2 0.23770800232887268 0.3323240280151367 0.06350500136613846 0.07614400237798691
1 0.5523809790611267 0.39285802841186523 0.05806399881839752 0.07448100298643112
2 0.35876700282096863 0.8761090040206909 0.050050001591444016 0.062300000339746475
2 0.47139599919319153 0.29933202266693115 0.05670800060033798 0.0763150006532669
1 0.14502699673175812 0.7244529724121094 0.04698700085282326 0.05870499834418297
1 0.8714669942855835 0.4551699757575989 0.05213699862360954 0.07288099825382233
2 0.6425650119781494 0.7831059694290161 0.056033000349998474 0.08137600123882294
2 0.4623889923095703 0.8856599926948547 0.05271900072693825 0.07126100361347198
1 0.653406023979187 0.6331290006637573 0.05623399838805199 0.0683789998292923
1 0.6192489862442017 0.25092101097106934 0.06837300211191177 0.08267299830913544
1 0.7964540123939514 0.3119940161705017 0.04501999914646149 0.06576099991798401
1 0.7035859823226929 0.33692800998687744 0.06015300005674362 0.0827149972319603
1 0.6609770059585571 0.24682199954986572 0.03937400132417679 0.06718699634075165
1 0.13807900249958038 0.5180150270462036 0.04160799831151962 0.05067500099539757
1 0.4711169898509979 0.29725098609924316 0.05640000104904175 0.07498600333929062
1 0.6901509761810303 0.7818650007247925 0.06113699823617935 0.07855899631977081
2 0.33165299892425537 0.3970760107040405 0.04797999933362007 0.06307099759578705
1 0.2768059968948364 0.47878497838974 0.04740000143647194 0.04445499926805496
1 0.7364270091056824 0.08065402507781982 0.0480710007250309 0.057507000863552094
2 0.4547010064125061 0.7931039929389954 0.04511599987745285 0.06749600172042847
2 0.24483199417591095 0.3403570055961609 0.05967799946665764 0.06542699784040451
1 0.5975630283355713 0.4454770088195801 0.047745998948812485 0.08153799921274185
2 0.4076020121574402 0.8629469871520996 0.050953999161720276 0.061560001224279404
1 0.4349839985370636 0.3625059723854065 0.05075899884104729 0.07506799697875977
2 0.39198699593544006 0.9259439706802368 0.05065099895000458 0.06942799687385559
1 0.3934360146522522 0.9258819818496704 0.054037999361753464 0.07101599872112274
1 0.6950169801712036 0.6521719694137573 0.04320399835705757 0.07050199806690216
1 0.4063049852848053 0.8631100058555603 0.04914199933409691 0.060690999031066895
2 0.20744599401950836 0.5895769596099854 0.04453499987721443 0.07055500149726868
2 0.6180359721183777 0.25168299674987793 0.07413599640130997 0.08415400236845016
2 0.07488100230693817 0.5275790095329285 0.02769399993121624 0.033642999827861786
1 0.2087550014257431 0.5900369882583618 0.04169800132513046 0.06750400364398956
2 0.5980889797210693 0.44567298889160156 0.04789099842309952 0.08191899955272675
1 0.3315829932689667 0.3972659707069397 0.047919001430273056 0.06313099712133408
2 0.7024679780006409 0.33544498682022095 0.06101199984550476 0.08093299716711044
1 0.48437198996543884 0.4567509889602661 0.04723900184035301 0.06341899931430817
1 0.40158000588417053 0.3196219801902771 0.05922799929976463 0.07736899703741074
2 0.7420809864997864 0.6621600389480591 0.05061500146985054 0.06442999839782715
1 0.6392679810523987 0.3149769902229309 0.04440600052475929 0.05195999890565872
1 0.2660430073738098 0.4806389808654785 0.06085599958896637 0.0536080002784729
1 0.24765700101852417 0.3444259762763977 0.055087000131607056 0.05932300165295601
1 0.6310960054397583 0.6934280395507812 0.05828399956226349 0.07938399910926819
1 0.2322079986333847 0.4819999933242798 0.04109400138258934 0.05697000026702881
2 0.14324399828910828 0.5877640247344971 0.03352599963545799 0.04661700129508972
1 0.12692299485206604 0.686303973197937 0.033261001110076904 0.04085699841380119
1 0.16819000244140625 0.4973739981651306 0.03205300122499466 0.05029499903321266
1 0.5968620181083679 0.7251989841461182 0.047244999557733536 0.06619899719953537
