2 0.8842039704322815 0.5562180280685425 0.0406470000743866 0.051568999886512756
0 0.1600620001554489 0.8694760203361511 0.03249699994921684 0.04323799908161163
2 0.8613799810409546 0.6488640308380127 0.03853299841284752 0.04902999848127365
0 0.19999399781227112 0.17302298545837402 0.07418099790811539 0.1015700027346611
2 0.8173859715461731 0.6236810088157654 0.038373999297618866 0.050641998648643494
2 0.9404839873313904 0.7735350131988525 0.0316540002822876 0.037647999823093414
0 0.7798539996147156 0.3488209843635559 0.042208001017570496 0.0531029999256134
0 0.7168809771537781 0.7264919877052307 0.03730599954724312 0.04912000149488449
2 0.9458519816398621 0.8761240243911743 0.02810800075531006 0.0370820015668869
2 0.209539994597435 0.7546780109405518 0.02809399925172329 0.0355679988861084
0 0.04092999920248985 0.10628199577331543 0.055112000554800034 0.10778699815273285
2 0.8649399876594543 0.7776139974594116 0.03080200031399727 0.038975998759269714
2 0.9092910289764404 0.7701460123062134 0.035360001027584076 0.04087800160050392
0 0.6681079864501953 0.3103640079498291 0.039278000593185425 0.04938400164246559
0 0.10261800140142441 0.17049098014831543 0.07601899653673172 0.10244700312614441
1 0.37630099058151245 0.38444697856903076 0.04264400154352188 0.056412000209093094
0 0.12971599400043488 0.8283250331878662 0.034421999007463455 0.04336699843406677
1 0.14949700236320496 0.4132019877433777 0.0416099987924099 0.04780599847435951
2 0.8871200084686279 0.42993301153182983 0.02817700058221817 0.03328299894928932
0 0.7148860096931458 0.5259140133857727 0.03679399937391281 0.04689300060272217
2 0.8631690144538879 0.8146550059318542 0.03036000020802021 0.0368259996175766
2 0.4444270133972168 0.8228899836540222 0.04256099835038185 0.050494998693466187
0 0.007794999983161688 0.05669599771499634 0.015138999558985233 0.08352699875831604
0 0.09723100066184998 0.8159210085868835 0.03235099837183952 0.0442270003259182
0 0.1116970032453537 0.05312502384185791 0.07156500220298767 0.10625100135803223
