2 0.652446985244751 0.5725289583206177 0.06490900367498398 0.0870710015296936
2 0.3339039981365204 0.2639700174331665 0.05026499927043915 0.06903599947690964
1 0.5856130123138428 0.35219401121139526 0.05568400025367737 0.06833499670028687
1 0.8007370233535767 0.7164790034294128 0.06345800310373306 0.0879179984331131
2 0.34495699405670166 0.12578797340393066 0.045152999460697174 0.05694900080561638
2 0.10520099848508835 0.6450749635696411 0.0497560016810894 0.06426399946212769
2 0.6657230257987976 0.9035289883613586 0.0618089996278286 0.08338800072669983
1 0.8625990152359009 0.6739959716796875 0.05616600066423416 0.07470399886369705
1 0.7030360102653503 0.35622698068618774 0.05950099974870682 0.0850600004196167
2 0.1213029995560646 0.49187397956848145 0.046105001121759415 0.058313999325037
1 0.8313329815864563 0.3193020224571228 0.0512159988284111 0.06475800275802612
1 0.632502019405365 0.716048002243042 0.058035001158714294 0.07959000021219254
1 0.9171640276908875 0.6982139945030212 0.06271400302648544 0.0802299976348877
1 0.6933310031890869 0.8053649663925171 0.059282999485731125 0.08026599884033203
1 0.8163089752197266 0.39429497718811035 0.0625310018658638 0.0792040005326271
1 0.6346499919891357 0.33336198329925537 0.043675001710653305 0.051631998270750046
1 0.2829059958457947 0.40964001417160034 0.04714599996805191 0.06514199823141098
1 0.7330399751663208 0.09677302837371826 0.048323001712560654 0.05805300176143646
2 0.26055601239204407 0.3048030138015747 0.047394998371601105 0.06029500067234039
2 0.35743099451065063 0.904088020324707 0.05173100158572197 0.06491799652576447
2 0.23914499580860138 0.36475998163223267 0.05756400153040886 0.06685899943113327
1 0.4683069884777069 0.31836998462677 0.05912800133228302 0.07959499955177307
2 0.4181559979915619 0.8316119909286499 0.054388999938964844 0.06872300058603287
1 0.25756001472473145 0.4593849778175354 0.04944499954581261 0.06098400056362152
1 0.22996999323368073 0.507427990436554 0.05646999925374985 0.05984500050544739
2 0.4053170084953308 0.5806419849395752 0.06169600039720535 0.07887300103902817
2 0.39688101410865784 0.3364250063896179 0.058859001845121384 0.08267799764871597
1 0.871055006980896 0.47237998247146606 0.05158599838614464 0.06994599848985672
2 0.3724299967288971 0.1985570192337036 0.04156100004911423 0.057218998670578
1 0.5997210144996643 0.46563100814819336 0.04439400136470795 0.07955099642276764
2 0.20163999497890472 0.6130070090293884 0.047974999994039536 0.07009699940681458
1 0.5514330267906189 0.4130619764328003 0.06103299930691719 0.07448499649763107
2 0.4299130141735077 0.3857309818267822 0.050999000668525696 0.0701960027217865
1 0.6188549995422363 0.2685009837150574 0.0629350021481514 0.0841509997844696
2 0.46142899990081787 0.9123799800872803 0.051812998950481415 0.06750299781560898
2 0.7543529868125916 0.6119990348815918 0.05695600062608719 0.07461199909448624
1 0.6578699946403503 0.2661389708518982 0.038026999682188034 0.07027799636125565
1 0.26754099130630493 0.5024980306625366 0.05104399845004082 0.055059000849723816
1 0.7947930097579956 0.3282949924468994 0.043060000985860825 0.06400900334119797
1 0.6524800062179565 0.656266987323761 0.05852099880576134 0.06639300286769867
2 0.1280680000782013 0.5476340055465698 0.04449399933218956 0.05382699891924858
1 0.749521017074585 0.3802350163459778 0.0544469989836216 0.07553400099277496
2 0.4524480104446411 0.8215869665145874 0.045017000287771225 0.06767600029706955
2 0.3904170095920563 0.9525399804115295 0.05047199875116348 0.071663998067379
1 0.8223559856414795 0.5157020092010498 0.06235099956393242 0.07885099947452545
1 0.6967819929122925 0.6752830147743225 0.04340200126171112 0.06708700209856033
1 0.4304580092430115 0.38497501611709595 0.051194000989198685 0.07166600227355957
1 0.6455450057983398 0.8081530332565308 0.05284300073981285 0.0839489996433258
2 0.4665350019931793 0.32032400369644165 0.05942400172352791 0.08078599721193314
1 0.40366798639297485 0.8894990086555481 0.05139100179076195 0.05901600047945976
1 0.7436820268630981 0.6833829879760742 0.05052400007843971 0.06571099907159805
1 0.13813500106334686 0.7529789805412292 0.043104998767375946 0.061264000833034515
2 0.06317199766635895 0.5588760375976562 0.02615099959075451 0.03527500107884407
1 0.8732219934463501 0.594310998916626 0.06224900111556053 0.0804779976606369
1 0.32749199867248535 0.4183279871940613 0.04712500050663948 0.06316599994897842
2 0.10068000108003616 0.5651969909667969 0.031266000121831894 0.040470000356435776
2 0.1351040005683899 0.6183669567108154 0.033211998641490936 0.04363299906253815
2 0.8211590051651001 0.5162400007247925 0.06216700002551079 0.07962899655103683
2 0.6524220108985901 0.6578750014305115 0.056992001831531525 0.06986899673938751
1 0.4507080018520355 0.9854940176010132 0.08706200122833252 0.029013000428676605
2 0.227975994348526 0.34658002853393555 0.05436500161886215 0.06768199801445007
2 0.11738099902868271 0.7180559635162354 0.03478299826383591 0.041659001260995865
2 0.40540000796318054 0.8893840312957764 0.05114800110459328 0.05941300094127655
1 0.6125400066375732 0.02556699514389038 0.03746199980378151 0.04299800097942352
1 0.5953649878501892 0.7479699850082397 0.04483700171113014 0.061597999185323715
2 0.32477501034736633 0.37093400955200195 0.04111500084400177 0.05097699910402298
2 0.16399000585079193 0.6107339859008789 0.03699199855327606 0.043324001133441925
1 0.44619300961494446 0.9872050285339355 0.06642299890518188 0.025590000674128532
2 0.036114998161792755 0.6667360067367554 0.023984000086784363 0.03509699925780296
1 0.5907639861106873 0.27823299169540405 0.032304998487234116 0.08041399717330933
2 0.32058799266815186 0.8766440153121948 0.03900099918246269 0.04477899894118309
1 0.1610109955072403 0.527366042137146 0.03426999971270561 0.05267399922013283
2 0.327457994222641 0.4190719723701477 0.047228001058101654 0.062369998544454575
1 0.11654900014400482 0.7181659936904907 0.034563999623060226 0.04194200038909912
