2 0.540349006652832 0.6099889874458313 0.09093199670314789 0.11305999755859375
2 0.7065039873123169 0.4638199806213379 0.09171800315380096 0.12057899683713913
2 0.7685269713401794 0.3451169729232788 0.10088899731636047 0.12125799804925919
2 0.15371499955654144 0.9227449893951416 0.09746299684047699 0.11345300078392029
2 0.6752700209617615 0.25012797117233276 0.08442600071430206 0.10109899938106537
2 0.6108530163764954 0.3851169943809509 0.08098699897527695 0.1071539968252182
2 0.26640400290489197 0.08166897296905518 0.0921740010380745 0.10694500058889389
2 0.5510839819908142 0.10296899080276489 0.08867300301790237 0.09467600286006927
2 0.5267840027809143 0.038088977336883545 0.07779499888420105 0.07533399760723114
2 0.35971400141716003 0.21819502115249634 0.09448499977588654 0.1083339974284172
2 0.03147200122475624 0.5568159818649292 0.06254799664020538 0.09714999794960022
1 0.35887500643730164 0.21934497356414795 0.09388700127601624 0.11088799685239792
1 0.1538970023393631 0.9242839813232422 0.1007860004901886 0.11843600124120712
