2 0.6618810296058655 0.5565980076789856 0.06578700244426727 0.08660399913787842
2 0.34697699546813965 0.242792010307312 0.05090799927711487 0.06836199760437012
2 0.8311660289764404 0.5003489851951599 0.06103599816560745 0.07987499982118607
1 0.8670089840888977 0.6554180383682251 0.056425001472234726 0.07909200340509415
2 0.35983699560165405 0.10455197095870972 0.04306799918413162 0.05688399821519852
1 0.5975540280342102 0.3353070020675659 0.053390998393297195 0.06654900312423706
1 0.9230800271034241 0.6818200349807739 0.06331200152635574 0.08144699782133102
1 0.8425099849700928 0.30091601610183716 0.0515809990465641 0.06681200116872787
1 0.8084440231323242 0.6977219581604004 0.06312700361013412 0.0896259993314743
2 0.41626399755477905 0.5620250105857849 0.06048800051212311 0.08131799846887589
2 0.38603198528289795 0.17656302452087402 0.04163099825382233 0.056873999536037445
2 0.4294489920139313 0.8075929880142212 0.05322900041937828 0.06977199763059616
2 0.763139009475708 0.5945190191268921 0.05869400128722191 0.07523299753665924
2 0.6734989881515503 0.8835700154304504 0.06231800094246864 0.08441200107336044
2 0.8256829977035522 0.37661999464035034 0.06215500086545944 0.0801210030913353
2 0.6413689851760864 0.6939040422439575 0.05653800070285797 0.07506000250577927
2 0.3677470088005066 0.8792799711227417 0.050276998430490494 0.06261400133371353
2 0.12079399824142456 0.6182929873466492 0.04813800007104874 0.06294800341129303
2 0.40593698620796204 0.3198480010032654 0.051297999918460846 0.08205799758434296
1 0.6688230037689209 0.24811798334121704 0.03913399949669838 0.06632500141859055
2 0.4428040087223053 0.36676400899887085 0.049883000552654266 0.06967800110578537
2 0.47150498628616333 0.8880890011787415 0.05119600147008896 0.06942900270223618
2 0.662971019744873 0.6388629674911499 0.05790400132536888 0.07188200205564499
2 0.40193799138069153 0.9279239773750305 0.052212998270988464 0.07052300125360489
2 0.2557179927825928 0.34331297874450684 0.05189000070095062 0.06504300236701965
2 0.47905001044273376 0.30065101385116577 0.05889799818396568 0.0764399990439415
1 0.7599130272865295 0.3635759949684143 0.052414000034332275 0.07531200349330902
2 0.13477499783039093 0.46628499031066895 0.044766999781131744 0.057753000408411026
2 0.34089699387550354 0.39893800020217896 0.04801199957728386 0.060954999178647995
2 0.6534029841423035 0.7865970134735107 0.058729998767375946 0.08128900080919266
2 0.2757520079612732 0.28352999687194824 0.04552900046110153 0.06097399815917015
1 0.6288110017776489 0.012843012809753418 0.04932300001382828 0.025685999542474747
1 0.7138959765434265 0.33859801292419434 0.060148000717163086 0.08369600027799606
1 0.45163100957870483 0.975121021270752 0.060819000005722046 0.04975900053977966
1 0.7016239762306213 0.7852240204811096 0.06249599903821945 0.08025600016117096
2 0.23635700345039368 0.3229910135269165 0.042360998690128326 0.0661109983921051
2 0.6068869829177856 0.7262400388717651 0.0482649989426136 0.06793200224637985
2 0.41639798879623413 0.8663259744644165 0.05017400160431862 0.05993499979376793
1 0.15046100318431854 0.7260149717330933 0.04129200056195259 0.058563001453876495
2 0.2138260006904602 0.5896649956703186 0.04440100118517876 0.06390299648046494
2 0.7529109716415405 0.66395103931427 0.05215800181031227 0.06487300246953964
2 0.8795599937438965 0.5792689919471741 0.06066200137138367 0.08083699643611908
1 0.8046119809150696 0.31382501125335693 0.04118699952960014 0.06633000075817108
1 0.4161050021648407 0.8656799793243408 0.05114800110459328 0.06111200153827667
2 0.46609601378440857 0.7977240085601807 0.04398500174283981 0.0657849982380867
1 0.880623996257782 0.4565510153770447 0.05084799975156784 0.07103200256824493
2 0.6282129883766174 0.25372397899627686 0.06766600161790848 0.08257900178432465
2 0.5625010132789612 0.3952370285987854 0.059498000890016556 0.07283300161361694
1 0.2700769901275635 0.4393119812011719 0.04821399971842766 0.06098499894142151
1 0.7445380091667175 0.08059102296829224 0.04733100160956383 0.057270001620054245
1 0.609175980091095 0.4490079879760742 0.04801899939775467 0.07971200346946716
1 0.48034000396728516 0.2992349863052368 0.05849900096654892 0.07599599659442902
2 0.33228799700737 0.850816011428833 0.0363989993929863 0.04433799907565117
2 0.1335970014333725 0.6875690221786499 0.03701699897646904 0.042263999581336975
1 0.5623959898948669 0.3947579860687256 0.05767799913883209 0.07347799837589264
2 0.7127090096473694 0.3375740051269531 0.06166800111532211 0.08276800066232681
1 0.2836199998855591 0.4788450002670288 0.04607100039720535 0.047995999455451965
2 0.14464899897575378 0.5196080207824707 0.04340200126171112 0.050147999078035355
1 0.6316210031509399 0.25346100330352783 0.060805998742580414 0.07844799757003784
1 0.6472470164299011 0.31540000438690186 0.04419799894094467 0.05347000062465668
1 0.29641199111938477 0.3878830075263977 0.04507799819111824 0.05930100008845329
2 0.7064340114593506 0.6548759937286377 0.04166200011968613 0.06923600286245346
2 0.6089869737625122 0.44855499267578125 0.04728899896144867 0.0789709985256195
2 0.14994199573993683 0.5874630212783813 0.035068001598119736 0.04467000067234039
2 0.08033599704504013 0.5289210081100464 0.028859000653028488 0.03565799817442894
2 0.602226972579956 0.2637990117073059 0.029458999633789062 0.07625100016593933
1 0.13310399651527405 0.6868009567260742 0.03547700121998787 0.04227500036358833
1 0.14510700106620789 0.5201380252838135 0.04432599991559982 0.05339699983596802
1 0.23994000256061554 0.4819989800453186 0.04531100019812584 0.057996999472379684
1 0.3687959909439087 0.877934992313385 0.049525000154972076 0.06254500150680542
