1 0.8377010226249695 0.5882059931755066 0.0577940009534359 0.07152199745178223
2 0.613690972328186 0.7268440127372742 0.0519459992647171 0.06567300111055374
1 0.8703370094299316 0.538349986076355 0.04803499951958656 0.0641850009560585
2 0.8840109705924988 0.19616901874542236 0.04670799896121025 0.06182900071144104
2 0.6245139837265015 0.567378044128418 0.04714599996805191 0.061083000153303146
2 0.47492700815200806 0.7056139707565308 0.032005999237298965 0.04166100174188614
2 0.6811119914054871 0.5165610313415527 0.03601200133562088 0.04725300148129463
2 0.49584999680519104 0.6072820425033569 0.03279099985957146 0.04017399996519089
2 0.6689460277557373 0.4439150094985962 0.034589000046253204 0.04248499870300293
2 0.898747980594635 0.26842397451400757 0.04441099986433983 0.06194400042295456
2 0.8919950127601624 0.3580700159072876 0.05749399960041046 0.0734890028834343
2 0.8281720280647278 0.48803597688674927 0.05336799845099449 0.06589499861001968
2 0.8037229776382446 0.39653199911117554 0.0509289987385273 0.06208600103855133
2 0.23272399604320526 0.7409789562225342 0.029245000332593918 0.03259100019931793
2 0.45905500650405884 0.5449479818344116 0.03351600095629692 0.03949600085616112
2 0.7964410185813904 0.45791101455688477 0.044374000281095505 0.06053600087761879
1 0.9120219945907593 0.5410979986190796 0.051541998982429504 0.06783200055360794
2 0.724170982837677 0.7321310043334961 0.07441200315952301 0.08847799897193909
1 0.6375020146369934 0.6254259943962097 0.045347001403570175 0.05655299872159958
1 0.7754189968109131 0.6076229810714722 0.040936000645160675 0.07495900243520737
2 0.28391799330711365 0.8485289812088013 0.02879299968481064 0.03273800015449524
2 0.9844719767570496 0.975836992263794 0.031055999919772148 0.0483269989490509
2 0.5327119827270508 0.7505300045013428 0.03172200173139572 0.038307998329401016
1 0.6348749995231628 0.8363360166549683 0.04866600036621094 0.06149600073695183
2 0.5331529974937439 0.43835002183914185 0.03264300152659416 0.040550000965595245
2 0.6743860244750977 0.31590598821640015 0.029548000544309616 0.03691599890589714
2 0.27487799525260925 0.8483459949493408 0.0333699993789196 0.03217099979519844
2 0.4203769862651825 0.9915879964828491 0.03580699861049652 0.01654200069606304
2 0.8791570067405701 0.4788140058517456 0.049035001546144485 0.05798700079321861
2 0.16556400060653687 0.9017750024795532 0.02704799920320511 0.03379900008440018
2 0.7151470184326172 0.5730960369110107 0.045194998383522034 0.055397000163793564
2 0.716284990310669 0.7407140135765076 0.05849900096654892 0.07706499844789505
2 0.6490389704704285 0.6633110046386719 0.040695998817682266 0.04060700163245201
1 0.7153249979019165 0.5737749934196472 0.04506399855017662 0.05527599900960922
2 0.6367189884185791 0.6260640025138855 0.044888000935316086 0.055098000913858414
2 0.3986999988555908 0.5238950252532959 0.030863000079989433 0.03634599968791008
2 0.4181840121746063 0.8295249938964844 0.026851000264286995 0.031849998980760574
1 0.5951690077781677 0.8809419870376587 0.033270999789237976 0.037978000938892365
2 0.2549709975719452 0.7641649842262268 0.027109000831842422 0.03193499892950058
2 0.41737401485443115 0.9887250065803528 0.035767000168561935 0.02114100009202957
2 0.6352540254592896 0.8374769687652588 0.04886699840426445 0.0600380003452301
