2 0.3425289988517761 0.26023000478744507 0.05179699882864952 0.06939200311899185
2 0.6604549884796143 0.5704990029335022 0.06587699800729752 0.0865280032157898
1 0.8674110174179077 0.6692880392074585 0.056063998490571976 0.07606499642133713
2 0.1300469934940338 0.4868500232696533 0.046744998544454575 0.05612500011920929
1 0.8077059984207153 0.7131209969520569 0.062189001590013504 0.08747799694538116
1 0.5947780013084412 0.3499910235404968 0.0548270009458065 0.06557600200176239
2 0.35523200035095215 0.12160897254943848 0.04442400112748146 0.05672600120306015
2 0.11473099887371063 0.6382279992103577 0.04805200174450874 0.0629580020904541
2 0.38199499249458313 0.1939610242843628 0.042017001658678055 0.05823700129985809
1 0.2907150089740753 0.4027090072631836 0.046310000121593475 0.06346900016069412
1 0.7001199722290039 0.8007290363311768 0.06261099874973297 0.08101599663496017
1 0.9233790040016174 0.6958479881286621 0.06363199651241302 0.08316999673843384
2 0.8295310139656067 0.5139210224151611 0.062445998191833496 0.07936699688434601
2 0.4386340081691742 0.3820739984512329 0.0526529997587204 0.0701880007982254
2 0.27001699805259705 0.30105000734329224 0.04952700063586235 0.06279800087213516
1 0.8384649753570557 0.3151000142097473 0.052404001355171204 0.06734199821949005
1 0.5594900250434875 0.40724700689315796 0.05948000028729439 0.06958799809217453
2 0.4249570071697235 0.8260340094566345 0.051242001354694366 0.06988099962472916
1 0.4525279998779297 0.9842939972877502 0.07063200324773788 0.03141099959611893
2 0.20932799577713013 0.6108919978141785 0.04465699940919876 0.06930399686098099
2 0.6728659868240356 0.897970974445343 0.06008699908852577 0.08450599759817123
2 0.4041900038719177 0.33414000272750854 0.05431300029158592 0.08319299668073654
2 0.3649269938468933 0.8983989953994751 0.05071600154042244 0.06352300196886063
2 0.23998500406742096 0.3498290181159973 0.06386999785900116 0.08016099780797958
1 0.7399629950523376 0.09464997053146362 0.04741000011563301 0.05894000083208084
2 0.24557499587535858 0.3572099804878235 0.06100799888372421 0.07142599672079086
2 0.7620300054550171 0.6090619564056396 0.059790000319480896 0.07478100061416626
1 0.639735996723175 0.711588978767395 0.060141999274492264 0.0803999975323677
1 0.7584739923477173 0.3770350217819214 0.05361799895763397 0.07228200137615204
1 0.8787940144538879 0.47046101093292236 0.04938400164246559 0.07096900045871735
2 0.47356298565864563 0.3159239888191223 0.06035799905657768 0.0788469985127449
1 0.2670390009880066 0.45513302087783813 0.05120199918746948 0.06145999953150749
1 0.7099949717521667 0.35290098190307617 0.06099100038409233 0.08358000218868256
2 0.39711299538612366 0.9469370245933533 0.052386000752449036 0.07024700194597244
2 0.6394249796867371 0.7099039554595947 0.05691299960017204 0.078404001891613
1 0.8234689831733704 0.39082998037338257 0.06337899714708328 0.07718399912118912
2 0.6267610192298889 0.26828598976135254 0.06947900354862213 0.08044900000095367
1 0.4684840142726898 0.9063609838485718 0.051058001816272736 0.06783799827098846
1 0.6511260271072388 0.8030520081520081 0.05601099878549576 0.08034799993038177
2 0.13878700137138367 0.5400109887123108 0.042153000831604004 0.0538490004837513
1 0.6603890061378479 0.6510570049285889 0.05590000003576279 0.06557399779558182
1 0.6651129722595215 0.26365000009536743 0.03946400061249733 0.06620299816131592
2 0.07373300194740295 0.5529409646987915 0.03005800023674965 0.03768499940633774
1 0.8010240197181702 0.32532399892807007 0.04335099831223488 0.0647440031170845
2 0.4134320020675659 0.5780180096626282 0.06288299709558487 0.08207099884748459
1 0.6443169713020325 0.3299090266227722 0.04291300103068352 0.05001299828290939
1 0.60521000623703 0.46350401639938354 0.04987100139260292 0.08112800121307373
2 0.709496021270752 0.35215699672698975 0.0612029992043972 0.0820159986615181
1 0.412990003824234 0.5773830413818359 0.06250999867916107 0.08309199661016464
1 0.14583399891853333 0.7463319897651672 0.04842099919915199 0.05898699909448624
2 0.335207998752594 0.41507798433303833 0.04729799926280975 0.061110999435186386
2 0.14425699412822723 0.6109780073165894 0.03342700004577637 0.046192001551389694
2 0.8793569803237915 0.5923149585723877 0.061900001019239426 0.07989799976348877
1 0.8793320059776306 0.5919860005378723 0.06154400110244751 0.08111099898815155
2 0.17302100360393524 0.6084690093994141 0.03724300116300583 0.054354000836610794
2 0.11144399642944336 0.5582189559936523 0.030168000608682632 0.037505000829696655
1 0.412992000579834 0.8845440149307251 0.052046999335289 0.056412000209093094
2 0.46939000487327576 0.9065030217170715 0.05274499952793121 0.06725099682807922
2 0.4111950099468231 0.8846480250358582 0.05195600166916847 0.057583998888731
1 0.4619779884815216 0.8154510259628296 0.0470069982111454 0.06667199730873108
1 0.2825489938259125 0.4945939779281616 0.04911300167441368 0.05606300011277199
2 0.8224220275878906 0.39086002111434937 0.06666100025177002 0.079864002764225
1 0.6192759871482849 0.02217000722885132 0.03445500135421753 0.0438850000500679
2 0.12648999691009521 0.7113239765167236 0.03517400100827217 0.04400499910116196
2 0.008569999597966671 0.051622986793518066 0.016930999234318733 0.03555399924516678
1 0.8294870257377625 0.5141440033912659 0.06152600049972534 0.08052899688482285
0 0.008635000325739384 0.42153602838516235 0.01633800007402897 0.04072900116443634
2 0.046519000083208084 0.6604819893836975 0.026271000504493713 0.034853000193834305
2 0.1759510040283203 0.6309329867362976 0.042817000299692154 0.04974300041794777
1 0.7055630087852478 0.6696180105209351 0.04108000174164772 0.07039500027894974
1 0.7511950135231018 0.6791279911994934 0.05069499835371971 0.06413699686527252
2 0.6058899760246277 0.46354198455810547 0.04713800176978111 0.07889699935913086
1 0.4837549924850464 0.9838680028915405 0.03578599914908409 0.03134699910879135
1 0.4093640148639679 0.3348720073699951 0.05663200095295906 0.07479199767112732
2 0.6022199988365173 0.2745400071144104 0.0373929999768734 0.07775899767875671
1 0.5093200206756592 0.057614028453826904 0.04371099919080734 0.04404899850487709
2 0.6034759879112244 0.7418980002403259 0.04524200037121773 0.06919299811124802
