2 0.6765180230140686 0.42477500438690186 0.06626199930906296 0.08363799750804901
2 0.3620150089263916 0.8679559826850891 0.045239999890327454 0.059105001389980316
1 0.6065419912338257 0.6452959775924683 0.05561799928545952 0.06948400288820267
1 0.8263059854507446 0.2827700078487396 0.06351999938488007 0.08783499896526337
2 0.3526490032672882 0.7291229963302612 0.052331000566482544 0.07015000283718109
1 0.7174429893493652 0.19067099690437317 0.0584929995238781 0.07670500129461288
1 0.8874469995498657 0.32572001218795776 0.05941599979996681 0.07519400119781494
1 0.9442430138587952 0.30141299962997437 0.06376700103282928 0.07985799759626389
1 0.30250200629234314 0.5863100290298462 0.0463160015642643 0.06429699808359146
2 0.4412350058555603 0.16101300716400146 0.054287999868392944 0.0687590017914772
1 0.278315007686615 0.5338860154151917 0.05051200091838837 0.06324999779462814
1 0.8525599837303162 0.6806300282478333 0.051961999386548996 0.06552399694919586
1 0.8951410055160522 0.5257560014724731 0.05217599868774414 0.07073800265789032
1 0.42866799235343933 0.1031700000166893 0.05156400054693222 0.06131099909543991
2 0.1262809932231903 0.3452039957046509 0.04703899845480919 0.0593160018324852
1 0.7503079771995544 0.9030539989471436 0.04683399945497513 0.05684399977326393
2 0.48696500062942505 0.6749269962310791 0.06170700117945671 0.08038199692964554
1 0.29117101430892944 0.49103298783302307 0.04784100130200386 0.050648000091314316
1 0.8987659811973572 0.4065049886703491 0.06287200003862381 0.07926099747419357
1 0.726285994052887 0.643455982208252 0.059978000819683075 0.08404400199651718
2 0.238988995552063 0.6474670171737671 0.04225900024175644 0.06305599957704544
2 0.45135700702667236 0.6112899780273438 0.05332700163125992 0.06910599768161774
2 0.41269201040267944 0.6596729755401611 0.050050999969244 0.07932499796152115
2 0.1383409947156906 0.4978330135345459 0.04347100108861923 0.05563199892640114
1 0.5738120079040527 0.5852259993553162 0.060851000249385834 0.06860899925231934
1 0.6706370115280151 0.18891499936580658 0.05502599850296974 0.08271399885416031
1 0.38136300444602966 0.08938899636268616 0.051837000995874405 0.06470400094985962
1 0.7684029936790466 0.3138130009174347 0.05109399929642677 0.0647910013794899
2 0.7789930105209351 0.38608500361442566 0.06051899865269661 0.07231400161981583
1 0.8403080105781555 0.6060580015182495 0.06325499713420868 0.08004199713468552
1 0.6574770212173462 0.2813290059566498 0.055734001100063324 0.07590500265359879
2 0.6913890242576599 0.09160500019788742 0.06383000314235687 0.08227500319480896
1 0.41789498925209045 0.038152001798152924 0.05604499951004982 0.07231000065803528
2 0.38910800218582153 0.7939379811286926 0.04113699868321419 0.05764000117778778
2 0.4275819957256317 0.4120100140571594 0.05995500087738037 0.08003100007772446
1 0.6216790080070496 0.5331140160560608 0.04573399946093559 0.07962899655103683
1 0.6759300231933594 0.34014999866485596 0.057183001190423965 0.0659710019826889
1 0.6292999982833862 0.9699050188064575 0.03922399878501892 0.04806400090456009
1 0.6568549871444702 0.66669100522995 0.04137599840760231 0.05403999984264374
1 0.7219340205192566 0.3217189908027649 0.04400699958205223 0.0693259984254837
2 0.22553600370883942 0.3741070032119751 0.0380450002849102 0.06567300111055374
1 0.7723150253295898 0.6198999881744385 0.05344599857926369 0.07541699707508087
2 0.2802700102329254 0.6881470084190369 0.04760599881410599 0.05973299965262413
1 0.16122399270534515 0.23774699866771698 0.04521000012755394 0.05638499930500984
2 0.3465209901332855 0.5758669972419739 0.04757799953222275 0.06551399827003479
2 0.26322099566459656 0.6266180276870728 0.046914998441934586 0.06220399960875511
2 0.4844929873943329 0.08143199980258942 0.0515809990465641 0.06989400088787079
2 0.0799660012125969 0.42633500695228577 0.02706499956548214 0.03576499968767166
2 0.8451610207557678 0.48137399554252625 0.06334099918603897 0.0833899974822998
1 0.2217549979686737 0.3743090033531189 0.041790999472141266 0.06588400155305862
1 0.8444259762763977 0.4832890033721924 0.06387100368738174 0.07937800139188766
1 0.1493549942970276 0.4451349973678589 0.04095200076699257 0.05465399846434593
2 0.639909029006958 0.7305809855461121 0.06271199882030487 0.08287400007247925
2 0.47849199175834656 0.17282700538635254 0.0467660017311573 0.06764200329780579
2 0.8396080136299133 0.6066120266914368 0.06161800026893616 0.07821600139141083
1 0.24534599483013153 0.4857339859008789 0.047401998192071915 0.05816999822854996
1 0.1336349993944168 0.2680869996547699 0.0347680002450943 0.0434969998896122
1 0.8152030110359192 0.6722450256347656 0.041439998894929886 0.06286600232124329
1 0.6792870163917542 0.7295550107955933 0.03738199919462204 0.06619399785995483
1 0.6216679811477661 0.2464359998703003 0.04636000096797943 0.0613659992814064
1 0.47077998518943787 0.007633000146597624 0.06167899817228317 0.015021000057458878
2 0.6112419962882996 0.7180910110473633 0.034526001662015915 0.07707999646663666
1 0.4839180111885071 0.08142799884080887 0.05308099836111069 0.07018899917602539
2 0.6761540174484253 0.33992499113082886 0.05621299892663956 0.06963499635457993
2 0.42911601066589355 0.10260900110006332 0.050648000091314316 0.060506001114845276
1 0.34212398529052734 0.11645100265741348 0.040337998420000076 0.04500799998641014
1 0.642212986946106 0.7304369807243347 0.05804099887609482 0.08131100237369537
1 0.1528339982032776 0.36820799112319946 0.031060999259352684 0.04793199896812439
2 0.11724500358104706 0.42312899231910706 0.029610000550746918 0.03498400002717972
2 0.1487569957971573 0.4453139901161194 0.04329200088977814 0.05517299845814705
2 0.18546000123023987 0.37561899423599243 0.03847699984908104 0.0510840006172657
2 0.38019898533821106 0.08733899891376495 0.05035100132226944 0.0628810003399849
2 0.19063800573349 0.35729101300239563 0.045145001262426376 0.05734900012612343
2 0.6226909756660461 0.5333330035209656 0.043859999626874924 0.07872699946165085
1 0.18204599618911743 0.4640420079231262 0.03267199918627739 0.05136900022625923
2 0.3341670036315918 0.6208779811859131 0.03551600128412247 0.04538799822330475
1 0.4796470105648041 0.009697999805212021 0.07621199637651443 0.019394999369978905
