2 0.23184500634670258 0.06408999860286713 0.05209600180387497 0.07308299839496613
2 0.5659189820289612 0.6282020211219788 0.06911800056695938 0.08787299692630768
2 0.7392249703407288 0.6777030229568481 0.06445600092411041 0.08313100039958954
2 0.28946998715400696 0.2171580046415329 0.0541750006377697 0.07423999905586243
2 0.3208880126476288 0.34897100925445557 0.05350099876523018 0.0755229964852333
2 0.5738890171051025 0.290571004152298 0.06461399793624878 0.08754300326108932
2 0.6691510081291199 0.5862079858779907 0.06023700162768364 0.0757410004734993
2 0.1411380022764206 0.8375470042228699 0.07035700231790543 0.08531399816274643
2 0.9236879944801331 0.16941800713539124 0.07032100111246109 0.07719500362873077
1 0.7155330181121826 0.4748530089855194 0.0638049989938736 0.08779899775981903
2 0.34106001257896423 0.15944400429725647 0.06233099848031998 0.07767900079488754
1 0.7750959992408752 0.5285559892654419 0.06286799907684326 0.0807109996676445
2 0.24930599331855774 0.9074109792709351 0.04996100068092346 0.06870000064373016
1 0.8338320255279541 0.5030670166015625 0.06480000168085098 0.08293499797582626
2 0.5562390089035034 0.38152098655700684 0.059080999344587326 0.08023200184106827
2 0.3418940007686615 0.812578022480011 0.058100998401641846 0.08251000195741653
2 0.02505199983716011 0.6651719808578491 0.04577900096774101 0.05936900153756142
2 0.25705400109291077 0.26951101422309875 0.053341999650001526 0.07188600301742554
2 0.5659909844398499 0.5368120074272156 0.05998599901795387 0.07351899892091751
2 0.306084007024765 0.28547200560569763 0.0514880008995533 0.06458000093698502
2 0.014782999642193317 0.5182620286941528 0.02950900048017502 0.06615500152111053
2 0.35874998569488525 0.3493260145187378 0.04241799935698509 0.06459599733352661
2 0.7356060147285461 0.792926013469696 0.06651800125837326 0.07665500044822693
1 0.38067400455474854 0.8736220002174377 0.060113001614809036 0.07841499894857407
2 0.21385200321674347 0.02105800062417984 0.038607001304626465 0.042114999145269394
2 0.5431960225105286 0.9280229806900024 0.06282100081443787 0.08173400163650513
1 0.5172399878501892 0.7466049790382385 0.042670998722314835 0.07656899839639664
2 0.3655039966106415 0.25392699241638184 0.05624400079250336 0.07518000155687332
2 0.7912219762802124 0.6003400087356567 0.06229700148105621 0.08454100042581558
1 0.5038959980010986 0.8446300029754639 0.05454200133681297 0.07206100225448608
1 0.6694949865341187 0.8111289739608765 0.05596400052309036 0.0770609974861145
2 0.6078680157661438 0.5102739930152893 0.04936600103974342 0.07250899821519852
2 0.6037970185279846 0.3904399871826172 0.06101199984550476 0.07948599755764008
2 0.5413039922714233 0.4817039966583252 0.06122799962759018 0.08169099688529968
2 0.6587510108947754 0.5059049725532532 0.05075899884104729 0.06842800229787827
2 0.31902799010276794 0.12760500609874725 0.04365599900484085 0.06008400022983551
2 0.22243499755859375 0.29259198904037476 0.043122000992298126 0.05697000026702881
2 0.13385100662708282 0.635138988494873 0.04827599972486496 0.058469001203775406
2 0.4647049903869629 0.801268994808197 0.06014300137758255 0.07905200123786926
2 0.17555899918079376 0.8681010007858276 0.04706000164151192 0.06405399739742279
1 0.6223170161247253 0.8457379937171936 0.06294699758291245 0.0840499997138977
1 0.19238699972629547 0.7868549823760986 0.05091400071978569 0.07169099897146225
2 0.3100990056991577 0.8886899948120117 0.06820899993181229 0.08358699828386307
2 0.029841000214219093 0.3967919945716858 0.03925099968910217 0.050002001225948334
2 0.31051400303840637 0.6438660025596619 0.06564699858427048 0.09085699915885925
2 0.23627300560474396 0.7705249786376953 0.05226700007915497 0.07167000323534012
1 0.7540799975395203 0.8522539734840393 0.05038199946284294 0.061204999685287476
2 0.293040007352829 0.954846978187561 0.043317001312971115 0.05793200060725212
1 0.16405700147151947 0.730417013168335 0.05535700172185898 0.06771700084209442
2 0.5073660016059875 0.44595399498939514 0.05359699949622154 0.0784899964928627
2 0.10116799920797348 0.5547749996185303 0.04532499983906746 0.07844500243663788
1 0.5561180114746094 0.8417720198631287 0.041620999574661255 0.060506999492645264
1 0.4643020033836365 0.8019109964370728 0.05993599817156792 0.07380300015211105
2 0.48882898688316345 0.5708190202713013 0.04457699880003929 0.05693399906158447
1 0.5669329762458801 0.5411990284919739 0.05983699858188629 0.07015399634838104
1 0.5051779747009277 0.4493130147457123 0.05393499881029129 0.07835499942302704
2 0.20840099453926086 0.10382500290870667 0.035363998264074326 0.04452100023627281
1 0.7370390295982361 0.7930099964141846 0.06400100141763687 0.0760129988193512
2 0.19178099930286407 0.7864189743995667 0.05127299949526787 0.07064100354909897
1 0.31053799390792847 0.8894400000572205 0.06765799969434738 0.08377499878406525
1 0.6036459803581238 0.38845399022102356 0.06194400042295456 0.08377300202846527
2 0.20860500633716583 0.21882599592208862 0.03373099863529205 0.0483970008790493
1 0.5402950048446655 0.4811890125274658 0.06107399985194206 0.08172199875116348
1 0.0315449982881546 0.6169059872627258 0.045667000114917755 0.052003998309373856
2 0.6206719875335693 0.845553994178772 0.06316500157117844 0.09119399636983871
1 0.17639799416065216 0.6763560175895691 0.04927999898791313 0.05672600120306015
2 0.01808900013566017 0.16413600742816925 0.029054999351501465 0.03485700115561485
2 0.1893479973077774 0.3844299912452698 0.04050099849700928 0.05956900119781494
2 0.38109898567199707 0.8726639747619629 0.060541000217199326 0.07914000004529953
1 0.3424049913883209 0.8131930232048035 0.05542600154876709 0.07801900058984756
2 0.45117899775505066 0.4592689871788025 0.04465499892830849 0.06272099912166595
2 0.15606999397277832 0.17310799658298492 0.0319879986345768 0.0406700000166893
1 0.6092680096626282 0.5128840208053589 0.045506998896598816 0.07236800342798233
2 0.08351399749517441 0.5541179776191711 0.07439400255680084 0.08297199755907059
2 0.6110230088233948 0.008590999990701675 0.07385099679231644 0.017180999740958214
1 0.7144880294799805 0.8344870209693909 0.04270000010728836 0.06934600323438644
1 0.13431699573993683 0.634706974029541 0.048193998634815216 0.057638999074697495
