1 0.22065499424934387 0.5978559851646423 0.05890500172972679 0.06980600208044052
2 0.29421699047088623 0.37573298811912537 0.06837199628353119 0.08535700291395187
2 0.4608980119228363 0.4374530017375946 0.06276199966669083 0.08053000271320343
2 0.7353950142860413 0.5445050001144409 0.05880099907517433 0.08005700260400772
2 0.9154360294342041 0.3660129904747009 0.06350599974393845 0.07992500066757202
2 0.052264001220464706 0.10053999722003937 0.056609999388456345 0.07136999815702438
2 0.5117049813270569 0.36195099353790283 0.06189199909567833 0.08399400115013123
2 0.4510889947414398 0.560604989528656 0.06097099930047989 0.07853899896144867
2 0.060036998242139816 0.559723973274231 0.05521300062537193 0.07033299654722214
1 0.5012900233268738 0.28396299481391907 0.06019899994134903 0.07894100248813629
1 0.4448759853839874 0.23911799490451813 0.06040399894118309 0.0898440033197403
2 0.8776689767837524 0.28870099782943726 0.06119399890303612 0.08048400282859802
2 0.3149760067462921 0.04111900180578232 0.0642319992184639 0.08223699778318405
1 0.46130600571632385 0.6374959945678711 0.05044599995017052 0.06565000116825104
2 0.823166012763977 0.4624499976634979 0.05556299909949303 0.07054699957370758
2 0.029298000037670135 0.6042400002479553 0.05503600090742111 0.08307000249624252
1 0.557112991809845 0.2615300118923187 0.0629189983010292 0.08212099969387054
1 0.29472801089286804 0.293287992477417 0.05767799913883209 0.07127600163221359
2 0.040522001683712006 0.038759998977184296 0.05593499913811684 0.062146998941898346
2 0.8064110279083252 0.5306259989738464 0.05549599975347519 0.07391999661922455
1 0.34005099534988403 0.14477400481700897 0.059790998697280884 0.07850299775600433
1 0.23003800213336945 0.932735025882721 0.04020300135016441 0.049146998673677444
2 0.8199970126152039 0.27099698781967163 0.05695100128650665 0.07283899933099747
2 0.3974530100822449 0.3397899866104126 0.05955199897289276 0.07183600217103958
2 0.27599701285362244 0.23212899267673492 0.05762099847197533 0.07844900339841843
2 0.09556999802589417 0.6288930177688599 0.06254299730062485 0.08164200186729431
2 0.22258900105953217 0.6718279719352722 0.0425340011715889 0.07690200209617615
2 0.2592270076274872 0.6782349944114685 0.05890100076794624 0.08018600195646286
1 0.1878660023212433 0.5349140167236328 0.06333400309085846 0.07291100174188614
2 0.10116499662399292 0.02863300032913685 0.05395499989390373 0.0572660006582737
2 0.7659400105476379 0.49166300892829895 0.04654800146818161 0.06093199923634529
1 0.84067302942276 0.9136630296707153 0.04814299941062927 0.05955599993467331
2 0.09109599888324738 0.11350999772548676 0.04863100126385689 0.07016900181770325
1 0.5044299960136414 0.48512598872184753 0.049205999821424484 0.07132799923419952
1 0.33979299664497375 0.5952460169792175 0.061083998531103134 0.0833979994058609
2 0.3379890024662018 0.595874011516571 0.0635870024561882 0.08743199706077576
1 0.2904149889945984 0.13989399373531342 0.05796099826693535 0.0861779972910881
1 0.04169199988245964 0.35313498973846436 0.06768400222063065 0.08872400224208832
1 0.38553300499916077 0.5731220245361328 0.0519849993288517 0.0773250013589859
1 0.11100299656391144 0.8951110243797302 0.036733001470565796 0.04433500021696091
1 0.27698299288749695 0.2308730036020279 0.06189100071787834 0.08227899670600891
2 0.9856500029563904 0.5418969988822937 0.028699999675154686 0.06376499682664871
2 0.18806900084018707 0.5350069999694824 0.06427399814128876 0.0752979964017868
1 0.35754600167274475 0.8555110096931458 0.04865400120615959 0.05738399922847748
2 0.009850000031292439 0.029177000746130943 0.019533999264240265 0.05766800045967102
1 0.4244379997253418 0.6256510019302368 0.04421599954366684 0.06363900005817413
1 0.23670099675655365 0.4827690124511719 0.05282700061798096 0.08444900065660477
2 0.24040399491786957 0.19537700712680817 0.04744900017976761 0.06654000282287598
2 0.04119899868965149 0.35405999422073364 0.06718099862337112 0.08655399829149246
1 0.11874199658632278 0.4640679955482483 0.05783100053668022 0.0650859996676445
1 0.2654249966144562 0.9726700186729431 0.03576600179076195 0.046167001128196716
2 0.3866029977798462 0.2708429992198944 0.05044599995017052 0.0636489987373352
2 0.027584999799728394 0.4069809913635254 0.047958001494407654 0.06490200012922287
