1 0.478071004152298 0.7261210083961487 0.05381999909877777 0.068231001496315
2 0.3649030029773712 0.952472984790802 0.05774199962615967 0.07527299970388412
1 0.15220800042152405 0.7646499872207642 0.059709999710321426 0.0708639994263649
1 0.017254000529646873 0.8970819711685181 0.03450699895620346 0.0818530023097992
2 0.5697649717330933 0.8449910283088684 0.059369999915361404 0.07480400055646896
1 0.5628049969673157 0.6931059956550598 0.05111299827694893 0.06038999930024147
1 0.34178298711776733 0.8002189993858337 0.05118799954652786 0.0693959966301918
2 0.7835500240325928 0.7267159819602966 0.0540350005030632 0.06683500111103058
2 0.3542180061340332 0.2091210037469864 0.04878100007772446 0.05508900061249733
1 0.5606819987297058 0.7455649971961975 0.04729999974370003 0.05794600024819374
2 0.37175101041793823 0.7157130241394043 0.06236499920487404 0.08376099914312363
2 0.32277700304985046 0.8875120282173157 0.05081599950790405 0.06954299658536911
1 0.46369001269340515 0.8554450273513794 0.04842900112271309 0.0634400025010109
2 0.397146999835968 0.18282899260520935 0.044047001749277115 0.04981200024485588
1 0.5244460105895996 0.7788050174713135 0.053307000547647476 0.07345099747180939
1 0.47798600792884827 0.6783499717712402 0.05900600180029869 0.05977100133895874
1 0.40893998742103577 0.9007400274276733 0.04712300002574921 0.06417900323867798
2 0.7365239858627319 0.6477469801902771 0.05257299914956093 0.0672290027141571
1 0.3727169930934906 0.7164099812507629 0.06254400312900543 0.0808899998664856
1 0.36077699065208435 0.8734369874000549 0.04201300069689751 0.06000800058245659
1 0.4829789996147156 0.7851769924163818 0.037300001829862595 0.047157999128103256
1 0.20499500632286072 0.9457370042800903 0.04516899958252907 0.06151200085878372
2 0.7537909746170044 0.5725499987602234 0.05255499854683876 0.066382996737957
1 0.18014399707317352 0.9240350127220154 0.04300399869680405 0.061608001589775085
