2 0.5203239917755127 0.3074510097503662 0.05900900065898895 0.07547400146722794
1 0.14672799408435822 0.25798100233078003 0.06384199857711792 0.08042199909687042
2 0.26714301109313965 0.42763200402259827 0.058428000658750534 0.07740899920463562
2 0.029167000204324722 0.5256789922714233 0.058334000408649445 0.0818680003285408
1 0.2541170120239258 0.3052409887313843 0.05230899900197983 0.07254599779844284
1 0.20021100342273712 0.3171679973602295 0.06462399661540985 0.07880900055170059
2 0.4655350148677826 0.21644799411296844 0.05933000147342682 0.07679600268602371
2 0.3089759945869446 0.4568609893321991 0.04938200116157532 0.07005199790000916
2 0.7651469707489014 0.9372810125350952 0.047958001494407654 0.05985499918460846
1 0.2603909969329834 0.24197299778461456 0.0560699999332428 0.06217600032687187
1 0.7448850274085999 0.8267549872398376 0.047047000378370285 0.05373699963092804
1 0.01639300025999546 0.36125800013542175 0.03278600051999092 0.08256799727678299
1 0.7424769997596741 0.7765759825706482 0.058393001556396484 0.053598999977111816
1 0.02729799970984459 0.23388800024986267 0.054597001522779465 0.08517000079154968
2 0.16400399804115295 0.4620479941368103 0.05831800028681755 0.07627099752426147
2 0.1511559933423996 0.2119469940662384 0.060736000537872314 0.07106100022792816
1 0.508683979511261 0.7135180234909058 0.05034099891781807 0.05638299882411957
1 0.09967800229787827 0.49974000453948975 0.05243999883532524 0.06976699829101562
1 0.46654000878334045 0.21588200330734253 0.059321001172065735 0.07579199969768524
1 0.5852199792861938 0.7279000282287598 0.0501520000398159 0.06007400155067444
2 0.02271600067615509 0.6735360026359558 0.04543200135231018 0.073232002556324
2 0.028967000544071198 0.4576230049133301 0.053932998329401016 0.0671209990978241
2 0.23285800218582153 0.3784480094909668 0.05328400060534477 0.06828399747610092
2 0.028171999379992485 0.23347699642181396 0.05634300038218498 0.0904809981584549
1 0.7261229753494263 0.9285110235214233 0.04891800135374069 0.06350000202655792
1 0.022721000015735626 0.6742429733276367 0.04544299840927124 0.07412099838256836
2 0.48738598823547363 0.13617399334907532 0.06055999919772148 0.07002799957990646
1 0.23302200436592102 0.37986698746681213 0.05217299982905388 0.06910199671983719
1 0.02848600037395954 0.4564180076122284 0.05467600002884865 0.06696700304746628
2 0.10033699870109558 0.5002530217170715 0.051750000566244125 0.0690310001373291
1 0.15298500657081604 0.21003499627113342 0.06371700018644333 0.06877999752759933
1 0.5416100025177002 0.7177839875221252 0.035291001200675964 0.053119998425245285
2 0.5521180033683777 0.7842779755592346 0.04614099860191345 0.06158199906349182
1 0.2187120020389557 0.23588499426841736 0.0410350002348423 0.06070400029420853
1 0.7277340292930603 0.7783960103988647 0.07122600078582764 0.05806899815797806
1 0.7510489821434021 0.775871992111206 0.03982299938797951 0.054127998650074005
