2 0.787788987159729 0.5943490266799927 0.03143699839711189 0.040748998522758484
2 0.7141410112380981 0.3683930039405823 0.02853499911725521 0.0326789990067482
2 0.6844760179519653 0.36111998558044434 0.027522999793291092 0.034547001123428345
2 0.39120298624038696 0.6080830097198486 0.025242000818252563 0.033900000154972076
1 0.8137770295143127 0.729981005191803 0.037870001047849655 0.046785999089479446
2 0.3725920021533966 0.6556850075721741 0.025388000532984734 0.03030800074338913
2 0.7777739763259888 0.43025198578834534 0.024091999977827072 0.03140300139784813
1 0.9228339791297913 0.991133987903595 0.04946700111031532 0.017570000141859055
2 0.8366590142250061 0.16918599605560303 0.020376000553369522 0.024968000128865242
2 0.573468029499054 0.012476000003516674 0.025926999747753143 0.024952000007033348
2 0.828199028968811 0.17807699739933014 0.022501999512314796 0.027377000078558922
