2 0.5114160180091858 0.4227829873561859 0.08644899725914001 0.10657799988985062
2 0.1597130000591278 0.1509850025177002 0.08957300335168839 0.1077369973063469
2 0.6624580025672913 0.5515959858894348 0.08725699782371521 0.11194399744272232
2 0.7190279960632324 0.655040979385376 0.09376999735832214 0.1141979992389679
2 0.039239998906850815 0.49724099040031433 0.07847999781370163 0.09828300029039383
2 0.2612740099430084 0.9267719984054565 0.08414600044488907 0.10465800017118454
2 0.2355930060148239 0.0333780013024807 0.09023699909448624 0.06675499677658081
2 0.5805100202560425 0.6341140270233154 0.07609400153160095 0.10160800069570541
2 0.6379719972610474 0.743615984916687 0.08014599978923798 0.08566500246524811
2 0.34824100136756897 0.8003849983215332 0.08427099883556366 0.10412000119686127
2 0.5030850172042847 0.9606720209121704 0.0817829966545105 0.07865700125694275
2 0.5256069898605347 0.9037719964981079 0.08394800126552582 0.09410899877548218
1 0.34894099831581116 0.7998669743537903 0.08245600014925003 0.10387100279331207
0 0.9545739889144897 0.3304640054702759 0.07996200025081635 0.1367889940738678
