2 0.46011999249458313 0.16700400412082672 0.09847299754619598 0.11836499720811844
2 0.5487319827079773 0.7183510065078735 0.12047100067138672 0.14372199773788452
2 0.2233549952507019 0.5005829930305481 0.08468800038099289 0.10192800313234329
2 0.40634700655937195 0.06969200074672699 0.08733399957418442 0.11736100167036057
2 0.3179369866847992 0.16531400382518768 0.08073599636554718 0.10590200126171112
2 0.06674899905920029 0.33073198795318604 0.09145499765872955 0.10934600234031677
0 0.7943729758262634 0.7685670256614685 0.11393699795007706 0.14623799920082092
2 0.2508479952812195 0.44435301423072815 0.0851769968867302 0.09676799923181534
2 0.3515250086784363 0.791496992111206 0.10767000168561935 0.11766999959945679
2 0.008756999857723713 0.46088701486587524 0.01744700036942959 0.1021530032157898
