2 0.42647600173950195 0.3936670124530792 0.06592699885368347 0.0845709964632988
2 0.08122999966144562 0.6948570013046265 0.054044999182224274 0.06943699717521667
2 0.5917369723320007 0.45597100257873535 0.06141600012779236 0.08073300123214722
2 0.08688099682331085 0.8374500274658203 0.047467999160289764 0.05887899920344353
2 0.8681640028953552 0.564640998840332 0.06148499995470047 0.08172500133514404
2 0.9583079814910889 0.48573699593544006 0.05534999817609787 0.07306700199842453
1 0.577301025390625 0.25679200887680054 0.06306599825620651 0.0890209972858429
1 0.3514139950275421 0.6114230155944824 0.0580810010433197 0.07305499911308289
2 0.2281460016965866 0.6416749954223633 0.061197999864816666 0.07976000010967255
2 0.19337700307369232 0.5705549716949463 0.05533500015735626 0.06937699764966965
2 0.5278170108795166 0.3593530058860779 0.05764000117778778 0.07440599799156189
2 0.15829600393772125 0.6206799745559692 0.05545699968934059 0.08446300029754639
2 0.5797449946403503 0.5772929787635803 0.05936000123620033 0.07668600231409073
2 0.6433820128440857 0.381538987159729 0.06327299773693085 0.08488400280475616
2 0.4667840003967285 0.6137700080871582 0.06376100331544876 0.083467997610569
2 0.11822599917650223 0.7644990086555481 0.044888000935316086 0.060750000178813934
2 0.9398400187492371 0.5497419834136963 0.0605349987745285 0.08206500113010406
1 0.47361698746681213 0.16327400505542755 0.06153399869799614 0.07892599701881409
2 0.9562209844589233 0.29217401146888733 0.061156000941991806 0.07702100276947021
1 0.036281000822782516 0.5465819835662842 0.05103600025177002 0.06582599878311157
2 0.38982200622558594 0.6983109712600708 0.06456399708986282 0.08128699660301208
1 0.35491499304771423 0.9431489706039429 0.04061700031161308 0.05090700089931488
2 0.4493899941444397 0.06310000270605087 0.06193599849939346 0.08172900229692459
1 0.6372489929199219 0.30428600311279297 0.05548600107431412 0.07583700120449066
1 0.36985599994659424 0.500669002532959 0.0473329983651638 0.08043300360441208
1 0.42463698983192444 0.15780000388622284 0.0584850013256073 0.08191300183534622
1 0.4843429923057556 0.8717150092124939 0.04707900062203407 0.05645100027322769
2 0.35078901052474976 0.6865050196647644 0.040415000170469284 0.07437799870967865
1 0.5158529877662659 0.589057981967926 0.053488001227378845 0.0760900005698204
1 0.409512996673584 0.2500079870223999 0.05385100096464157 0.07728800177574158
2 0.017254000529646873 0.6488329768180847 0.03450800105929375 0.06315899640321732
1 0.6895470023155212 0.2833229899406433 0.06363599747419357 0.08088800311088562
2 0.12805500626564026 0.039608001708984375 0.05641999840736389 0.06722500175237656
1 0.587548017501831 0.6527109742164612 0.05266999825835228 0.06615000218153
2 0.01905900053679943 0.4914500117301941 0.03811800107359886 0.06878399848937988
2 0.3225899934768677 0.5498510003089905 0.06015300005674362 0.07557199895381927
2 0.19008000195026398 0.11876299977302551 0.05525999888777733 0.06937699764966965
2 0.08242399990558624 0.5389930009841919 0.05040799826383591 0.06435800343751907
2 0.4271079897880554 0.30848899483680725 0.057670000940561295 0.07135599851608276
1 0.470425009727478 0.29446300864219666 0.044512998312711716 0.07013300061225891
1 0.42662400007247925 0.310137003660202 0.05669499933719635 0.07313700020313263
1 0.24472300708293915 0.9051799774169922 0.04370100051164627 0.04796700179576874
2 0.8969939947128296 0.5133519768714905 0.04671100154519081 0.06513399630784988
2 0.17954300343990326 0.37212100625038147 0.0661420002579689 0.08268599957227707
1 0.9078699946403503 0.9499599933624268 0.04939299821853638 0.05899300053715706
1 0.6336249709129333 0.5018349885940552 0.04702100157737732 0.0704289972782135
1 0.44906601309776306 0.06311599910259247 0.0629969984292984 0.08179400116205215
1 0.2361849993467331 0.03962099924683571 0.05577399954199791 0.06707900017499924
2 0.16430699825286865 0.011361000128090382 0.06211400032043457 0.022722000256180763
2 0.9818029999732971 0.32880499958992004 0.03204699978232384 0.06497599929571152
2 0.17797799408435822 0.05777600035071373 0.05313799902796745 0.060812998563051224
1 0.37533900141716003 0.21325500309467316 0.04454899951815605 0.06547500193119049
1 0.39171499013900757 0.978236973285675 0.03488299995660782 0.04352699965238571
2 0.23523899912834167 0.0398080013692379 0.054019998759031296 0.06676100194454193
1 0.17899799346923828 0.37224000692367554 0.0668879970908165 0.08444999903440475
2 0.36950498819351196 0.5006999969482422 0.047756001353263855 0.07979200035333633
2 0.0701339989900589 0.5863950252532959 0.04447700083255768 0.054090000689029694
1 0.5183619856834412 0.2885029911994934 0.0496239997446537 0.06608299911022186
2 0.9873830080032349 0.28740599751472473 0.025234999135136604 0.0722699984908104
2 0.9882569909095764 0.3383159935474396 0.023485999554395676 0.0698150023818016
2 0.22478899359703064 0.133432999253273 0.04500700160861015 0.06828100234270096
1 0.010913999751210213 0.5853340029716492 0.021633999422192574 0.07014700025320053
1 0.32328298687934875 0.5496439933776855 0.06352700293064117 0.07398299872875214
2 0.024821000173687935 0.4486039876937866 0.04721299931406975 0.05853499844670296
2 0.37607499957084656 0.21472199261188507 0.04955099895596504 0.06800100207328796
