2 0.27382001280784607 0.5504339933395386 0.070872001349926 0.08889800310134888
2 0.4534429907798767 0.5976979732513428 0.06281600147485733 0.08349599689245224
2 0.027228999882936478 0.27049699425697327 0.054457999765872955 0.07842499762773514
2 0.9006320238113403 0.4038349986076355 0.059324000030756 0.07466000318527222
2 0.762021005153656 0.6740880012512207 0.06164399906992912 0.0865430012345314
2 0.9383839964866638 0.48502299189567566 0.06655199825763702 0.08566000312566757
1 0.4261209964752197 0.39234399795532227 0.0641539990901947 0.08607900142669678
2 0.8462120294570923 0.5896700024604797 0.06317999958992004 0.08025100082159042
2 0.26113200187683105 0.8593659996986389 0.06496799737215042 0.08608400076627731
2 0.8356189727783203 0.655135989189148 0.06620299816131592 0.08081799745559692
1 0.48559701442718506 0.4425790011882782 0.06051500141620636 0.08257000148296356
2 0.45759499073028564 0.7131879925727844 0.06353999674320221 0.08444000035524368
2 0.2731960117816925 0.20359499752521515 0.06801600009202957 0.0864579975605011
1 0.2758370041847229 0.45842498540878296 0.06133899837732315 0.07470399886369705
2 0.3375459909439087 0.7688289880752563 0.06307400017976761 0.08398199826478958
2 0.8314160108566284 0.3883329927921295 0.060534000396728516 0.08322399854660034
2 0.5023109912872314 0.5192840099334717 0.0640759989619255 0.08700399845838547
2 0.37883898615837097 0.5044639706611633 0.06552000343799591 0.0783419981598854
1 0.3081670105457306 0.3027760088443756 0.06542699784040451 0.08237600326538086
2 0.05167499929666519 0.7492679953575134 0.06052599847316742 0.08154000341892242
1 0.5407789945602417 0.41410699486732483 0.0681380033493042 0.08513899892568588
2 0.8643670082092285 0.41914600133895874 0.03902199864387512 0.05932699888944626
2 0.09776200354099274 0.8090620040893555 0.06283300369977951 0.08308900147676468
1 0.24565400183200836 0.40269699692726135 0.057750001549720764 0.07918000221252441
1 0.041397999972105026 0.07150200009346008 0.0655049979686737 0.08234000205993652
2 0.8902930021286011 0.359732985496521 0.06151999905705452 0.06719700247049332
1 0.22210800647735596 0.6723200082778931 0.047297000885009766 0.08305499702692032
1 0.6395350098609924 0.07595299929380417 0.06729400157928467 0.07471399754285812
2 0.6382759809494019 0.07668200135231018 0.06476599723100662 0.07523199915885925
1 0.01668200083076954 0.5765349864959717 0.03102700039744377 0.10796999931335449
2 0.009910999797284603 0.9717739820480347 0.01880200020968914 0.05645100027322769
1 0.26131701469421387 0.29817700386047363 0.05589799955487251 0.08469700068235397
2 0.019058000296354294 0.20190399885177612 0.038116998970508575 0.06484399735927582
2 0.2756290137767792 0.4560370147228241 0.06125599890947342 0.07505100220441818
1 0.5162400007247925 0.6229159832000732 0.05621600151062012 0.0742729976773262
1 0.3900260031223297 0.734516978263855 0.060784999281167984 0.07879400253295898
2 0.02566700056195259 0.8983439803123474 0.0458500012755394 0.061055999249219894
1 0.21816399693489075 0.7753239870071411 0.05724700167775154 0.07253699749708176
2 0.17010100185871124 0.7347379922866821 0.06445600092411041 0.08052100241184235
2 0.01743300072848797 0.8306509852409363 0.03486600145697594 0.09096699953079224
1 0.372063010931015 0.42231500148773193 0.05263900011777878 0.07406099885702133
2 0.2193019986152649 0.7763220071792603 0.055691998451948166 0.07169699668884277
2 0.04138699918985367 0.07066799700260162 0.06561599671840668 0.08267699927091599
1 0.32168999314308167 0.43231499195098877 0.04934899881482124 0.07641500234603882
1 0.052604999393224716 0.7501739859580994 0.05855200067162514 0.08004999905824661
1 0.20983900129795074 0.3649280071258545 0.05108899995684624 0.07688900083303452
2 0.8182970285415649 0.4643610119819641 0.04349999874830246 0.06412500143051147
1 0.01726900041103363 0.13145700097084045 0.034040000289678574 0.07587099820375443
2 0.19200800359249115 0.4950230121612549 0.05031700059771538 0.061563000082969666
2 0.22234100103378296 0.669871985912323 0.04675700142979622 0.07831799983978271
1 0.39417898654937744 0.9855729937553406 0.052351001650094986 0.027960000559687614
2 0.3209410011768341 0.43111100792884827 0.050999000668525696 0.07444900274276733
1 0.17175300419330597 0.7335169911384583 0.062345001846551895 0.07989999651908875
1 0.07017499953508377 0.17210599780082703 0.051134999841451645 0.06950599700212479
1 0.019113000482320786 0.20130300521850586 0.03725999966263771 0.06717599928379059
1 0.09764000028371811 0.8098250031471252 0.0640299990773201 0.08265899866819382
2 0.26209598779678345 0.2974439859390259 0.05751299858093262 0.08142399787902832
1 0.2781049907207489 0.3908349871635437 0.03816400095820427 0.05739999935030937
2 0.37318500876426697 0.4233430027961731 0.0530179999768734 0.07147800177335739
