2 0.6554409861564636 0.44508299231529236 0.06426800042390823 0.08647499978542328
1 0.5914289951324463 0.6660410165786743 0.0552930012345314 0.0677189975976944
2 0.35728299617767334 0.896586000919342 0.04447999969124794 0.05593099817633629
2 0.3435400128364563 0.7576770186424255 0.0506649985909462 0.0685420036315918
2 0.8239690065383911 0.5008609890937805 0.0640529990196228 0.08135499805212021
1 0.801485002040863 0.3024570047855377 0.06329499930143356 0.08988499641418457
1 0.26642000675201416 0.5647730231285095 0.050060998648405075 0.06137600168585777
2 0.42135700583457947 0.19428299367427826 0.05422599986195564 0.06781300157308578
2 0.38418200612068176 0.8246219754219055 0.04132499918341637 0.05755700170993805
2 0.1162939965724945 0.3833869993686676 0.050613999366760254 0.06308300048112869
1 0.861640989780426 0.34547799825668335 0.05631300061941147 0.07762599736452103
2 0.6642420291900635 0.1173200011253357 0.06251399964094162 0.0852150022983551
1 0.9156079888343811 0.31862398982048035 0.06455899775028229 0.08004199713468552
1 0.8370919823646545 0.6994119882583618 0.05030199885368347 0.06654399633407593
2 0.1328659951686859 0.5369539856910706 0.047773998230695724 0.05777300149202347
2 0.4091910123825073 0.4391300082206726 0.06167899817228317 0.07986799627542496
2 0.7551910281181335 0.40716901421546936 0.05674700066447258 0.0756869986653328
2 0.6556940078735352 0.36318498849868774 0.0554950013756752 0.07008100301027298
2 0.8197519779205322 0.6229000091552734 0.06194299831986427 0.07978399842977524
2 0.8728920221328735 0.42195001244544983 0.06265400350093842 0.08029799908399582
2 0.27177101373672485 0.7183470129966736 0.04692000150680542 0.061326999217271805
2 0.36138299107551575 0.1224989965558052 0.047832001000642776 0.06026599928736687
2 0.6336619853973389 0.30730199813842773 0.055688001215457916 0.07637300342321396
1 0.8737050294876099 0.5445730090141296 0.05088900029659271 0.06901700049638748
1 0.29024600982666016 0.6160780191421509 0.044043999165296555 0.06092200055718422
2 0.43756699562072754 0.6366249918937683 0.05265999957919121 0.0743509978055954
1 0.28161901235580444 0.5237320065498352 0.04891899973154068 0.04978000000119209
1 0.1493549942970276 0.2758359909057617 0.047237999737262726 0.060210999101400375
2 0.33456701040267944 0.604066014289856 0.04663499817252159 0.06327600032091141
1 0.4443170130252838 0.026527000591158867 0.05594500154256821 0.053054001182317734
2 0.40081900358200073 0.6809689998626709 0.05320800095796585 0.0784749984741211
1 0.55560302734375 0.6070259809494019 0.056940000504255295 0.07594600319862366
1 0.7553550004959106 0.6374710202217102 0.05339900031685829 0.07358500361442566
2 0.23291300237178802 0.6799539923667908 0.046620000153779984 0.0671830028295517
1 0.6265760064125061 0.9871439933776855 0.050749000161886215 0.02571200020611286
2 0.6006140112876892 0.27466800808906555 0.0478769987821579 0.06806600093841553
2 0.4651939868927002 0.1144620031118393 0.05194000154733658 0.06997600197792053
1 0.693917989730835 0.21711400151252747 0.05842500180006027 0.0760670006275177
2 0.4096750020980835 0.1371760070323944 0.049008000642061234 0.060446999967098236
2 0.4733389914035797 0.7003960013389587 0.060903001576662064 0.07831300050020218
1 0.7060179710388184 0.6629049777984619 0.05927199870347977 0.08542899787425995
1 0.6259689927101135 0.7482699751853943 0.0602089986205101 0.07692199945449829
1 0.7998390197753906 0.6876819729804993 0.0440949983894825 0.0643410012125969
1 0.4376319944858551 0.6380770206451416 0.05137600004673004 0.07394299656152725
1 0.2527419924736023 0.655767023563385 0.049550000578165054 0.057773999869823456
2 0.7056400179862976 0.6655160188674927 0.06018500030040741 0.08091100305318832
2 0.6464229822158813 0.2165209949016571 0.05286499857902527 0.07996299862861633
2 0.4577159881591797 0.2079939991235733 0.04261200129985809 0.06553900241851807
2 0.3945150077342987 0.07342600077390671 0.05131800100207329 0.068121999502182
1 0.6561689972877502 0.366102010011673 0.05558000132441521 0.06793999671936035
1 0.6639969944953918 0.7527629733085632 0.03962500020861626 0.0634090006351471
1 0.1412860006093979 0.48301398754119873 0.043251000344753265 0.05121700093150139
1 0.7397890090942383 0.918766975402832 0.047630999237298965 0.057130999863147736
2 0.6008480191230774 0.5529630184173584 0.049251001328229904 0.08071199804544449
2 0.7462980151176453 0.33791300654411316 0.04994099959731102 0.06514900177717209
1 0.6432979702949524 0.6867849826812744 0.04344499856233597 0.05325400084257126
2 0.20980800688266754 0.41104599833488464 0.04630900174379349 0.06958500295877457
2 0.24999499320983887 0.658266007900238 0.055994000285863876 0.06274999678134918
1 0.6003860235214233 0.5532079935073853 0.050762999802827835 0.08076400309801102
1 0.6339160203933716 0.3069060146808624 0.05662500113248825 0.07782600075006485
1 0.3958680033683777 0.07388400286436081 0.05459799990057945 0.06980500370264053
1 0.4757089912891388 0.7027429938316345 0.059487998485565186 0.07601000368595123
1 0.1298840045928955 0.31394699215888977 0.03465599939227104 0.040150001645088196
1 0.4857519865036011 0.5451989769935608 0.048315998166799545 0.06118600070476532
2 0.6228839755058289 0.7481849789619446 0.07018499821424484 0.08446399867534637
1 0.2373879998922348 0.5188630223274231 0.04602900147438049 0.05585600063204765
1 0.6995670199394226 0.34686899185180664 0.042785998433828354 0.06866899877786636
2 0.14754299819469452 0.4141770005226135 0.034699998795986176 0.044879000633955
2 0.07945200055837631 0.47279199957847595 0.027820000424981117 0.03449900075793266
1 0.21371400356292725 0.4098770022392273 0.03988699987530708 0.067112997174263
1 0.17292200028896332 0.5023630261421204 0.03268799930810928 0.051555000245571136
2 0.17418600618839264 0.4169679880142212 0.03632200136780739 0.045572999864816666
2 0.23995399475097656 0.6702449917793274 0.05964700132608414 0.07855899631977081
2 0.6999980211257935 0.34651198983192444 0.043219998478889465 0.06829199939966202
2 0.13037100434303284 0.3140209913253784 0.034887999296188354 0.03928299993276596
2 0.3269209861755371 0.649770975112915 0.036924999207258224 0.04567199945449829
