2 0.6582990288734436 0.5019440054893494 0.06370999664068222 0.07956399768590927
2 0.10113699734210968 0.5902919769287109 0.06605400145053864 0.09082899987697601
2 0.8898770213127136 0.4259920120239258 0.07244899868965149 0.09227800369262695
2 0.613519012928009 0.43750301003456116 0.05982799828052521 0.07498600333929062
1 0.7962729930877686 0.2514820098876953 0.06301899999380112 0.0818609967827797
2 0.13269400596618652 0.5283380150794983 0.05865800008177757 0.07662999629974365
2 0.7685229778289795 0.44129499793052673 0.05378900095820427 0.0718030035495758
1 0.88993901014328 0.29640400409698486 0.051017001271247864 0.07474199682474136
2 0.18414700031280518 0.49904999136924744 0.06810999661684036 0.08208700269460678
1 0.4606899917125702 0.8190209865570068 0.048298001289367676 0.06006599962711334
2 0.6215620040893555 0.6323800086975098 0.049685999751091 0.06939099729061127
1 0.4330280125141144 0.28904101252555847 0.06412400305271149 0.07526800036430359
2 0.1846500039100647 0.5747339725494385 0.06870000064373016 0.08174499869346619
2 0.22311300039291382 0.30466100573539734 0.07471100240945816 0.0832270011305809
2 0.2648699879646301 0.3871710002422333 0.06928899884223938 0.08689799904823303
2 0.14682899415493011 0.3797230124473572 0.0650779977440834 0.07989999651908875
2 0.1572130024433136 0.28453201055526733 0.06718599796295166 0.08529900014400482
1 0.8449710011482239 0.3110080063343048 0.06148900091648102 0.08291400223970413
2 0.6760740280151367 0.2202730029821396 0.06641600281000137 0.08338800072669983
1 0.637686014175415 0.3400479853153229 0.058584000915288925 0.07595299929380417
2 0.6577510237693787 0.4288269877433777 0.04291599988937378 0.061524998396635056
1 0.8953419923782349 0.23247100412845612 0.06011800095438957 0.0577239990234375
2 0.853905975818634 0.37560799717903137 0.05483600124716759 0.062206998467445374
2 0.6376910209655762 0.3352369964122772 0.058003999292850494 0.08151800185441971
1 0.30574899911880493 0.958840012550354 0.047600001096725464 0.06321600079536438
1 0.5768399834632874 0.591729998588562 0.05351100116968155 0.06386300176382065
2 0.7077280282974243 0.4743410050868988 0.04816100001335144 0.06774800270795822
1 0.6762359738349915 0.2192540019750595 0.0673770010471344 0.08180200308561325
0 0.8908370137214661 0.7149739861488342 0.03117699921131134 0.03744500130414963
1 0.42031601071357727 0.8128349781036377 0.045917998999357224 0.05415499955415726
2 0.7923300266265869 0.19780999422073364 0.057378001511096954 0.06179799884557724
1 0.7983329892158508 0.19699299335479736 0.06544099748134613 0.06204599887132645
1 0.7993379831314087 0.316989004611969 0.04339199885725975 0.060509998351335526
2 0.5805529952049255 0.6525539755821228 0.05270100012421608 0.0668179988861084
2 0.23991000652313232 0.2604280114173889 0.06252200156450272 0.0657849982380867
2 0.19840499758720398 0.32017698884010315 0.04259999841451645 0.08231700211763382
1 0.5800880193710327 0.6533929705619812 0.054037999361753464 0.06690700352191925
1 0.8552680015563965 0.22465699911117554 0.04946599900722504 0.06427200138568878
2 0.91703200340271 0.1897200047969818 0.04326000064611435 0.06035200133919716
