2 0.6744760274887085 0.4201450049877167 0.06630200147628784 0.08273199945688248
2 0.37048500776290894 0.8695480227470398 0.04441500082612038 0.056689001619815826
2 0.12976700067520142 0.3535259962081909 0.04938700050115585 0.06305699795484543
2 0.3583109974861145 0.7320110201835632 0.051555998623371124 0.06792700290679932
2 0.776157021522522 0.3802739977836609 0.059032998979091644 0.07347399741411209
1 0.7122099995613098 0.18759800493717194 0.06319700181484222 0.07863400131464005
1 0.9386780261993408 0.29295700788497925 0.06387300044298172 0.08210399746894836
1 0.8820170164108276 0.3181770145893097 0.05692899972200394 0.07527100294828415
1 0.2813290059566498 0.5367370247840881 0.04942600056529045 0.0619020015001297
1 0.6091030240058899 0.641480028629303 0.054586999118328094 0.07092499732971191
1 0.8227840065956116 0.2761549949645996 0.06381800025701523 0.09163200110197067
1 0.3079589903354645 0.5864949822425842 0.046831000596284866 0.06513699889183044
1 0.8548640012741089 0.6758869886398315 0.05114300176501274 0.06571000069379807
2 0.4391370117664337 0.16511200368404388 0.0549129992723465 0.06965500116348267
1 0.8941329717636108 0.518634021282196 0.0507580004632473 0.07326299697160721
2 0.1462019979953766 0.5073379874229431 0.04500399902462959 0.058768998831510544
1 0.2941589951515198 0.49478399753570557 0.04617900028824806 0.052003998309373856
1 0.6742680072784424 0.33809399604797363 0.05784299969673157 0.06943300366401672
2 0.39726099371910095 0.7980110049247742 0.04199500009417534 0.0585240013897419
1 0.7572100162506104 0.8969029784202576 0.046748001128435135 0.05869400128722191
1 0.4265480041503906 0.10655499994754791 0.04991599917411804 0.06058900058269501
1 0.7269020080566406 0.6390630006790161 0.0580889992415905 0.0782100036740303
1 0.8181689977645874 0.665785014629364 0.04111099988222122 0.06390500068664551
1 0.25078898668289185 0.49122700095176697 0.045049998909235 0.05515800043940544
1 0.6655799746513367 0.1859699934720993 0.054799001663923264 0.07766199856996536
2 0.8426690101623535 0.473129004240036 0.06339900195598602 0.08035200089216232
2 0.49019500613212585 0.6749709844589233 0.05925799906253815 0.08094800263643265
2 0.454135000705719 0.6101530194282532 0.05103899911046028 0.06964600086212158
1 0.7653599977493286 0.3096190094947815 0.051568999886512756 0.06375399976968765
1 0.6522279977798462 0.2796249985694885 0.05921199917793274 0.07841899991035461
1 0.6823009848594666 0.726760983467102 0.03872999921441078 0.06785999983549118
2 0.2684380114078522 0.6310150027275085 0.04905499890446663 0.06261999905109406
1 0.5744389891624451 0.5816100239753723 0.06071100011467934 0.07107599824666977
2 0.41354599595069885 0.6550279855728149 0.04606100171804428 0.07487799972295761
2 0.42660701274871826 0.410971999168396 0.05973900109529495 0.07946299761533737
2 0.15478700399398804 0.45232298970222473 0.043744999915361404 0.04911400005221367
1 0.7185450196266174 0.3184620141983032 0.04089700058102608 0.06980399787425995
1 0.7732070088386536 0.6135159730911255 0.05391699820756912 0.07608000189065933
2 0.24318799376487732 0.6515679955482483 0.032634999603033066 0.06231699883937836
2 0.4830850064754486 0.08360499888658524 0.05311499908566475 0.06879500299692154
1 0.8953229784965515 0.3984059989452362 0.06187799945473671 0.08092500269412994
1 0.37873199582099915 0.09320800006389618 0.05265599861741066 0.06712699681520462
1 0.6175169944763184 0.24470899999141693 0.04416399821639061 0.062470000237226486
1 0.6194589734077454 0.5293610095977783 0.04853399842977524 0.08037900179624557
1 0.35106098651885986 0.5758910179138184 0.046904001384973526 0.06350599974393845
2 0.22539199888706207 0.3830859959125519 0.04328500106930733 0.06431800127029419
1 0.6587139964103699 0.6623290181159973 0.04384800046682358 0.05255400016903877
1 0.8395270109176636 0.5981919765472412 0.06360799819231033 0.07775399833917618
2 0.8392819762229919 0.5992349982261658 0.0641850009560585 0.07922500371932983
2 0.6865280270576477 0.08933400362730026 0.059344999492168427 0.08046499639749527
1 0.6440849900245667 0.7244920134544373 0.0595409981906414 0.08223199844360352
2 0.725197970867157 0.6404899954795837 0.062137000262737274 0.07987099885940552
1 0.26949599385261536 0.6304979920387268 0.04646899923682213 0.06128900125622749
1 0.8426300287246704 0.47482699155807495 0.0656609982252121 0.08048000186681747
2 0.6450499892234802 0.7228209972381592 0.06607399880886078 0.08414299786090851
2 0.6194139719009399 0.5286790132522583 0.04892300069332123 0.08117800205945969
1 0.16468000411987305 0.24518999457359314 0.04487700015306473 0.06004000082612038
2 0.010235999710857868 0.09618400037288666 0.019495999440550804 0.03325499966740608
2 0.28563499450683594 0.6920959949493408 0.045736998319625854 0.05989599972963333
1 0.45511698722839355 0.6117669939994812 0.049894001334905624 0.07125300168991089
2 0.41318199038505554 0.04298999905586243 0.05331699922680855 0.0719280019402504
2 0.4751630127429962 0.17573699355125427 0.04276899993419647 0.06665199995040894
1 0.14271299540996552 0.28307899832725525 0.033806998282670975 0.0403439998626709
2 0.35151100158691406 0.5762580037117004 0.0473489984869957 0.06317199766635895
2 0.3777090013027191 0.09165500104427338 0.05121700093150139 0.06247299909591675
1 0.6378179788589478 0.9694200158119202 0.03605800122022629 0.04468899965286255
1 0.4817729890346527 0.08382800221443176 0.051562998443841934 0.06957899779081345
1 0.4679810106754303 0.011721000075340271 0.06735000014305115 0.023442000150680542
1 0.4153519868850708 0.04289500042796135 0.05503999814391136 0.07208999991416931
2 0.09192200005054474 0.44186699390411377 0.026859000325202942 0.03474599868059158
1 0.6860120296478271 0.08883000165224075 0.06038400158286095 0.08302199840545654
1 0.4680129885673523 0.015011999756097794 0.08066300302743912 0.03002299927175045
2 0.1608079969882965 0.3844049870967865 0.03462899848818779 0.0427279993891716
2 0.12911300361156464 0.4362789988517761 0.030069999396800995 0.036768000572919846
2 0.02566000074148178 0.9437280297279358 0.026559999212622643 0.03501199930906296
1 0.18668699264526367 0.4711900055408478 0.030724000185728073 0.05091800168156624
1 0.49087101221084595 0.6766520142555237 0.058809999376535416 0.0800430029630661
2 0.42593199014663696 0.10610699653625488 0.04892300069332123 0.0599760003387928
2 0.6744980216026306 0.3351390063762665 0.05866599828004837 0.06905899941921234
2 0.6149669885635376 0.7143509984016418 0.03566500172019005 0.07799100130796432
2 0.249098002910614 0.6475679874420166 0.04747899994254112 0.06927800178527832
