2 0.7987549901008606 0.2717759907245636 0.07253099977970123 0.09263399988412857
2 0.5990020036697388 0.652459979057312 0.05398700013756752 0.07127600163221359
2 0.33927100896835327 0.25557199120521545 0.05326100066304207 0.0674159973859787
1 0.35989999771118164 0.36265599727630615 0.04592999815940857 0.054795000702142715
2 0.7496190071105957 0.05620399862527847 0.07413200289011002 0.07942400127649307
1 0.9712409973144531 0.6229749917984009 0.056772999465465546 0.0793600007891655
2 0.5818279981613159 0.8082990050315857 0.04472799971699715 0.060826998203992844
2 0.5159540176391602 0.5508509874343872 0.046142999082803726 0.0636179968714714
2 0.3664799928665161 0.5344250202178955 0.034554000943899155 0.04554799944162369
1 0.5633689761161804 0.4258370101451874 0.05646099895238876 0.07122699916362762
2 0.3848879933357239 0.46318700909614563 0.03483499959111214 0.046091001480817795
2 0.5145549774169922 0.6092029809951782 0.05080299824476242 0.06438300013542175
1 0.9238749742507935 0.5321270227432251 0.0718109980225563 0.07166499644517899
2 0.7882130146026611 0.5229719877243042 0.06378400325775146 0.07533500343561172
2 0.7717990279197693 0.32285499572753906 0.049917999655008316 0.08114899694919586
2 0.5491799712181091 0.5255810022354126 0.05219399929046631 0.06751599907875061
2 0.5973690152168274 0.7382659912109375 0.04455899819731712 0.061184998601675034
2 0.7860530018806458 0.5842589735984802 0.05574199929833412 0.06413400173187256
2 0.34104400873184204 0.4169810116291046 0.047175999730825424 0.06205400079488754
2 0.7501720190048218 0.5059059858322144 0.0461839996278286 0.07600899785757065
2 0.36444199085235596 0.6619549989700317 0.030504999682307243 0.03815000131726265
1 0.9304519891738892 0.46182000637054443 0.059289999306201935 0.07625000178813934
1 0.5921779870986938 0.47826701402664185 0.049352001398801804 0.06411100178956985
2 0.8849570155143738 0.6341549754142761 0.06278199702501297 0.0885000005364418
1 0.8895689845085144 0.9584400057792664 0.04580700024962425 0.057624999433755875
2 0.4315659999847412 0.4179689884185791 0.046348001807928085 0.05897299945354462
2 0.1810699999332428 0.24932199716567993 0.03169799968600273 0.04121899977326393
2 0.5929610133171082 0.5369459986686707 0.04830300062894821 0.059810999780893326
2 0.19794799387454987 0.35354501008987427 0.03405600041151047 0.041439998894929886
1 0.34183499217033386 0.4166559875011444 0.04986400157213211 0.06615000218153
2 0.6325950026512146 0.4784550070762634 0.04936699941754341 0.06944599747657776
2 0.9677410125732422 0.42139101028442383 0.05760600045323372 0.06605000048875809
1 0.9351490139961243 0.6512069702148438 0.04523500055074692 0.06499800086021423
1 0.45417600870132446 0.2685590088367462 0.06742099672555923 0.0992560014128685
1 0.3885059952735901 0.3872089982032776 0.03177100047469139 0.0543069988489151
1 0.49888598918914795 0.40181899070739746 0.04176799952983856 0.06372299790382385
2 0.9306060075759888 0.46102601289749146 0.059971000999212265 0.0774729996919632
1 0.36133599281311035 0.31355398893356323 0.0398159995675087 0.0481639988720417
1 0.36422500014305115 0.14348100125789642 0.054565999656915665 0.056331001222133636
0 0.007460999768227339 0.5692399740219116 0.014019999653100967 0.040059998631477356
1 0.43167001008987427 0.41803300380706787 0.04717100039124489 0.05844999849796295
2 0.4543690085411072 0.2702760100364685 0.06447000056505203 0.09690099954605103
1 0.9711369872093201 0.4207040071487427 0.050540998578071594 0.06270799785852432
2 0.7661060094833374 0.3920150101184845 0.046404000371694565 0.0661889985203743
2 0.34531599283218384 0.6426489949226379 0.026869000867009163 0.035895999521017075
2 0.9895039796829224 0.06711199879646301 0.020992999896407127 0.09059000015258789
2 0.007089000195264816 0.9515990018844604 0.013024999760091305 0.044231999665498734
2 0.12342199683189392 0.10767299681901932 0.026566000655293465 0.030923999845981598
2 0.5012540221214294 0.37217599153518677 0.04542199894785881 0.05944100022315979
1 0.8845670223236084 0.6343510150909424 0.06114400178194046 0.08725400269031525
2 0.7644500136375427 0.3187530040740967 0.04023599997162819 0.07804399728775024
1 0.5000990033149719 0.3849349915981293 0.04446199908852577 0.08595599979162216
1 0.24530600011348724 0.21031099557876587 0.03213899955153465 0.04045800119638443
