2 0.7106360197067261 0.3617610037326813 0.08004599809646606 0.1012519970536232
2 0.8773170113563538 0.4691230058670044 0.07566100358963013 0.08716899901628494
2 0.516381025314331 0.35132700204849243 0.07861900329589844 0.09225499629974365
2 0.857342004776001 0.6890230178833008 0.07367300242185593 0.08863499760627747
2 0.8888980150222778 0.2571899890899658 0.05448000133037567 0.07769499719142914
2 0.6135960221290588 0.26173698902130127 0.07647199928760529 0.07282699644565582
2 0.6026909947395325 0.32504600286483765 0.077565997838974 0.09929899871349335
1 0.6020470261573792 0.3255769908428192 0.07888299971818924 0.1001409962773323
2 0.82921302318573 0.44296300411224365 0.04311100021004677 0.0622589997947216
2 0.6067919731140137 0.6871669888496399 0.037383999675512314 0.052459001541137695
2 0.8945710062980652 0.6502169966697693 0.03962700068950653 0.07069999724626541
2 0.8180919885635376 0.6762400269508362 0.053435999900102615 0.07386600226163864
0 0.7151780128479004 0.006889999844133854 0.05161900073289871 0.013779999688267708
