2 0.15519200265407562 0.3841100037097931 0.08396200090646744 0.10232000052928925
2 0.6190140247344971 0.29686400294303894 0.08538500219583511 0.10174799710512161
2 0.7135130167007446 0.48684701323509216 0.08912999927997589 0.10439299792051315
2 0.5709620118141174 0.16986000537872314 0.08616899698972702 0.10175900161266327
2 0.13100099563598633 0.18137000501155853 0.0832429975271225 0.10784400254487991
2 0.6381959915161133 0.6364629864692688 0.08747100085020065 0.10396700352430344
2 0.504492998123169 0.9341070055961609 0.08061599731445312 0.09904299676418304
1 0.42457300424575806 0.881413996219635 0.07745400071144104 0.08867499977350235
2 0.4037010073661804 0.9662110209465027 0.08565899729728699 0.06757699698209763
2 0.1633100062608719 0.6736660003662109 0.07181400060653687 0.08005999773740768
1 0.22039000689983368 0.21533499658107758 0.08527500182390213 0.1096310019493103
2 0.18483200669288635 0.28288400173187256 0.08759000152349472 0.0999549999833107
2 0.9753170013427734 0.9456689953804016 0.04856399819254875 0.09901999682188034
2 0.22085900604724884 0.8517789840698242 0.0955279991030693 0.07838299870491028
2 0.21619799733161926 0.45730099081993103 0.050686001777648926 0.06650800257921219
0 0.010096999816596508 0.9054589867591858 0.019329000264406204 0.07335600256919861
2 0.23059800267219543 0.8596400022506714 0.08998099714517593 0.07139900326728821
1 0.25037500262260437 0.8658490180969238 0.053665000945329666 0.06245499849319458
