2 0.43244901299476624 0.6126700043678284 0.06811799854040146 0.08885899931192398
2 0.603518009185791 0.6620929837226868 0.061145998537540436 0.08162499964237213
2 0.6003339886665344 0.7775200009346008 0.06275700032711029 0.07677999883890152
2 0.43825000524520874 0.2734439969062805 0.06410399824380875 0.08774299919605255
2 0.9025999903678894 0.747734010219574 0.06302300095558167 0.08188199996948242
2 0.1844319999217987 0.3323630094528198 0.05424199998378754 0.07446900010108948
2 0.40701600909233093 0.915028989315033 0.06354399770498276 0.08319900184869766
1 0.639735996723175 0.5126280188560486 0.05886700004339218 0.0782490000128746
2 0.11983300000429153 0.2522589862346649 0.05504100024700165 0.07147499918937683
2 0.15402600169181824 0.1987680047750473 0.055156998336315155 0.07329999655485153
1 0.4688049852848053 0.3735570013523102 0.06002400070428848 0.07861199975013733
2 0.0948600023984909 0.041301000863313675 0.05652499943971634 0.07322400063276291
1 0.051975999027490616 0.776190996170044 0.051440998911857605 0.07397399842739105
2 0.229761004447937 0.23654299974441528 0.057156000286340714 0.07733800262212753
1 0.580718994140625 0.46083301305770874 0.061569999903440475 0.08754099905490875
2 0.48686298727989197 0.8289160132408142 0.0612419992685318 0.08039700239896774
2 0.5356670022010803 0.5703799724578857 0.06009700149297714 0.07931199669837952
2 0.9789800047874451 0.6632879972457886 0.040084999054670334 0.07655999809503555
1 0.24757200479507446 0.861611008644104 0.059491999447345734 0.07765299826860428
1 0.024834999814629555 0.7201690077781677 0.04906800016760826 0.07048100233078003
2 0.9719930291175842 0.7294380068778992 0.05415400117635727 0.07494000345468521
2 0.6549370288848877 0.5871379971504211 0.061744000762701035 0.0817049965262413
2 0.7878620028495789 0.1576240062713623 0.06371799856424332 0.07447099685668945
1 0.696677029132843 0.4877690076828003 0.0638670027256012 0.08178000152111053
2 0.20450299978256226 0.14076900482177734 0.06628599762916565 0.07900399714708328
2 0.22322699427604675 0.3263840079307556 0.03920000046491623 0.05747700110077858
1 0.17292200028896332 0.8776800036430359 0.06628900021314621 0.08488599956035614
2 0.18387000262737274 0.10777600109577179 0.05137199908494949 0.06973099708557129
2 0.17024800181388855 0.2666989862918854 0.053015999495983124 0.06295300275087357
1 0.40667399764060974 0.4678199887275696 0.057472001761198044 0.07778999954462051
2 0.9734979867935181 0.46917301416397095 0.05300400033593178 0.08010400086641312
2 0.11136099696159363 0.8986690044403076 0.050425998866558075 0.06687100231647491
2 0.20650500059127808 0.7991210222244263 0.057447999715805054 0.07705499976873398
1 0.1714950054883957 0.6281880140304565 0.06743299961090088 0.08905799686908722
1 0.36979401111602783 0.8320109844207764 0.054531000554561615 0.06867799907922745
1 0.38141098618507385 0.7312899827957153 0.04346499964594841 0.07697500288486481
1 0.2064789980649948 0.7998359799385071 0.05647300183773041 0.07855399698019028
1 0.430525004863739 0.523697018623352 0.05828800052404404 0.06699299812316895
2 0.018497999757528305 0.8196219801902771 0.03699599951505661 0.07427900284528732
2 0.15866999328136444 0.9460279941558838 0.04319300130009651 0.05810600146651268
2 0.08380500227212906 0.27524998784065247 0.04371599853038788 0.05638200044631958
2 0.41978201270103455 0.3682520091533661 0.0543459989130497 0.08110799640417099
1 0.03590700030326843 0.6634640097618103 0.04980900138616562 0.05959299951791763
2 0.43061500787734985 0.5214909911155701 0.05719099938869476 0.07045300304889679
2 0.06870000064373016 0.014275000430643559 0.037845999002456665 0.02854900062084198
1 0.32887399196624756 0.7887870073318481 0.06270900368690491 0.07236099988222122
2 0.37294700741767883 0.42813199758529663 0.04914899915456772 0.07124599814414978
1 0.47551900148391724 0.49803298711776733 0.045598000288009644 0.07587499916553497
1 0.5251190066337585 0.4898509979248047 0.05328800156712532 0.06954099982976913
2 0.03308599814772606 0.8634039759635925 0.04189600050449371 0.0519150011241436
1 0.09705899655818939 0.7620880007743835 0.054545000195503235 0.0775270015001297
2 0.5247660279273987 0.48956799507141113 0.05406700074672699 0.06844200193881989
2 0.035989001393318176 0.6626870036125183 0.04877899959683418 0.05886499956250191
2 0.37003201246261597 0.8322139978408813 0.053339000791311264 0.06588499993085861
2 0.09644600003957748 0.7641220092773438 0.05464499816298485 0.08180200308561325
1 0.5356820225715637 0.795153021812439 0.05727500095963478 0.07715699821710587
1 0.41895198822021484 0.3700079917907715 0.05362299829721451 0.07661999762058258
2 0.9628250002861023 0.5414609909057617 0.03880300000309944 0.05871199816465378
1 0.6192079782485962 0.8369749784469604 0.050537001341581345 0.06257099658250809
2 0.47478801012039185 0.4968790113925934 0.04726000130176544 0.0745529979467392
1 0.37168100476264954 0.4299499988555908 0.04879400134086609 0.0709649994969368
2 0.0756170004606247 0.08650200068950653 0.03500000014901161 0.04443199932575226
