1 0.8377010226249695 0.4117940068244934 0.0577940009534359 0.07152199745178223
2 0.613690972328186 0.27315598726272583 0.0519459992647171 0.06567300111055374
1 0.8703370094299316 0.461650013923645 0.04803499951958656 0.0641850009560585
2 0.8840109705924988 0.8038309812545776 0.04670799896121025 0.06182900071144104
2 0.6245139837265015 0.4326219856739044 0.04714599996805191 0.061083000153303146
2 0.47492700815200806 0.29438599944114685 0.032005999237298965 0.04166100174188614
2 0.6811119914054871 0.48343899846076965 0.03601200133562088 0.04725300148129463
2 0.49584999680519104 0.39271798729896545 0.03279099985957146 0.04017399996519089
2 0.6689460277557373 0.5560849905014038 0.034589000046253204 0.04248499870300293
2 0.898747980594635 0.7315760254859924 0.04441099986433983 0.06194400042295456
2 0.8919950127601624 0.6419299840927124 0.05749399960041046 0.0734890028834343
2 0.8281720280647278 0.5119640231132507 0.05336799845099449 0.06589499861001968
2 0.8037229776382446 0.6034680008888245 0.0509289987385273 0.06208600103855133
2 0.23272399604320526 0.25902101397514343 0.029245000332593918 0.03259100019931793
2 0.45905500650405884 0.455051988363266 0.03351600095629692 0.03949600085616112
2 0.7964410185813904 0.5420889854431152 0.044374000281095505 0.06053600087761879
1 0.9120219945907593 0.4589020013809204 0.051541998982429504 0.06783200055360794
2 0.724170982837677 0.2678689956665039 0.07441200315952301 0.08847799897193909
1 0.6375020146369934 0.3745740056037903 0.045347001403570175 0.05655299872159958
1 0.7754189968109131 0.39237698912620544 0.040936000645160675 0.07495900243520737
2 0.28391799330711365 0.15147100389003754 0.02879299968481064 0.03273800015449524
2 0.9844719767570496 0.024163000285625458 0.031055999919772148 0.0483269989490509
2 0.5327119827270508 0.24946999549865723 0.03172200173139572 0.038307998329401016
1 0.6348749995231628 0.16366399824619293 0.04866600036621094 0.06149600073695183
2 0.5331529974937439 0.5616499781608582 0.03264300152659416 0.040550000965595245
2 0.6743860244750977 0.6840940117835999 0.029548000544309616 0.03691599890589714
2 0.27487799525260925 0.15165400505065918 0.0333699993789196 0.03217099979519844
2 0.4203769862651825 0.00841199979186058 0.03580699861049652 0.01654200069606304
2 0.8791570067405701 0.5211859941482544 0.049035001546144485 0.05798700079321861
2 0.16556400060653687 0.09822499752044678 0.02704799920320511 0.03379900008440018
2 0.7151470184326172 0.42690399289131165 0.045194998383522034 0.055397000163793564
2 0.716284990310669 0.25928598642349243 0.05849900096654892 0.07706499844789505
2 0.6490389704704285 0.3366889953613281 0.040695998817682266 0.04060700163245201
1 0.7153249979019165 0.4262250065803528 0.04506399855017662 0.05527599900960922
2 0.6367189884185791 0.3739359974861145 0.044888000935316086 0.055098000913858414
2 0.3986999988555908 0.4761050045490265 0.030863000079989433 0.03634599968791008
2 0.4181840121746063 0.17047500610351562 0.026851000264286995 0.031849998980760574
1 0.5951690077781677 0.11905799806118011 0.033270999789237976 0.037978000938892365
2 0.2549709975719452 0.235835000872612 0.027109000831842422 0.03193499892950058
2 0.41737401485443115 0.011274999938905239 0.035767000168561935 0.02114100009202957
2 0.6352540254592896 0.16252300143241882 0.04886699840426445 0.0600380003452301
