0 0.638995 0.247635 0.065665 0.084763
0 0.201434 0.205872 0.073225 0.093764
0 0.455930 0.748529 0.064336 0.077588
0 0.287360 0.368933 0.067125 0.087447
0 0.902027 0.075442 0.048813 0.059300
0 0.142478 0.164934 0.074357 0.095101
0 0.636258 0.697649 0.061224 0.074914
0 0.730300 0.454821 0.055783 0.068922
0 0.807590 0.429657 0.050953 0.062198
0 0.922684 0.572860 0.048810 0.063324
0 0.576009 0.273721 0.078843 0.105638
0 0.343726 0.822229 0.056332 0.071096
0 0.341982 0.351936 0.067390 0.087542
0 0.539234 0.733658 0.070535 0.086122
0 0.443651 0.836637 0.062716 0.085252
0 0.609053 0.036886 0.076050 0.073772
0 0.740566 0.138374 0.069055 0.081389
0 0.773131 0.491714 0.047830 0.062008
0 0.869099 0.475231 0.049501 0.063811
0 0.834792 0.517538 0.049401 0.061475
0 0.703382 0.721334 0.051291 0.073399
0 0.503489 0.837656 0.056026 0.076384
0 0.022029 0.141387 0.044057 0.095794
0 0.730999 0.220072 0.057034 0.077734
0 0.325095 0.771548 0.057848 0.068232
0 0.311128 0.137342 0.067461 0.082418
0 0.867987 0.106444 0.050369 0.061610
0 0.262871 0.105847 0.081292 0.101462
0 0.219915 0.425911 0.065303 0.086544
0 0.234941 0.259091 0.068924 0.089318
0 0.881878 0.560668 0.043568 0.060973
0 0.763110 0.798996 0.052993 0.062876
0 0.454904 0.952323 0.054561 0.071783
0 0.843767 0.564309 0.051146 0.059312
0 0.398643 0.965240 0.053279 0.065512
0 0.029891 0.776506 0.058968 0.095489
0 0.770826 0.734226 0.046093 0.057142
0 0.590331 0.949490 0.048974 0.065134
0 0.270130 0.217233 0.059962 0.084933
0 0.730382 0.762565 0.047182 0.055891
0 0.252644 0.161477 0.069475 0.079263
0 0.369134 0.801416 0.048117 0.064592
0 0.730456 0.699644 0.047887 0.058086