0 0.382837 0.509912 0.049735 0.057356
0 0.231426 0.620472 0.051776 0.066900
0 0.901522 0.225735 0.061564 0.075130
0 0.850362 0.662250 0.057995 0.067662
0 0.707830 0.740893 0.050479 0.057527
0 0.544041 0.172794 0.047303 0.048977
0 0.899081 0.738061 0.060871 0.070223
0 0.052863 0.616761 0.050220 0.061863
0 0.185773 0.566898 0.051466 0.063295
0 0.606531 0.328777 0.052391 0.058498
0 0.217156 0.980135 0.054641 0.039730
0 0.820505 0.235502 0.051294 0.063609
0 0.041286 0.500686 0.050847 0.062558
0 0.974860 0.877232 0.050281 0.075859
0 0.743243 0.321741 0.052380 0.059227
0 0.071045 0.763403 0.050159 0.061111
0 0.213836 0.508318 0.052119 0.062115
0 0.977093 0.174627 0.045814 0.068925
0 0.488787 0.645902 0.051596 0.056791
0 0.284577 0.867695 0.053158 0.065321
0 0.265744 0.924844 0.051662 0.058018
0 0.976872 0.795940 0.046257 0.073589
0 0.031405 0.788297 0.047200 0.061899
0 0.434763 0.910751 0.050293 0.056495
0 0.016815 0.532239 0.033323 0.060673
0 0.388151 0.454267 0.049879 0.057381
0 0.618095 0.297340 0.054392 0.068329
0 0.320006 0.086109 0.042594 0.046050
0 0.125976 0.079360 0.042596 0.052233
0 0.334052 0.985476 0.051503 0.029048
0 0.976111 0.710892 0.047779 0.067010
0 0.803719 0.210315 0.050900 0.063589
0 0.431808 0.129836 0.050746 0.054752
0 0.018994 0.611895 0.037988 0.067273
0 0.860504 0.177402 0.049018 0.069962
0 0.118167 0.045056 0.040395 0.043704
0 0.083795 0.869516 0.039189 0.047111
0 0.451330 0.116156 0.043556 0.049575
0 0.410872 0.619244 0.046444 0.057150
0 0.119584 0.583549 0.044497 0.057707
0 0.335832 0.980483 0.054129 0.039033
0 0.877732 0.207638 0.046744 0.065462
0 0.333570 0.506727 0.050817 0.063632
0 0.012886 0.192092 0.025771 0.042670
0 0.034485 0.214383 0.035191 0.043822
0 0.990419 0.423800 0.019003 0.074779
0 0.863163 0.720283 0.045023 0.061841