0 0.311563 0.607649 0.069785 0.087880
0 0.367540 0.597027 0.068277 0.082501
0 0.541022 0.672008 0.072835 0.092426
0 0.639601 0.558748 0.073873 0.094002
0 0.367037 0.731212 0.066824 0.086670
0 0.627102 0.648851 0.074697 0.088388
0 0.307195 0.346393 0.071976 0.081246
0 0.573541 0.481033 0.073373 0.092833
0 0.258031 0.263979 0.069991 0.086326
0 0.688684 0.067460 0.073197 0.105154
0 0.303572 0.408459 0.070541 0.081916
0 0.634770 0.784823 0.066993 0.087687
0 0.021595 0.278096 0.043189 0.075844
0 0.796105 0.163194 0.084731 0.120797