2 0.039988 0.348785 0.049331 0.067826
2 0.355026 0.234104 0.052140 0.063300
2 0.375033 0.283129 0.045394 0.061170
2 0.870755 0.641307 0.036099 0.047211
2 0.628604 0.031200 0.029980 0.038288
2 0.846987 0.599929 0.038897 0.048393
2 0.638831 0.849169 0.038400 0.053197
2 0.562576 0.776935 0.043288 0.054587
2 0.859222 0.468213 0.043894 0.057066
2 0.368528 0.936856 0.029119 0.038411
2 0.539005 0.867100 0.044568 0.054993
2 0.011387 0.330543 0.021315 0.075413
1 0.599771 0.839920 0.039214 0.054213
2 0.099557 0.787928 0.036872 0.044701
2 0.414382 0.974623 0.028758 0.038323
2 0.821496 0.428573 0.036259 0.046645
2 0.387658 0.949023 0.029386 0.037553
2 0.825811 0.549815 0.041519 0.052247
1 0.542204 0.690451 0.052489 0.057291
2 0.535517 0.761293 0.030703 0.049712
2 0.817324 0.501146 0.039463 0.050734
2 0.537869 0.822772 0.037416 0.044301
2 0.556981 0.989633 0.045324 0.020735
2 0.884720 0.579178 0.036795 0.046761
2 0.683656 0.835768 0.036812 0.048817
2 0.575142 0.924253 0.042320 0.052148
2 0.584753 0.969221 0.035648 0.041606
2 0.670838 0.030993 0.028854 0.037776
2 0.550712 0.235750 0.023023 0.026388
2 0.646520 0.150271 0.029249 0.034132
2 0.772085 0.022379 0.025407 0.029257
1 0.098133 0.916940 0.035679 0.039935
2 0.097527 0.916791 0.034830 0.038930
2 0.575804 0.875243 0.033389 0.043929
2 0.661708 0.008280 0.030774 0.016561