0 0.514253 0.094033 0.037734 0.046569
0 0.609744 0.108321 0.040047 0.048892
0 0.602454 0.830093 0.040137 0.051869
0 0.482839 0.486597 0.039760 0.048442
0 0.179518 0.103201 0.043463 0.049676
0 0.539579 0.348878 0.039071 0.050954
1 0.062580 0.956575 0.056233 0.061353
0 0.337461 0.970063 0.048847 0.055552
2 0.910278 0.346027 0.042931 0.053991
0 0.328429 0.873595 0.047452 0.054989
0 0.288533 0.898080 0.048196 0.060766
1 0.839027 0.206185 0.042413 0.051516
2 0.154324 0.406937 0.055365 0.064436
2 0.904503 0.292228 0.043905 0.051085
1 0.971388 0.693898 0.049382 0.055957
1 0.443777 0.182386 0.047052 0.052429
0 0.688872 0.665474 0.038150 0.049703
2 0.972298 0.694613 0.048276 0.058025
0 0.298390 0.609123 0.042532 0.040726