0 0.099352 0.641545 0.031583 0.037969
0 0.261215 0.783431 0.034884 0.044500
0 0.439417 0.106512 0.025296 0.031518
0 0.090260 0.509560 0.026488 0.034163
0 0.161567 0.621538 0.029971 0.036473
0 0.230274 0.079533 0.026238 0.033139
0 0.024510 0.558381 0.027361 0.038084
0 0.109439 0.799226 0.031821 0.038660
0 0.181230 0.853519 0.034418 0.044686
0 0.114185 0.418661 0.028946 0.035596
0 0.087457 0.337309 0.027141 0.034206
0 0.146251 0.590879 0.031000 0.037578
0 0.428297 0.577177 0.028674 0.035290
0 0.135334 0.774255 0.032894 0.038365
0 0.228986 0.693292 0.032725 0.036970
0 0.224651 0.219097 0.024844 0.032372
0 0.116304 0.685338 0.028885 0.036402
0 0.128984 0.827835 0.030826 0.039257
0 0.230687 0.751741 0.034210 0.041181
0 0.123103 0.357290 0.028421 0.033422
0 0.441698 0.951773 0.029196 0.038378
0 0.230212 0.554139 0.031980 0.038532
0 0.388923 0.116488 0.025088 0.031832
0 0.177311 0.803875 0.031076 0.039676
0 0.105534 0.380923 0.029925 0.037006
0 0.181973 0.544633 0.027427 0.033878
0 0.284377 0.178682 0.023855 0.029381
0 0.149173 0.056339 0.025194 0.030420
0 0.043403 0.272080 0.025262 0.029762
0 0.371888 0.849618 0.025994 0.034795
0 0.257903 0.593544 0.027848 0.035232
0 0.308399 0.787359 0.032628 0.041657
0 0.929884 0.527467 0.026714 0.033710
0 0.272326 0.796664 0.031947 0.044843
0 0.603508 0.717404 0.024373 0.030475
0 0.421597 0.891739 0.030606 0.038328
0 0.156883 0.559414 0.030545 0.037450
0 0.787556 0.793536 0.027139 0.030729
0 0.017743 0.272053 0.025913 0.030187
0 0.299976 0.753275 0.029337 0.035027
0 0.015358 0.369079 0.030717 0.042214
0 0.966194 0.520322 0.029725 0.035762
0 0.368172 0.988132 0.034515 0.023161
0 0.109653 0.077702 0.024715 0.031822
0 0.212671 0.578003 0.026519 0.033729
0 0.188772 0.577692 0.026793 0.033840
0 0.238861 0.619220 0.028793 0.034629
0 0.450307 0.649529 0.024073 0.031325
0 0.133706 0.183341 0.024258 0.030588
0 0.380465 0.010286 0.026065 0.020572
0 0.640440 0.777631 0.023305 0.027650
0 0.817136 0.811383 0.026954 0.033355
0 0.677306 0.685289 0.026778 0.028513
0 0.553445 0.744576 0.025617 0.032300
0 0.251597 0.289865 0.023022 0.029793
0 0.093068 0.439389 0.027063 0.034522
0 0.964341 0.674477 0.028971 0.034708
0 0.392279 0.889347 0.022851 0.037109
0 0.120365 0.039671 0.025112 0.028624
0 0.943116 0.502719 0.027378 0.033657
0 0.873209 0.373490 0.024127 0.029521
0 0.886105 0.666267 0.025001 0.030720
0 0.924083 0.667502 0.026437 0.033831
0 0.829536 0.677948 0.027155 0.032378
0 0.965827 0.765690 0.026291 0.034406
0 0.658103 0.754521 0.021239 0.027084
0 0.902299 0.290487 0.023571 0.029176
0 0.826748 0.502743 0.026956 0.032347
0 0.992257 0.595904 0.015487 0.033863
0 0.458738 0.142839 0.022822 0.030895
0 0.840928 0.538196 0.026497 0.033307
0 0.571756 0.746745 0.023154 0.032192
0 0.988718 0.767582 0.022078 0.036334
0 0.283820 0.589827 0.023785 0.034068
0 0.388568 0.026629 0.022577 0.030354
0 0.110457 0.038851 0.025169 0.027794
0 0.440852 0.148393 0.023837 0.029898
0 0.654502 0.730246 0.021829 0.030062