0 0.388554 0.631176 0.077431 0.105257
0 0.463852 0.796229 0.072889 0.105255
0 0.342038 0.475749 0.078642 0.090893
0 0.426414 0.471978 0.078471 0.098279
0 0.319581 0.405633 0.075987 0.088407
0 0.491152 0.569704 0.072110 0.088188
0 0.452885 0.664538 0.065105 0.095690
0 0.332925 0.658432 0.072481 0.098671
0 0.546895 0.705288 0.070447 0.091637
0 0.429026 0.551193 0.077687 0.102804
0 0.567223 0.577530 0.059991 0.085166
0 0.451913 0.433971 0.083430 0.103096
0 0.471918 0.885306 0.065354 0.106869
0 0.412318 0.856890 0.069252 0.090738
0 0.513129 0.463928 0.060028 0.080876