2 0.588983 0.891518 0.097817 0.117024
0 0.473063 0.046942 0.085013 0.093883
2 0.398819 0.747615 0.070949 0.096200
1 0.903796 0.553613 0.087541 0.107344
2 0.409505 0.458102 0.075051 0.100163
2 0.487081 0.360371 0.072860 0.101560
2 0.410581 0.220360 0.077840 0.100673
2 0.977127 0.402538 0.045746 0.073304
0 0.162135 0.436338 0.054666 0.064106
0 0.480555 0.232755 0.079177 0.105206
0 0.088454 0.987788 0.054574 0.024425
2 0.327280 0.764918 0.068749 0.089900
2 0.354534 0.637412 0.071189 0.095556
2 0.613853 0.789990 0.075705 0.104630
0 0.369493 0.203138 0.059929 0.086421