2 0.605658 0.516978 0.051652 0.064167
2 0.558551 0.660408 0.059645 0.069756
2 0.148344 0.644492 0.057022 0.070940
2 0.640782 0.139095 0.041732 0.044833
2 0.404362 0.065222 0.040094 0.052972
2 0.086661 0.671264 0.057744 0.071336
2 0.384810 0.109597 0.041025 0.055201
2 0.556296 0.518169 0.046527 0.059694
2 0.657863 0.062520 0.032113 0.049850
2 0.356100 0.400031 0.031597 0.037996
2 0.444833 0.726549 0.046661 0.053399
2 0.371810 0.026816 0.033277 0.041194
2 0.416512 0.874042 0.037631 0.055310
1 0.296137 0.475979 0.032629 0.043220
2 0.333976 0.050822 0.039108 0.054362