1 0.557583 0.846225 0.059517 0.088677
1 0.602527 0.871925 0.064004 0.079652
1 0.250625 0.363388 0.058098 0.076855
1 0.382056 0.764105 0.059748 0.083610
1 0.597790 0.803507 0.064208 0.077959
1 0.226078 0.251034 0.059325 0.075534
1 0.769650 0.115437 0.047291 0.069135
1 0.224393 0.296306 0.051857 0.072018
1 0.027275 0.301031 0.052275 0.086746
1 0.330802 0.732077 0.051283 0.074953
1 0.842251 0.090130 0.041692 0.064517
1 0.814596 0.100954 0.049440 0.069702
1 0.013481 0.329306 0.026447 0.083412
1 0.015934 0.316228 0.029851 0.106259
1 0.273911 0.014187 0.094806 0.028374