1 0.632064 0.766144 0.067188 0.079330
1 0.625013 0.694871 0.062792 0.077829
1 0.251610 0.175531 0.060362 0.074356
1 0.584863 0.736794 0.057528 0.090052
1 0.278793 0.283948 0.056524 0.071894
1 0.352577 0.626532 0.060826 0.092781
1 0.251595 0.217470 0.052486 0.073905
1 0.056356 0.224011 0.059370 0.087640
1 0.408206 0.671554 0.061989 0.080150
1 0.028687 0.252561 0.053657 0.079862
1 0.860759 0.028432 0.044050 0.054351
1 0.829415 0.092895 0.045417 0.066421
1 0.835176 0.035742 0.043051 0.061890
1 0.789399 0.053262 0.040966 0.057651