2 0.929501 0.709639 0.071182 0.088487
2 0.656794 0.772233 0.053272 0.073311
2 0.434182 0.412980 0.059362 0.084453
2 0.506543 0.344419 0.055346 0.080507
2 0.649002 0.089529 0.068523 0.081236
2 0.778637 0.127620 0.068178 0.084352
2 0.774287 0.057427 0.060656 0.073995
2 0.979679 0.700911 0.040642 0.104133
2 0.984941 0.703640 0.030118 0.098693
2 0.368813 0.012289 0.057478 0.024306
2 0.757509 0.181927 0.056999 0.069247
2 0.975427 0.692126 0.043383 0.089251
2 0.670226 0.091338 0.065751 0.085157
2 0.719918 0.108374 0.042760 0.067621