1 0.207829 0.622547 0.077300 0.103756
1 0.126450 0.626643 0.088555 0.108275
0 0.587393 0.197333 0.074614 0.099220
1 0.187619 0.428185 0.088419 0.113055
1 0.124086 0.733507 0.086371 0.108072
1 0.159191 0.518474 0.083734 0.094887
0 0.532503 0.359857 0.077106 0.097578
0 0.516940 0.224210 0.084764 0.103705
0 0.849876 0.258357 0.067339 0.079176
0 0.838374 0.329094 0.062698 0.075162
0 0.743787 0.359426 0.052184 0.075359
0 0.118271 0.354353 0.098032 0.099580
1 0.445361 0.740713 0.084836 0.101935
0 0.528112 0.627401 0.071532 0.097476
0 0.910401 0.275565 0.063757 0.085912
0 0.747300 0.075095 0.064302 0.081756
0 0.453984 0.636405 0.080551 0.097845
0 0.566170 0.285179 0.065103 0.093687
0 0.252066 0.375502 0.077017 0.102516
0 0.089140 0.449852 0.071279 0.093742
0 0.779754 0.028022 0.057122 0.056044
0 0.812508 0.066340 0.060489 0.066800
0 0.573647 0.072866 0.082097 0.098181
0 0.185650 0.427424 0.086781 0.119230
1 0.404940 0.496271 0.078941 0.107330
2 0.444575 0.744232 0.086729 0.109365
0 0.158476 0.519556 0.083054 0.094771
0 0.729102 0.017497 0.062216 0.034994