0 0.865873 0.227350 0.072268 0.084692
1 0.219756 0.426683 0.097325 0.115941
1 0.498807 0.333000 0.083307 0.110170
1 0.299982 0.226137 0.089926 0.121673
1 0.347234 0.315898 0.084203 0.104532
0 0.507466 0.085230 0.074964 0.095057
1 0.299729 0.432252 0.075368 0.108320
1 0.652390 0.078258 0.089516 0.111521
1 0.524486 0.486646 0.089247 0.106320
1 0.496758 0.593112 0.090526 0.105073
1 0.647617 0.216236 0.083476 0.108095
0 0.942492 0.191403 0.066198 0.084646
1 0.252877 0.129756 0.080389 0.110863
0 0.817991 0.271132 0.057674 0.077618
1 0.199565 0.536381 0.103984 0.120692
0 0.866680 0.322221 0.060261 0.069716
0 0.199056 0.531215 0.107304 0.106980
0 0.253222 0.130598 0.079330 0.111279
0 0.888305 0.166017 0.066963 0.077518
0 0.651935 0.077636 0.088006 0.107517
0 0.647839 0.215291 0.081714 0.108981
0 0.725555 0.062522 0.075897 0.107920