2 0.26721125841140747 0.7440770268440247 0.12800002098083496 0.13921701908111572
2 0.44172126054763794 0.5730550289154053 0.13104629516601562 0.13228797912597656
2 0.3050900101661682 0.5552639961242676 0.12527751922607422 0.12693798542022705
2 0.14952874183654785 0.7588340044021606 0.1039775013923645 0.12121105194091797
2 0.3807637691497803 0.6876519918441772 0.1437699794769287 0.14295697212219238
2 0.27176374197006226 0.3213309943675995 0.12248498201370239 0.11975699663162231
2 0.11365750432014465 0.38313499093055725 0.10264873504638672 0.1176760196685791
2 0.3389187455177307 0.4339210093021393 0.1741575002670288 0.14473098516464233
2 0.2094237506389618 0.4413220286369324 0.1360350251197815 0.1361580193042755
2 0.15230625867843628 0.057020001113414764 0.1746225208044052 0.10948099195957184
2 0.06456249952316284 0.31149500608444214 0.12455999851226807 0.1258150190114975
2 0.47643500566482544 0.17186899483203888 0.12825000286102295 0.13338997960090637
1 0.46751999855041504 0.05558900535106659 0.15200376510620117 0.10634300112724304
2 0.4286462068557739 0.7254300117492676 0.07281875610351562 0.1382390260696411
