2 0.18785375356674194 0.34091800451278687 0.07199752330780029 0.0784040093421936
2 0.13289624452590942 0.3133369982242584 0.08180749416351318 0.08296602964401245
2 0.10792750120162964 0.087459996342659 0.08947747945785522 0.08950400352478027
2 0.7135800123214722 0.26708999276161194 0.06547999382019043 0.06655001640319824
2 0.2955687344074249 0.10955999791622162 0.07046002149581909 0.07702499628067017
1 0.25174999237060547 0.8868290185928345 0.081271231174469 0.07730400562286377
2 0.06503750383853912 0.2623479962348938 0.0736050009727478 0.07985500991344452
2 0.030841872096061707 0.21198700368404388 0.06168374419212341 0.08407500386238098
1 0.8218725323677063 0.669734001159668 0.06412124633789062 0.0689769983291626
2 0.4376649856567383 0.08644799888134003 0.07136869430541992 0.077239990234375
2 0.9759012460708618 0.9392157793045044 0.04819750785827637 0.12156850099563599
2 0.7891511917114258 0.931236982345581 0.13574254512786865 0.10822498798370361
2 0.8196338415145874 0.9308149814605713 0.18377381563186646 0.11719298362731934
1 0.8573524951934814 0.6704180240631104 0.07091999053955078 0.08325397968292236
2 0.5875187516212463 0.8847240209579468 0.05836629867553711 0.04124295711517334
1 0.16720876097679138 0.17841899394989014 0.08204251527786255 0.08509799838066101
2 0.10300374031066895 0.1539669930934906 0.06922376155853271 0.05898699164390564
2 0.20511499047279358 0.11321400105953217 0.07872247695922852 0.08475800603628159
1 0.20403999090194702 0.11274799704551697 0.08037751913070679 0.08597800135612488
2 0.8447824716567993 0.9371190071105957 0.1912899613380432 0.12266397476196289
2 0.1686525046825409 0.17901000380516052 0.07559752464294434 0.08382800221443176
