0 0.6311812400817871 0.5643560290336609 0.0789262056350708 0.0799640417098999
0 0.4698774814605713 0.835506021976471 0.07410752773284912 0.07767105102539062
1 0.07730500400066376 0.8235039710998535 0.08131876587867737 0.08184802532196045
1 0.06655500829219818 0.6214730143547058 0.07948750257492065 0.07906496524810791
0 0.5598125457763672 0.5867409706115723 0.08085620403289795 0.08940005302429199
0 0.498701274394989 0.6349340081214905 0.08671128749847412 0.07841598987579346
0 0.8470324277877808 0.9103479981422424 0.07510870695114136 0.09863495826721191
0 0.2829049825668335 0.8214370012283325 0.0904887318611145 0.08660805225372314
0 0.676251232624054 0.8557609915733337 0.09074997901916504 0.10001599788665771
1 0.13352623581886292 0.960070013999939 0.06685751676559448 0.07448399066925049
0 0.7582887411117554 0.9507229924201965 0.062061309814453125 0.07055902481079102
1 0.9739521741867065 0.9776527881622314 0.052095651626586914 0.044694483280181885
0 0.5995150208473206 0.6305040121078491 0.05590498447418213 0.046115994453430176
0 0.849157452583313 0.5975250005722046 0.0682637095451355 0.054208993911743164
0 0.6341012716293335 0.9838330149650574 0.09188878536224365 0.03200101852416992
1 0.6757862567901611 0.8557699918746948 0.09036874771118164 0.09970700740814209
