0 0.24499374628067017 0.6470839977264404 0.10588502883911133 0.11232995986938477
0 0.33837875723838806 0.5243309736251831 0.11149996519088745 0.1175210177898407
0 0.0989612489938736 0.5059970021247864 0.11237749457359314 0.1214289665222168
0 0.9575175046920776 0.8350750207901001 0.0634925365447998 0.06225705146789551
0 0.34324875473976135 0.4100239872932434 0.11017876863479614 0.10984301567077637
0 0.9266674518585205 0.9129080176353455 0.06295371055603027 0.06168198585510254
0 0.5931837558746338 0.1102600023150444 0.057325005531311035 0.05746199190616608
0 0.3354237675666809 0.620747983455658 0.09969127178192139 0.0903010368347168
0 0.9504899978637695 0.19743600487709045 0.03731369972229004 0.03726601600646973
0 0.9681000709533691 0.22267399728298187 0.03540754318237305 0.039379000663757324
0 0.24939998984336853 0.9851877689361572 0.08280247449874878 0.029624521732330322
0 0.014527186751365662 0.5625799894332886 0.029054373502731323 0.12038004398345947
