2 0.9907774925231934 0.3250980079174042 0.01844501495361328 0.11383301019668579
2 0.9750897288322449 0.9547079801559448 0.049820542335510254 0.09006702899932861
2 0.9802969098091125 0.6870779991149902 0.0394061803817749 0.10778594017028809
2 0.6388599872589111 0.12383600324392319 0.08323371410369873 0.0946200042963028
2 0.9425911903381348 0.7407280206680298 0.07218241691589355 0.08478796482086182
2 0.8845912218093872 0.9810839891433716 0.09049004316329956 0.03652501106262207
2 0.007287807762622833 0.3233250081539154 0.014575615525245667 0.08879601955413818
2 0.8727024793624878 0.03693100064992905 0.17548370361328125 0.07360200583934784
2 0.638566255569458 0.019057001918554306 0.08942747116088867 0.03679399937391281
2 0.889391303062439 0.029913250356912613 0.13045376539230347 0.059826500713825226
2 0.8862887620925903 0.9395300149917603 0.08226627111434937 0.07119500637054443
1 0.713034987449646 0.30392900109291077 0.10082995891571045 0.07979696989059448
2 0.6006137728691101 0.14999499917030334 0.0758436918258667 0.0735270082950592
2 0.8441987037658691 0.030270250514149666 0.09350496530532837 0.06054050102829933
2 0.8824237585067749 0.5309399962425232 0.07583755254745483 0.11807000637054443
2 0.9748649597167969 0.7960249781608582 0.05027008056640625 0.12784695625305176
