0 0.5607249736785889 0.1581449955701828 0.10338878631591797 0.10434499382972717
0 0.46829748153686523 0.23652100563049316 0.10272002220153809 0.10547500848770142
0 0.9852846264839172 0.49563899636268616 0.029430747032165527 0.10337299108505249
0 0.9539991021156311 0.4150159955024719 0.09200179576873779 0.10796099901199341
0 0.9856831431388855 0.25931599736213684 0.028633713722229004 0.10552601516246796
0 0.8174287676811218 0.28578999638557434 0.09884130954742432 0.10129600763320923
0 0.9704906344413757 0.09226100146770477 0.059018731117248535 0.11306899785995483
0 0.8487849235534668 0.4492329955101013 0.10416120290756226 0.101065993309021
0 0.9332711696624756 0.17956900596618652 0.10137248039245605 0.10535001754760742
0 0.6024550199508667 0.8315020203590393 0.0836561918258667 0.0891040563583374
1 0.7834399938583374 0.8181999921798706 0.07818746566772461 0.08476197719573975
1 0.2614937722682953 0.6240630149841309 0.10051125288009644 0.0925370454788208
1 0.1602349877357483 0.5853930115699768 0.0791274905204773 0.09073102474212646
1 0.39685124158859253 0.7184489965438843 0.08435750007629395 0.08612895011901855
0 0.5087037682533264 0.44710901379585266 0.07963252067565918 0.08305400609970093
1 0.5234375 0.7980899810791016 0.08202254772186279 0.08647596836090088
1 0.7134912610054016 0.6977159976959229 0.0888512134552002 0.08946895599365234
1 0.3287475109100342 0.7172099947929382 0.06411373615264893 0.0815739631652832
1 0.3885599970817566 0.7985280156135559 0.05566251277923584 0.06386899948120117
1 0.966121256351471 0.8032349944114685 0.0677574872970581 0.09778499603271484
1 0.24926623702049255 0.714775025844574 0.09297996759414673 0.09049201011657715
1 0.4373849630355835 0.8298109769821167 0.09455621242523193 0.1019599437713623
0 0.5178887844085693 0.7017310261726379 0.09191000461578369 0.10031795501708984
0 0.9345362186431885 0.2802489995956421 0.0951075553894043 0.09788000583648682
1 0.915257453918457 0.8218650221824646 0.07918882369995117 0.08984601497650146
0 0.8665100336074829 0.12561799585819244 0.10120004415512085 0.1107189953327179
1 0.17646750807762146 0.5098490118980408 0.05515497922897339 0.06645098328590393
1 0.09284499287605286 0.5015329718589783 0.08848750591278076 0.08795499801635742
1 0.22263002395629883 0.5452240109443665 0.08344876766204834 0.09405997395515442
1 0.12056874483823776 0.9092900156974792 0.07376249134540558 0.08333301544189453
0 0.278329998254776 0.30289000272750854 0.08836871385574341 0.09479498863220215
0 0.9668087363243103 0.8025820255279541 0.0663825273513794 0.09844493865966797
1 0.9263725280761719 0.6990169882774353 0.07292366027832031 0.07750093936920166
1 0.744401216506958 0.9141610264778137 0.0797950029373169 0.08545005321502686
0 0.9848812818527222 0.7187820076942444 0.030237436294555664 0.09352302551269531
1 0.0862787663936615 0.7666860222816467 0.0903325080871582 0.08502495288848877
1 0.13525500893592834 0.7126539945602417 0.06668251752853394 0.07070493698120117
0 0.8742812871932983 0.2224780023097992 0.05744504928588867 0.08489799499511719
0 0.0387190580368042 0.8244159817695618 0.0774381160736084 0.08436203002929688
1 0.09659001976251602 0.4138660132884979 0.0895562618970871 0.08490496873855591
1 0.8610261678695679 0.8275120258331299 0.08044499158859253 0.09482896327972412
1 0.3261075019836426 0.8622239828109741 0.052410006523132324 0.060220956802368164
1 0.03858249634504318 0.8237829804420471 0.07716499269008636 0.08272397518157959
0 0.03148874640464783 0.8994320034980774 0.06297749280929565 0.07517099380493164
0 0.4366437792778015 0.8303710222244263 0.09068381786346436 0.0976029634475708
0 0.9180874824523926 0.8222370147705078 0.07564759254455566 0.09041297435760498
0 0.8614500164985657 0.8269950151443481 0.08114373683929443 0.09486496448516846
0 0.08904875814914703 0.6206820011138916 0.08414998650550842 0.0889289379119873
1 0.08869874477386475 0.6209369897842407 0.0833362340927124 0.09009897708892822
0 0.22359123826026917 0.5432940125465393 0.08682000637054443 0.0959479808807373
1 0.9836252927780151 0.7179890275001526 0.03274941444396973 0.09414398670196533
1 0.4863237738609314 0.8867530226707458 0.06864368915557861 0.08180701732635498
