2 0.5710212588310242 0.8594629764556885 0.08738625049591064 0.09405803680419922
1 0.017989374697208405 0.8558779954910278 0.03597874939441681 0.11890900135040283
1 0.6520674824714661 0.9296479821205139 0.0966562032699585 0.11053204536437988
0 0.968262791633606 0.16268199682235718 0.06347441673278809 0.09532899409532547
1 0.17204374074935913 0.9389060139656067 0.12296126782894135 0.10947299003601074
1 0.8737838268280029 0.97673499584198 0.11687380075454712 0.04582703113555908
1 0.12362749874591827 0.969124972820282 0.11088624596595764 0.05871999263763428
2 0.018562495708465576 0.8576340079307556 0.03712499141693115 0.11481797695159912
0 0.14247500896453857 0.030420999974012375 0.06700123846530914 0.06084100157022476
1 0.6519924998283386 0.9840540289878845 0.11381125450134277 0.029664039611816406
