0 0.8802562952041626 0.17232799530029297 0.07683998346328735 0.0780860185623169
1 0.5641000270843506 0.156468003988266 0.07878625392913818 0.08607500791549683
1 0.43566375970840454 0.20898400247097015 0.07525122165679932 0.07894501090049744
1 0.2708374857902527 0.2097889930009842 0.08019125461578369 0.08064398169517517
1 0.36145251989364624 0.16951599717140198 0.0824275016784668 0.08896201848983765
1 0.5774437189102173 0.5625439882278442 0.07579493522644043 0.08489298820495605
1 0.5852387547492981 0.712270975112915 0.07545876502990723 0.07529997825622559
1 0.6533824801445007 0.6008740067481995 0.07958996295928955 0.07811903953552246
1 0.4373687505722046 0.03917799890041351 0.0729224681854248 0.0671989917755127
1 0.4303324818611145 0.12019100040197372 0.082550048828125 0.08634500205516815
0 0.9068999290466309 0.4066070020198822 0.05882000923156738 0.06632798910140991
1 0.29071375727653503 0.13178199529647827 0.08095747232437134 0.08123800158500671
1 0.4973524808883667 0.21183699369430542 0.0660400390625 0.07174301147460938
1 0.6603299975395203 0.5132430195808411 0.08066630363464355 0.08416199684143066
1 0.5177737474441528 0.6073089838027954 0.07644248008728027 0.08564496040344238
1 0.30466124415397644 0.0672060027718544 0.06218498945236206 0.05857600271701813
1 0.6448574662208557 0.2275560051202774 0.07963752746582031 0.08326700329780579
1 0.4925125241279602 0.5279759764671326 0.07524752616882324 0.07702699303627014
1 0.38122624158859253 0.09429000318050385 0.06036749482154846 0.06435200572013855
1 0.7025800347328186 0.6662870049476624 0.07332754135131836 0.07453405857086182
1 0.1944575011730194 0.29331499338150024 0.07087874412536621 0.07906103134155273
1 0.17381125688552856 0.4541029930114746 0.07785248756408691 0.07783502340316772
1 0.22690251469612122 0.08618199825286865 0.0838174819946289 0.08169000595808029
0 0.8787325620651245 0.6202329993247986 0.06521248817443848 0.06015598773956299
1 0.01674593985080719 0.2782129943370819 0.03349187970161438 0.08537699282169342
0 0.01709187775850296 0.28001299500465393 0.03418375551700592 0.08746600151062012
1 0.34638500213623047 0.2523239850997925 0.07317376136779785 0.08143800497055054
1 0.7893412709236145 0.1837099939584732 0.061701297760009766 0.07170099020004272
1 0.34637248516082764 0.3282429873943329 0.07413002848625183 0.07233697175979614
0 0.8635200262069702 0.25376901030540466 0.06644994020462036 0.07314001023769379
2 0.6602050065994263 0.5133100152015686 0.07744622230529785 0.08146598935127258
1 0.4633975028991699 0.3230240046977997 0.0695500373840332 0.07928299903869629
2 0.6461925506591797 0.7417269945144653 0.06687498092651367 0.07885396480560303
1 0.641432523727417 0.6670529842376709 0.05328869819641113 0.05469095706939697
1 0.6458399891853333 0.7406020164489746 0.06780874729156494 0.0781559944152832
0 0.888066291809082 0.03365899622440338 0.06000995635986328 0.06259399652481079
1 0.5207662582397461 0.2818489968776703 0.052644968032836914 0.07289701700210571
1 0.7653162479400635 0.30640101432800293 0.04837369918823242 0.057003021240234375
