2 0.8106787800788879 0.9010279774665833 0.0798187255859375 0.08861899375915527
2 0.777632474899292 0.6363599896430969 0.08183753490447998 0.08705794811248779
2 0.3588162660598755 0.8839349746704102 0.08625498414039612 0.0877079963684082
2 0.689136266708374 0.751645028591156 0.08465874195098877 0.0979989767074585
2 0.385497510433197 0.9550549983978271 0.07840001583099365 0.077705979347229
2 0.6167937517166138 0.82949298620224 0.09391129016876221 0.10259103775024414
2 0.7166762351989746 0.5815969705581665 0.08457756042480469 0.0947500467300415
2 0.7726512551307678 0.7297660112380981 0.08042001724243164 0.09188604354858398
2 0.6182025074958801 0.9491299986839294 0.09006869792938232 0.09863901138305664
2 0.8595438003540039 0.812762975692749 0.09112745523452759 0.10328495502471924
2 0.7387475371360779 0.5022760033607483 0.0682687759399414 0.07889601588249207
1 0.40774375200271606 0.7077059745788574 0.09191250801086426 0.090736985206604
1 0.7386137843132019 0.5019389986991882 0.07160496711730957 0.07743200659751892
1 0.03685063123703003 0.9708660244941711 0.07370126247406006 0.05826699733734131
2 0.5237225294113159 0.8763449788093567 0.0642925500869751 0.07292497158050537
2 0.03803156316280365 0.9700800180435181 0.0760631263256073 0.05825400352478027
