0 0.10913500189781189 0.954783022403717 0.0976487398147583 0.09043395519256592
0 0.10719499737024307 0.10045000165700912 0.08784376084804535 0.09067799150943756
0 0.48677748441696167 0.4702549874782562 0.0842137336730957 0.08560901880264282
0 0.20541876554489136 0.15913300216197968 0.09288376569747925 0.07896599173545837
0 0.5187487006187439 0.7227969765663147 0.0794137716293335 0.07921195030212402
0 0.03608249872922897 0.9346629977226257 0.07216499745845795 0.09338998794555664
0 0.6016162633895874 0.535968005657196 0.08507001399993896 0.0800119936466217
0 0.4965512156486511 0.1777539998292923 0.09265005588531494 0.08895298838615417
0 0.1977662742137909 0.23409099876880646 0.08629125356674194 0.09126099944114685
0 0.5861549973487854 0.648576021194458 0.07671630382537842 0.07773804664611816
0 0.6950787901878357 0.8053320050239563 0.06356501579284668 0.06919300556182861
0 0.41520875692367554 0.6741480231285095 0.059142470359802246 0.08092999458312988
0 0.6908937692642212 0.15452100336551666 0.07847249507904053 0.08037298917770386
0 0.6015125513076782 0.9437130093574524 0.0598524808883667 0.07491600513458252
0 0.7637912034988403 0.9190099835395813 0.051897525787353516 0.05754399299621582
0 0.5333837270736694 0.5820310115814209 0.07512998580932617 0.08624398708343506
0 0.7266637086868286 0.8821420073509216 0.041146278381347656 0.06096994876861572
0 0.463833749294281 0.023069001734256744 0.08563005924224854 0.04540500044822693
0 0.4511924982070923 0.6299399733543396 0.05400121212005615 0.0732109546661377
0 0.6600712537765503 0.2601020038127899 0.0668337345123291 0.07682500779628754
0 0.5674300193786621 0.9639959931373596 0.05363619327545166 0.07074201107025146
0 0.15871873497962952 0.007972000166773796 0.0780324935913086 0.015104999765753746
0 0.230343759059906 0.034341998398303986 0.0761449933052063 0.06578399240970612
0 0.20206499099731445 0.5769990086555481 0.05096876621246338 0.05098402500152588
0 0.5248199701309204 0.5900959968566895 0.08292996883392334 0.07908105850219727
