0 0.16352126002311707 0.0722770020365715 0.06815499067306519 0.07072900235652924
0 0.05411750078201294 0.13040100038051605 0.07561123371124268 0.07366299629211426
0 0.18650001287460327 0.38133901357650757 0.05760622024536133 0.06772899627685547
0 0.5207325220108032 0.8532530069351196 0.18270623683929443 0.17885994911193848
0 0.26395127177238464 0.030059000477194786 0.0904962420463562 0.06011800095438957
0 0.48961251974105835 0.052340999245643616 0.06273245811462402 0.06167200207710266
0 0.23255875706672668 0.09543099999427795 0.06755000352859497 0.065093994140625
0 0.05246123671531677 0.2690500020980835 0.06715500354766846 0.06374198198318481
0 0.9564812183380127 0.19972699880599976 0.05237746238708496 0.060784995555877686
0 0.0008340626955032349 0.3696439862251282 0.0016681253910064697 0.05275601148605347
0 0.7947624921798706 0.24637199938297272 0.05384624004364014 0.059341996908187866
0 0.10186875611543655 0.37850600481033325 0.056727513670921326 0.05198401212692261
0 0.20556750893592834 0.049341000616550446 0.04732251167297363 0.053655996918678284
0 0.5893462300300598 0.24977299571037292 0.05138373374938965 0.05677300691604614
0 0.5237312316894531 0.2116200029850006 0.04834127426147461 0.06305199861526489
0 0.38736623525619507 0.02727000042796135 0.06871247291564941 0.0545400008559227
0 0.4864799976348877 0.11002200096845627 0.057346224784851074 0.05723200738430023
0 0.6833274960517883 0.24302402138710022 0.046988725662231445 0.0502370148897171
0 0.4312800168991089 0.030729999765753746 0.05684995651245117 0.06145999953150749
0 0.4092187285423279 0.0293550007045269 0.10048127174377441 0.0569939985871315
0 0.7448099851608276 0.21872800588607788 0.043152451515197754 0.049910008907318115
0 0.30816376209259033 0.10811100155115128 0.06909501552581787 0.07021500170230865
0 0.6699475049972534 0.8619790077209473 0.12765872478485107 0.17552101612091064
0 0.3497912585735321 0.9581239819526672 0.16637998819351196 0.08375203609466553
