1 0.7678000330924988 0.06132800132036209 0.09073126316070557 0.08979399502277374
1 0.6441787481307983 0.1664620041847229 0.08129251003265381 0.0852389931678772
1 0.9824259281158447 0.4977119565010071 0.03514814376831055 0.08554896712303162
1 0.6298037171363831 0.5353299975395203 0.07011628150939941 0.07448998093605042
1 0.7868074774742126 0.15843400359153748 0.08050501346588135 0.09114798903465271
1 0.5828062891960144 0.11091200262308121 0.07669627666473389 0.08058600127696991
1 0.7057374715805054 0.11856699734926224 0.0790787935256958 0.08271999657154083
1 0.6841912269592285 0.6344929933547974 0.07231879234313965 0.07852399349212646
1 0.5684187412261963 0.20638400316238403 0.08133375644683838 0.09168398380279541
1 0.7664912343025208 0.6271349787712097 0.07183253765106201 0.07887804508209229
1 0.41905874013900757 0.15261200070381165 0.09073126316070557 0.09230601042509079
1 0.8978375196456909 0.12589800357818604 0.08036375045776367 0.09369400143623352
1 0.4899899959564209 0.200422003865242 0.08007872104644775 0.0881890058517456
1 0.6837375164031982 0.2495889961719513 0.08741378784179688 0.08987599611282349
1 0.8843088150024414 0.031780000776052475 0.1305537223815918 0.060329996049404144
1 0.03705562651157379 0.5355330109596252 0.07411125302314758 0.07329902052879333
1 0.4954037666320801 0.6185590028762817 0.06323254108428955 0.05896496772766113
1 0.8753349781036377 0.655305027961731 0.07256245613098145 0.07203996181488037
1 0.8463000059127808 0.18563500046730042 0.06894630193710327 0.09492400288581848
1 0.5430362820625305 0.7020189762115479 0.06581497192382812 0.06986403465270996
1 0.7132587432861328 0.5210580229759216 0.05288124084472656 0.07438501715660095
1 0.6881187558174133 0.030146000906825066 0.07522618770599365 0.05824999883770943
1 0.1228337436914444 0.5968689918518066 0.07665374875068665 0.07296299934387207
1 0.35973501205444336 0.19006100296974182 0.06254997849464417 0.07575100660324097
1 0.973886251449585 0.03451099991798401 0.05222749710083008 0.06885001063346863
1 0.6004250049591064 0.29701900482177734 0.0868912935256958 0.08553898334503174
1 0.6724787950515747 0.02820499986410141 0.08360874652862549 0.05609999597072601
1 0.10035499930381775 0.5200139880180359 0.06972873210906982 0.07140803337097168
0 0.03771781176328659 0.5346840023994446 0.07543562352657318 0.07364901900291443
0 0.12186501175165176 0.5978959798812866 0.07639376819133759 0.07329797744750977
1 0.8684824705123901 0.027885999530553818 0.11306744813919067 0.05577100068330765
1 0.6338462829589844 0.6689170002937317 0.05011129379272461 0.06456601619720459
2 0.6838549971580505 0.24894899129867554 0.08811748027801514 0.08979599177837372
2 0.3899974822998047 0.07127700001001358 0.07668375968933105 0.07833799719810486
