0 0.9429274797439575 0.38157200813293457 0.07411384582519531 0.06931900978088379
0 0.9716913104057312 0.3298499882221222 0.0566173791885376 0.07292002439498901
0 0.8550962209701538 0.44417399168014526 0.07582622766494751 0.0709959864616394
0 0.8348137140274048 0.3842869997024536 0.07495999336242676 0.07717198133468628
0 0.5549637675285339 0.4228590130805969 0.08581125736236572 0.08764201402664185
0 0.20018747448921204 0.5079169869422913 0.08430999517440796 0.08096203207969666
0 0.8452012538909912 0.31711000204086304 0.07275629043579102 0.06934601068496704
1 0.16930249333381653 0.5972959995269775 0.08015626668930054 0.0829399824142456
1 0.3471212387084961 0.6382899880409241 0.068581223487854 0.07117104530334473
0 0.15379124879837036 0.8014929890632629 0.0714387446641922 0.06325602531433105
1 0.397177517414093 0.4613940119743347 0.0840887725353241 0.08276298642158508
1 0.1996225118637085 0.5061200261116028 0.08505624532699585 0.08164501190185547
0 0.15256500244140625 0.8675130009651184 0.07330876588821411 0.07473897933959961
0 0.3359200060367584 0.8025659918785095 0.08276122808456421 0.08117103576660156
1 0.1540912389755249 0.799651026725769 0.07070624828338623 0.0625159740447998
