0 0.8462824821472168 0.23160399496555328 0.06620001792907715 0.06503799557685852
0 0.7745962142944336 0.293491005897522 0.06633245944976807 0.07336801290512085
0 0.05599623918533325 0.3732990026473999 0.08244499564170837 0.08198601007461548
0 0.9848527908325195 0.4225449860095978 0.030294418334960938 0.06685400009155273
0 0.9887650012969971 0.2158769965171814 0.02246999740600586 0.05664500594139099
0 0.20234376192092896 0.5016360282897949 0.058645009994506836 0.059072017669677734
0 0.21949249505996704 0.4432600140571594 0.06456124782562256 0.06521099805831909
0 0.7929187417030334 0.39083999395370483 0.054007530212402344 0.05699199438095093
0 0.7297700047492981 0.4040580093860626 0.05848252773284912 0.05479598045349121
0 0.71441251039505 0.4558889865875244 0.05173623561859131 0.055323004722595215
0 0.9457862377166748 0.8266239762306213 0.06616759300231934 0.06490802764892578
0 0.8297325372695923 0.5249770283699036 0.049250006675720215 0.04955494403839111
0 0.8925349712371826 0.6266480088233948 0.04843622446060181 0.05008900165557861
0 0.4660724997520447 0.3528189957141876 0.05634129047393799 0.060127973556518555
0 0.024636566638946533 0.6807820200920105 0.049273133277893066 0.05184304714202881
0 0.1482037603855133 0.6893590092658997 0.05320000648498535 0.06059098243713379
0 0.4787524938583374 0.8208420276641846 0.061002492904663086 0.06230497360229492
0 0.4928324818611145 0.3387869894504547 0.05013751983642578 0.06129300594329834
0 0.17258375883102417 0.7722139954566956 0.04266875982284546 0.053460001945495605
0 0.0023321881890296936 0.3945060074329376 0.004664376378059387 0.04915499687194824
0 0.7855824828147888 0.27571600675582886 0.06357622146606445 0.06283901631832123
0 0.02754749357700348 0.8078150153160095 0.05044001340866089 0.04876399040222168
0 0.8787462711334229 0.6718050241470337 0.03782004117965698 0.03452003002166748
0 0.6820737719535828 0.5280740261077881 0.03842747211456299 0.03543996810913086
0 0.5357937812805176 0.3785899877548218 0.05054879188537598 0.051072001457214355
0 0.47552376985549927 0.34659498929977417 0.06786119937896729 0.06755399703979492
0 0.5291025042533875 0.6429340243339539 0.046643733978271484 0.047602057456970215
