0 0.3027050197124481 0.5623729825019836 0.07707500457763672 0.07974505424499512
0 0.09370499104261398 0.8069040179252625 0.08258874714374542 0.07668101787567139
0 0.8955338001251221 0.15507200360298157 0.049242496490478516 0.04618901014328003
0 0.906000018119812 0.7907009720802307 0.07542753219604492 0.07395899295806885
1 0.25270000100135803 0.9647690057754517 0.09671372175216675 0.07046198844909668
0 0.16344374418258667 0.6041550040245056 0.08304750919342041 0.07709598541259766
1 0.32016000151634216 0.8270760178565979 0.09229874610900879 0.09265196323394775
0 0.23070499300956726 0.5683550238609314 0.07707375288009644 0.08471202850341797
0 0.38255125284194946 0.9327870011329651 0.061418771743774414 0.07268595695495605
1 0.5978200435638428 0.9812227487564087 0.09793746471405029 0.03755450248718262
0 0.87305748462677 0.1255359947681427 0.04967623949050903 0.044248998165130615
0 0.9360100030899048 0.06404300034046173 0.04581761360168457 0.049605995416641235
0 0.4772062301635742 0.9038619995117188 0.06697869300842285 0.09413003921508789
1 0.4941837191581726 0.22461800277233124 0.06631505489349365 0.0595879852771759
