0 0.8087587356567383 0.924485981464386 0.08305001258850098 0.08704900741577148
0 0.5292149782180786 0.1961050033569336 0.09164750576019287 0.09934800863265991
0 0.9640393853187561 0.6714000105857849 0.07192122936248779 0.09463393688201904
0 0.8630725145339966 0.33013999462127686 0.10259371995925903 0.0990220308303833
0 0.7230024933815002 0.891219973564148 0.08394372463226318 0.08872294425964355
0 0.06012500822544098 0.29067501425743103 0.08130249381065369 0.08217000961303711
0 0.045864999294281006 0.203793004155159 0.08253374695777893 0.07795301079750061
0 0.9570562839508057 0.5550860166549683 0.08588743209838867 0.09248495101928711
0 0.994110643863678 0.6097180247306824 0.011778712272644043 0.09172403812408447
0 0.9792681336402893 0.8497189879417419 0.04146373271942139 0.10877394676208496
0 0.35374748706817627 0.735131025314331 0.07548248767852783 0.07706904411315918
0 0.2699125111103058 0.017393000423908234 0.07756376266479492 0.03309100121259689
0 0.7691674828529358 0.6789109706878662 0.08046245574951172 0.08131098747253418
1 0.9319925308227539 0.7492640018463135 0.07590746879577637 0.08474099636077881
0 0.26403000950813293 0.06779400259256363 0.0739937424659729 0.06635600328445435
0 0.01445719599723816 0.0784199982881546 0.02891439199447632 0.051277995109558105
0 0.8484500050544739 0.7844430208206177 0.08781254291534424 0.09761500358581543
0 0.4260212182998657 0.7485989928245544 0.07153379917144775 0.07777798175811768
0 0.9807315468788147 0.4548630118370056 0.038536906242370605 0.08371901512145996
0 0.842998743057251 0.5632500052452087 0.07872748374938965 0.09796595573425293
1 0.8206449747085571 0.723173975944519 0.07402503490447998 0.06687700748443604
0 0.057832494378089905 0.0370279997587204 0.041640013456344604 0.04676400125026703
0 0.48977625370025635 0.7952489852905273 0.05290377140045166 0.06345701217651367
0 0.9092249870300293 0.9291319847106934 0.0848037600517273 0.08505403995513916
0 0.4918787479400635 0.7200329899787903 0.06751370429992676 0.06852602958679199
0 0.9425824880599976 0.2016189992427826 0.062253713607788086 0.05132699012756348
0 0.7814149856567383 0.8421300053596497 0.07051753997802734 0.0741339921951294
0 0.8215324878692627 0.7263579964637756 0.07983124256134033 0.07458198070526123
0 0.027518749237060547 0.018278999254107475 0.038446247577667236 0.034706000238657
1 0.8496261835098267 0.7845529913902283 0.08973997831344604 0.09817302227020264
0 0.007876560091972351 0.1910099983215332 0.015753120183944702 0.07682698965072632
0 0.12287873774766922 0.1932539939880371 0.07220374047756195 0.05881801247596741
1 0.7789899706840515 0.8418179750442505 0.0651324987411499 0.06628894805908203
