1 0.21010124683380127 0.38585299253463745 0.30843251943588257 0.30232396721839905
1 0.6748062372207642 0.12522000074386597 0.24228620529174805 0.25044000148773193
1 0.6206225156784058 0.8956949710845947 0.22397124767303467 0.20861005783081055
1 0.9773781299591064 0.9310050010681152 0.04524374008178711 0.13798904418945312
1 0.8798825144767761 0.2583859860897064 0.24023497104644775 0.3008950352668762
1 0.8965905904769897 0.728430986404419 0.20681875944137573 0.2152320146560669
1 0.44665998220443726 0.5991399884223938 0.3073824644088745 0.29215502738952637
1 0.8730287551879883 0.928741991519928 0.16773372888565063 0.1367349624633789
1 0.5863499641418457 0.13656200468540192 0.30266618728637695 0.27312400937080383
1 0.1481187343597412 0.6875290274620056 0.215642511844635 0.2609449625015259
1 0.29620251059532166 0.09826699644327164 0.22051876783370972 0.19653399288654327
1 0.6933987140655518 0.484842985868454 0.2718387842178345 0.28196603059768677
1 0.6852550506591797 0.45219796895980835 0.3209625482559204 0.3132539689540863
1 0.24500000476837158 0.37652701139450073 0.19504624605178833 0.2429249882698059
1 0.9873834252357483 0.512319028377533 0.025233149528503418 0.18734800815582275
1 0.13329094648361206 0.6766279935836792 0.2665818929672241 0.30182600021362305
1 0.5500637292861938 0.8937349915504456 0.2632349729537964 0.21252906322479248
1 0.12767532467842102 0.7646160125732422 0.25535064935684204 0.2869729995727539
1 0.3194987177848816 0.08890099823474884 0.16083002090454102 0.17780199646949768
0 0.985687792301178 0.5133079886436462 0.028624415397644043 0.1837879717350006
1 0.6182712316513062 0.1316080093383789 0.21509873867034912 0.2596369981765747
1 0.893227219581604 0.2975040078163147 0.213545560836792 0.2474460005760193
1 0.1887037456035614 0.9549919962882996 0.19758623838424683 0.09001505374908447
1 0.17563501000404358 0.3687550127506256 0.28081876039505005 0.2630409598350525
1 0.4218987822532654 0.6703019738197327 0.28877127170562744 0.2869299650192261
1 0.6574987173080444 0.8952590227127075 0.1561412811279297 0.20948195457458496
