1 0.6207175254821777 0.6056950092315674 0.08775246143341064 0.0903780460357666
2 0.7568337321281433 0.7163360118865967 0.09128129482269287 0.10207104682922363
1 0.5094562768936157 0.7032740116119385 0.08246505260467529 0.09196102619171143
1 0.4174475073814392 0.665054976940155 0.09193623065948486 0.09687197208404541
1 0.9316762685775757 0.24329298734664917 0.11044883728027344 0.10493098199367523
1 0.772746205329895 0.6222739815711975 0.08494627475738525 0.08706295490264893
1 0.5914037227630615 0.6931989789009094 0.08579003810882568 0.09325599670410156
1 0.6889275312423706 0.6510999798774719 0.08283627033233643 0.09656202793121338
0 0.22635626792907715 0.029765000566840172 0.08407872915267944 0.059530001133680344
2 0.7262074947357178 0.5327460169792175 0.09872376918792725 0.10180699825286865
1 0.5161474943161011 0.8001490235328674 0.06979751586914062 0.07836496829986572
0 0.08804374933242798 0.6682000160217285 0.08590501546859741 0.08163797855377197
1 0.546607494354248 0.6005169749259949 0.07650744915008545 0.09954798221588135
1 0.9112462997436523 0.16552700102329254 0.08887743949890137 0.0718970000743866
1 0.2213512659072876 0.35100701451301575 0.07507002353668213 0.07571500539779663
1 0.9082862138748169 0.44972002506256104 0.15514874458312988 0.10925701260566711
1 0.846637487411499 0.114096999168396 0.08135372400283813 0.08436299115419388
2 0.5982337594032288 0.7942879796028137 0.09229123592376709 0.09226095676422119
1 0.7266049981117249 0.5342720150947571 0.09811997413635254 0.1036740243434906
2 0.888064980506897 0.5621479749679565 0.08493375778198242 0.09826505184173584
1 0.848967432975769 0.6268979907035828 0.07642370462417603 0.08031201362609863
1 0.048929065465927124 0.47699400782585144 0.09785813093185425 0.123416006565094
1 0.8011762499809265 0.44642698764801025 0.07399749755859375 0.0908920168876648
1 0.3085537552833557 0.4592840075492859 0.07279002666473389 0.07743698358535767
1 0.12280377000570297 0.5946109890937805 0.08698751032352448 0.08998298645019531
1 0.8906924724578857 0.4420129954814911 0.12001997232437134 0.11194998025894165
1 0.20130625367164612 0.5703049898147583 0.07711875438690186 0.08426296710968018
1 0.34006500244140625 0.673878014087677 0.07358872890472412 0.06772303581237793
1 0.888759970664978 0.5627679824829102 0.08365994691848755 0.09368300437927246
1 0.5253487229347229 0.45459896326065063 0.09037506580352783 0.09359797835350037
1 0.37051624059677124 0.7298359870910645 0.07007750868797302 0.08775603771209717
