2 0.3232550024986267 0.5730869770050049 0.09539997577667236 0.10748505592346191
2 0.48306500911712646 0.5688599944114685 0.09511494636535645 0.11508798599243164
2 0.20048999786376953 0.4729439616203308 0.09158122539520264 0.10515198111534119
2 0.1861412525177002 0.5738800168037415 0.09756249189376831 0.10741901397705078
2 0.4294174909591675 0.439287006855011 0.09492373466491699 0.11296898126602173
2 0.2885550260543823 0.4910399913787842 0.08952498435974121 0.0993790328502655
2 0.093299999833107 0.818664014339447 0.09710124135017395 0.09962201118469238
2 0.1740874946117401 0.3305949866771698 0.08830249309539795 0.09867697954177856
2 0.14607501029968262 0.6304559707641602 0.07306374609470367 0.08124697208404541
2 0.22216999530792236 0.2386080026626587 0.11964374780654907 0.13395798206329346
2 0.2856237292289734 0.09595800191164017 0.09566247463226318 0.10903801023960114
2 0.9494662284851074 0.41929998993873596 0.05962634086608887 0.08248096704483032
2 0.9509899616241455 0.4314590096473694 0.0553736686706543 0.0577470064163208
2 0.21765375137329102 0.2552739977836609 0.1098487377166748 0.10137301683425903
2 0.944100022315979 0.40981000661849976 0.06846380233764648 0.08892703056335449
