2 0.47763627767562866 0.4799020290374756 0.07828497886657715 0.0838870108127594
2 0.4746049642562866 0.3173219859600067 0.10365378856658936 0.11013197898864746
2 0.08755248785018921 0.3771759867668152 0.10361373424530029 0.11190402507781982
2 0.3181400001049042 0.11215200275182724 0.08862876892089844 0.10747499763965607
2 0.4888399839401245 0.10139100253582001 0.11124622821807861 0.11992999911308289
2 0.035635314881801605 0.45065802335739136 0.07127062976360321 0.11004200577735901
2 0.018516868352890015 0.5488989949226379 0.03703373670578003 0.11234903335571289
2 0.45293623208999634 0.40387099981307983 0.08048498630523682 0.08344399929046631
2 0.1713075041770935 0.10054899752140045 0.0874750018119812 0.10238799452781677
2 0.3734087347984314 0.05422300100326538 0.11161747574806213 0.10677699744701385
1 0.34634751081466675 0.21745401620864868 0.07911372184753418 0.09413100779056549
2 0.18468624353408813 0.29315099120140076 0.09168750047683716 0.10703200101852417
1 0.12289876490831375 0.23487700521945953 0.08108250796794891 0.08937999606132507
1 0.056138746440410614 0.16148599982261658 0.11227749288082123 0.10405200719833374
2 0.017996251583099365 0.5722299814224243 0.03599250316619873 0.144957035779953
2 0.5184100270271301 0.02856525033712387 0.1142812967300415 0.05713050067424774
1 0.2664737403392792 0.30489200353622437 0.0852850079536438 0.10996101796627045
2 0.24461877346038818 0.42271000146865845 0.11517751216888428 0.09978199005126953
2 0.19445252418518066 0.2865779995918274 0.07167375087738037 0.09735698997974396
2 0.015345938503742218 0.5888069868087769 0.030691877007484436 0.12295699119567871
1 0.16835623979568481 0.019586998969316483 0.11476373672485352 0.03557100147008896
2 0.269436240196228 0.30871400237083435 0.08762377500534058 0.11515301465988159
1 0.2794100046157837 0.2093849927186966 0.07841253280639648 0.07995101809501648
2 0.5367674827575684 0.3625839948654175 0.0738062858581543 0.08804100751876831
