0 0.9917006492614746 0.8728669881820679 0.01659870147705078 0.09273898601531982
0 0.9029150009155273 0.6932359933853149 0.09356379508972168 0.09041094779968262
0 0.9453737735748291 0.8359730243682861 0.09686136245727539 0.09619402885437012
0 0.5750586986541748 0.928026020526886 0.09443879127502441 0.08289504051208496
0 0.7953325510025024 0.9722399711608887 0.08975374698638916 0.055520057678222656
0 0.8426224589347839 0.6251090168952942 0.09398996829986572 0.08611500263214111
0 0.8895511627197266 0.9155550003051758 0.0840349793434143 0.09778702259063721
0 0.942351222038269 0.2913210093975067 0.09201884269714355 0.08606100082397461
0 0.6296400427818298 0.9712309837341309 0.08377373218536377 0.057536959648132324
0 0.9281237125396729 0.9800779819488525 0.07614493370056152 0.037986040115356445
0 0.9388762712478638 0.9087619781494141 0.0872962474822998 0.07885098457336426
0 0.58610999584198 0.858057975769043 0.0945737361907959 0.09109902381896973
0 0.9109362363815308 0.9128010272979736 0.13003754615783691 0.10028600692749023
