2 0.5913738012313843 0.7242519855499268 0.15459120273590088 0.1549680233001709
2 0.7418574690818787 0.8713679909706116 0.15655004978179932 0.1646939516067505
2 0.4104262590408325 0.2739790081977844 0.1975712776184082 0.18843001127243042
2 0.5839824676513672 0.8489819765090942 0.15076124668121338 0.13114500045776367
2 0.5492937564849854 0.5718749761581421 0.1528487205505371 0.1358640193939209
2 0.4688975214958191 0.717602014541626 0.14653503894805908 0.15806794166564941
2 0.3693787753582001 0.627161979675293 0.139287531375885 0.14909303188323975
2 0.8010574579238892 0.3336170017719269 0.1439424753189087 0.14376503229141235
2 0.4074075222015381 0.09229099750518799 0.20843875408172607 0.18458199501037598
2 0.6582512259483337 0.9588027596473694 0.15373003482818604 0.08239448070526123
2 0.30232250690460205 0.5241339802742004 0.15419375896453857 0.15137100219726562
2 0.5441049933433533 0.1369989961385727 0.13016879558563232 0.16945001482963562
2 0.7731612324714661 0.16091500222682953 0.1628049612045288 0.16672900319099426
2 0.8781511783599854 0.053015001118183136 0.13060498237609863 0.10127300024032593
2 0.6710549592971802 0.6662120223045349 0.09664499759674072 0.13046801090240479
2 0.5266687870025635 0.9854819774627686 0.1387237310409546 0.02903604507446289
