0 0.3718550205230713 0.06583700329065323 0.07133498787879944 0.07756100594997406
0 0.25485748052597046 0.2879830002784729 0.06979876756668091 0.07086199522018433
0 0.678253710269928 0.30464300513267517 0.07052254676818848 0.07649397850036621
0 0.11997999995946884 0.5974469780921936 0.07797499001026154 0.07752299308776855
0 0.8473749160766602 0.3424629867076874 0.05543249845504761 0.058009982109069824
0 0.18321377038955688 0.26674801111221313 0.07141000032424927 0.0734810084104538
0 0.2822974920272827 0.15268099308013916 0.07822877168655396 0.07560300827026367
0 0.2100675106048584 0.6006479859352112 0.06090247631072998 0.07110202312469482
0 0.794316291809082 0.3098210096359253 0.05011248588562012 0.05577802658081055
0 0.07563124597072601 0.4760169982910156 0.06778749823570251 0.0681060254573822
0 0.4113674759864807 0.21007700264453888 0.0737675130367279 0.07763001322746277
0 0.5411649942398071 0.4210380017757416 0.0632925033569336 0.07006698846817017
0 0.41235625743865967 0.03404099866747856 0.07346999645233154 0.06759300082921982
0 0.20610874891281128 0.08575300127267838 0.06954002380371094 0.07103300094604492
0 0.004373125731945038 0.19183999300003052 0.008746251463890076 0.06229400634765625
0 0.5021400451660156 0.2977460026741028 0.07338249683380127 0.07263600826263428
0 0.2883462607860565 0.20464999973773956 0.08710873126983643 0.07761898636817932
0 0.3432237505912781 0.13742299377918243 0.06454500555992126 0.07670000195503235
0 0.5237936973571777 0.1904750019311905 0.06281125545501709 0.06515100598335266
0 0.9948034286499023 0.2919810116291046 0.010393142700195312 0.06218796968460083
0 0.7278649806976318 0.3446030020713806 0.04701876640319824 0.06097298860549927
0 0.09540624171495438 0.654013991355896 0.06436251103878021 0.06608903408050537
0 0.22366124391555786 0.23151199519634247 0.05447876453399658 0.04800298810005188
0 0.4585549831390381 0.19677400588989258 0.057401299476623535 0.07886600494384766
0 0.24723374843597412 0.1314450055360794 0.056034982204437256 0.06972900032997131
0 0.07144500315189362 0.3288320004940033 0.06930625438690186 0.07489800453186035
0 0.737542450428009 0.3194369971752167 0.04900002479553223 0.06140398979187012
0 0.0049831196665763855 0.12129700183868408 0.009966239333152771 0.0552619993686676
0 0.5769375562667847 0.5371829867362976 0.03875255584716797 0.04995405673980713
0 0.33274373412132263 0.2913750112056732 0.06644999980926514 0.07256698608398438
0 0.25961124897003174 0.01261799968779087 0.059312522411346436 0.02523599937558174
0 0.014908432960510254 0.562004029750824 0.029816865921020508 0.05028402805328369
0 0.6592949628829956 0.5708760023117065 0.04526877403259277 0.04447793960571289
0 0.7351037263870239 0.32851099967956543 0.05078625679016113 0.07407599687576294
0 0.40339624881744385 0.016658000648021698 0.07878124713897705 0.03183099627494812
0 0.2731662392616272 0.20730100572109222 0.06271624565124512 0.07198300957679749
0 0.7819337844848633 0.059686996042728424 0.04114246368408203 0.04021499678492546
0 0.8049087524414062 0.2048500031232834 0.05058002471923828 0.054643988609313965
