2 0.6876974701881409 0.48592400550842285 0.11289751529693604 0.1167440116405487
2 0.8782336711883545 0.7653459906578064 0.10736125707626343 0.11750197410583496
2 0.9342411756515503 0.5866209864616394 0.10912132263183594 0.127701997756958
2 0.7314025163650513 0.6611459851264954 0.10674118995666504 0.12039196491241455
2 0.761218786239624 0.18594099581241608 0.1101374626159668 0.12110099196434021
2 0.7031300067901611 0.3370809853076935 0.1231987476348877 0.1261959671974182
2 0.7002787590026855 0.7787010073661804 0.12821996212005615 0.12356305122375488
2 0.8106012344360352 0.674688994884491 0.09493005275726318 0.1219789981842041
2 0.5393924713134766 0.8078640103340149 0.06970620155334473 0.11254394054412842
2 0.9571040868759155 0.7150319814682007 0.08579182624816895 0.12432098388671875
2 0.03476624935865402 0.20096200704574585 0.06953249871730804 0.14018499851226807
0 0.8040112257003784 0.409168004989624 0.12513494491577148 0.13027000427246094
2 0.35350751876831055 0.31255200505256653 0.11863252520561218 0.13251298666000366
0 0.35396748781204224 0.3105640113353729 0.12101876735687256 0.1385360211133957
2 0.799512505531311 0.4093700051307678 0.12784874439239502 0.12620699405670166
