0 0.7046999931335449 0.14029699563980103 0.1099100112915039 0.11159800738096237
0 0.4827912449836731 0.21462300419807434 0.08926129341125488 0.10122901201248169
0 0.8706587553024292 0.15255799889564514 0.10785001516342163 0.12029299139976501
0 0.6339337229728699 0.19268299639225006 0.09380996227264404 0.10253399610519409
0 0.746498703956604 0.48334801197052 0.10959243774414062 0.11091697216033936
0 0.3190149962902069 0.27723199129104614 0.08005750179290771 0.08700299263000488
0 0.3433987498283386 0.7351139783859253 0.07846376299858093 0.07585799694061279
0 0.8931199312210083 0.06612999737262726 0.07730245590209961 0.07555800676345825
0 0.17653125524520874 0.9238060116767883 0.07641124725341797 0.07748305797576904
0 0.562116265296936 0.3952679932117462 0.08517122268676758 0.0832819938659668
0 0.5131499767303467 0.587486982345581 0.1027524471282959 0.10859894752502441
0 0.5485662221908569 0.13506899774074554 0.10951995849609375 0.11446699500083923
0 0.5543400049209595 0.09249000251293182 0.08713877201080322 0.07235100865364075
0 0.5654412508010864 0.22221699357032776 0.06628000736236572 0.10046601295471191
