0 0.8588862419128418 0.4432480037212372 0.07989120483398438 0.0807570219039917
0 0.9327737092971802 0.7695990204811096 0.07345008850097656 0.06913995742797852
0 0.9068512916564941 0.8464469909667969 0.07463377714157104 0.07859206199645996
0 0.136843740940094 0.046518001705408096 0.05785250663757324 0.05726199597120285
0 0.9957008957862854 0.6842010021209717 0.0085982084274292 0.06993603706359863
0 0.8352749943733215 0.058021001517772675 0.06489622592926025 0.06446599960327148
0 0.9679650068283081 0.05296799913048744 0.05282115936279297 0.0593079999089241
0 0.9942547082901001 0.08187799900770187 0.011490583419799805 0.06867100298404694
0 0.9828737378120422 0.017224997282028198 0.03425252437591553 0.033427998423576355
0 0.9830052852630615 0.02161400020122528 0.03398942947387695 0.043227002024650574
0 0.3145712614059448 0.2991020083427429 0.05494999885559082 0.052483975887298584
0 0.9874055981636047 0.02813900075852871 0.025188803672790527 0.05627800151705742
0 0.9762215614318848 0.1075889989733696 0.04755687713623047 0.06763999164104462
0 0.9846397042274475 0.015181001275777817 0.03072059154510498 0.02897600084543228
