2 0.6037387847900391 0.8039529919624329 0.10482370853424072 0.11359298229217529
2 0.3813300132751465 0.6936600208282471 0.09272751212120056 0.109078049659729
2 0.8818600177764893 0.3385080099105835 0.0977787971496582 0.122763991355896
2 0.9507015347480774 0.2435380220413208 0.09859693050384521 0.11525501310825348
2 0.6078624725341797 0.4512949585914612 0.10405993461608887 0.11298498511314392
2 0.4424774646759033 0.5062879920005798 0.10530996322631836 0.12748396396636963
2 0.7089887857437134 0.1222430020570755 0.10286879539489746 0.1272830069065094
2 0.925510048866272 0.061868250370025635 0.10784745216369629 0.12373650074005127
2 0.8923561573028564 0.45131999254226685 0.09722751379013062 0.09354102611541748
2 0.9579080939292908 0.35743799805641174 0.08418381214141846 0.10508501529693604
2 0.029413439333438873 0.5665000081062317 0.05882687866687775 0.11921799182891846
2 0.27520251274108887 0.8769479990005493 0.07295751571655273 0.09602797031402588
1 0.18349623680114746 0.1304139941930771 0.12680625915527344 0.12756699323654175
1 0.31477248668670654 0.04169600084424019 0.08316248655319214 0.07712099701166153
2 0.5133249759674072 0.41607901453971863 0.1033174991607666 0.11276400089263916
1 0.3660937249660492 0.1545879989862442 0.08319622278213501 0.12391400337219238
2 0.1810550093650818 0.9290639758110046 0.0861087441444397 0.08984005451202393
1 0.26204249262809753 0.4082280099391937 0.12116378545761108 0.12291902303695679
2 0.5871174931526184 0.2907930016517639 0.10023128986358643 0.12092600762844086
2 0.1920424997806549 0.5989620089530945 0.12743252515792847 0.1374739408493042
1 0.28491371870040894 0.1473959982395172 0.0961725115776062 0.1280589997768402
2 0.5189637541770935 0.5727909803390503 0.08491373062133789 0.10509097576141357
2 0.47686123847961426 0.18002000451087952 0.14026498794555664 0.13944298028945923
2 0.6562062501907349 0.2722730040550232 0.08461880683898926 0.12500101327896118
1 0.3437824845314026 0.46410998702049255 0.09516251087188721 0.11709803342819214
1 0.31115373969078064 0.5914850234985352 0.12392622232437134 0.1241530179977417
1 0.09122875332832336 0.1519329994916916 0.09849876165390015 0.12516102194786072
1 0.19578874111175537 0.40495699644088745 0.11569374799728394 0.12564003467559814
1 0.012847192585468292 0.4968929886817932 0.025694385170936584 0.06043997406959534
1 0.10830999165773392 0.5510129928588867 0.08892498910427094 0.10897302627563477
1 0.15087875723838806 0.7689689993858337 0.0809062272310257 0.08823800086975098
2 0.794073760509491 0.5298979878425598 0.07361876964569092 0.08987998962402344
1 0.47496747970581055 0.18294799327850342 0.14110994338989258 0.13288700580596924
1 0.029179684817790985 0.5679389834403992 0.05835936963558197 0.11654901504516602
2 0.9758418798446655 0.14315299689769745 0.048316240310668945 0.10981199145317078
2 0.34731999039649963 0.4651130139827728 0.09704750776290894 0.1221880316734314
1 0.5135300159454346 0.3266089856624603 0.08071255683898926 0.09392601251602173
1 0.17949625849723816 0.04795200377702713 0.09849750995635986 0.06905700266361237
2 0.23326000571250916 0.7621600031852722 0.07402372360229492 0.0797499418258667
1 0.2250012755393982 0.4066280126571655 0.1893100142478943 0.13210898637771606
1 0.09487249702215195 0.3542340099811554 0.09961749613285065 0.1361209750175476
1 0.32325249910354614 0.5837839841842651 0.09508252143859863 0.11782205104827881
1 0.7385512590408325 0.032388001680374146 0.09331130981445312 0.06477600336074829
1 0.20100122690200806 0.838388979434967 0.077037513256073 0.07181203365325928
1 0.4307037591934204 0.3888790011405945 0.09280121326446533 0.09840798377990723
2 0.6251987218856812 0.0399090014398098 0.10001122951507568 0.0798180028796196
1 0.37029123306274414 0.27229800820350647 0.10179126262664795 0.10528701543807983
1 0.02932906150817871 0.8579419851303101 0.05865812301635742 0.19784700870513916
2 0.4336925148963928 0.39033201336860657 0.09526753425598145 0.09907501935958862
1 0.013691559433937073 0.9772359728813171 0.027383118867874146 0.044558048248291016
1 0.1102837473154068 0.33855199813842773 0.1197650134563446 0.1384599804878235
1 0.26789623498916626 0.29987600445747375 0.11076372861862183 0.10136401653289795
2 0.3138599991798401 0.5853419899940491 0.10970747470855713 0.12491297721862793
2 0.2300025224685669 0.974452018737793 0.07264500856399536 0.05035996437072754
1 0.11902999877929688 0.32371801137924194 0.1122174859046936 0.11670303344726562
