2 0.5587949752807617 0.29911500215530396 0.10097122192382812 0.12120699882507324
2 0.22913748025894165 0.3709000051021576 0.07990998029708862 0.10515999794006348
2 0.38426995277404785 0.31445300579071045 0.12988999485969543 0.12272500991821289
2 0.39595746994018555 0.6148470044136047 0.12396872043609619 0.1336899995803833
2 0.3929712772369385 0.7902029752731323 0.11515498161315918 0.12403202056884766
2 0.6454537510871887 0.2904199957847595 0.09258627891540527 0.12678398191928864
2 0.40689873695373535 0.19128300249576569 0.10723748803138733 0.12275800108909607
2 0.49310874938964844 0.2183150053024292 0.09809255599975586 0.12404598295688629
2 0.36333000659942627 0.03641099855303764 0.12297499179840088 0.0728209987282753
1 0.7782937288284302 0.844406008720398 0.10646498203277588 0.1060570478439331
2 0.8663537502288818 0.23130899667739868 0.08664995431900024 0.09201999008655548
2 0.6187687516212463 0.14514100551605225 0.10419249534606934 0.12382200360298157
2 0.7404724955558777 0.9358109831809998 0.16213250160217285 0.10968804359436035
2 0.7218937277793884 0.9404659867286682 0.10979247093200684 0.10951900482177734
2 0.7768362164497375 0.8438119888305664 0.1025087833404541 0.10511493682861328
2 0.7632024884223938 0.9327859878540039 0.12425506114959717 0.10875201225280762
2 0.8454074859619141 0.9897680282592773 0.10477995872497559 0.020462989807128906
