2 0.9296225309371948 0.19033999741077423 0.08696246147155762 0.10649800300598145
2 0.9901412129402161 0.1908939927816391 0.01971757411956787 0.10797500610351562
2 0.9893450736999512 0.8929110169410706 0.021309852600097656 0.10474801063537598
2 0.7459537386894226 0.5344619750976562 0.0890662670135498 0.09777402877807617
2 0.9725227952003479 0.0674929991364479 0.0549544095993042 0.10330300033092499
2 0.9735090136528015 0.9720219969749451 0.05298197269439697 0.05595600605010986
2 0.7852299809455872 0.20457999408245087 0.10254621505737305 0.10650500655174255
2 0.9010437726974487 0.8799449801445007 0.10123372077941895 0.11066699028015137
2 0.8734800219535828 0.1249070018529892 0.08536255359649658 0.10671299695968628
2 0.7779513001441956 0.4294469952583313 0.09492123126983643 0.1015239953994751
2 0.8010925054550171 0.10555899143218994 0.08798372745513916 0.10118298977613449
2 0.815357506275177 0.872310996055603 0.08481001853942871 0.09598898887634277
2 0.6787149906158447 0.2655769884586334 0.07158994674682617 0.08195100724697113
2 0.7975775003433228 0.7811049818992615 0.09993875026702881 0.10092902183532715
2 0.9354811906814575 0.9377530217170715 0.062427520751953125 0.057330965995788574
2 0.017284683883190155 0.04496599733829498 0.03456936776638031 0.06442800164222717
