0 0.3762049674987793 0.5483880043029785 0.10248753428459167 0.10785698890686035
0 0.7302486896514893 0.4302690029144287 0.09912753105163574 0.09744298458099365
0 0.8601012229919434 0.5184069871902466 0.09971880912780762 0.10985997319221497
0 0.6087974905967712 0.48395898938179016 0.11190378665924072 0.10678702592849731
0 0.18848252296447754 0.7599070072174072 0.10922253131866455 0.1149590015411377
0 0.6735399961471558 0.33823201060295105 0.10379624366760254 0.112388014793396
0 0.4807424545288086 0.3256469964981079 0.09285998344421387 0.10221701860427856
0 0.4862024784088135 0.6103500127792358 0.08232998847961426 0.10214102268218994
0 0.6361162066459656 0.560558021068573 0.10236501693725586 0.09653103351593018
0 0.7548024654388428 0.5299509763717651 0.11304879188537598 0.11570298671722412
0 0.16320249438285828 0.9182509779930115 0.10965876281261444 0.1102299690246582
0 0.36637377738952637 0.44506099820137024 0.0937512218952179 0.09732997417449951
0 0.40460628271102905 0.34821099042892456 0.08198627829551697 0.10028398036956787
0 0.5226274728775024 0.5368480086326599 0.0738062858581543 0.08514401316642761
0 0.08976748585700989 0.6862760186195374 0.09437501430511475 0.10575902462005615
0 0.9161324501037598 0.29548001289367676 0.07473874092102051 0.08458799123764038
0 0.9791096448898315 0.28456398844718933 0.041780710220336914 0.09121400117874146
0 0.282236248254776 0.42659899592399597 0.08038753271102905 0.09936302900314331
0 0.006095625460147858 0.5204110145568848 0.012191250920295715 0.0959000289440155
0 0.23262625932693481 0.4699519872665405 0.07781374454498291 0.08461499214172363
0 0.1686762571334839 0.5616649985313416 0.08190375566482544 0.09363400936126709
0 0.5431388020515442 0.22412100434303284 0.1122962236404419 0.1059579849243164
0 0.500828742980957 0.13903799653053284 0.06476747989654541 0.08941500633955002
0 0.0453299880027771 0.49289900064468384 0.06564748287200928 0.0915130078792572
0 0.16035500168800354 0.4236460030078888 0.09949874877929688 0.11523902416229248
0 0.7023087739944458 0.6143860220909119 0.09579002857208252 0.11643195152282715
0 0.5660849809646606 0.11584199965000153 0.09240996837615967 0.10527799278497696
0 0.23195123672485352 0.9653139710426331 0.08066624402999878 0.06937205791473389
0 0.9609025716781616 0.3557940125465393 0.06695246696472168 0.06260597705841064
0 0.5868362188339233 0.885890007019043 0.0703587532043457 0.07688593864440918
0 0.22323748469352722 0.4017060101032257 0.05810749530792236 0.07233399152755737
0 0.6766012907028198 0.4891420006752014 0.06202876567840576 0.09621202945709229
0 0.5519112348556519 0.12179899960756302 0.12190628051757812 0.1218550056219101
0 0.004748746752738953 0.8167170286178589 0.009497493505477905 0.06971597671508789
0 0.0027059391140937805 0.7061169743537903 0.005411878228187561 0.06849300861358643
0 0.0359325110912323 0.6584500074386597 0.05079874396324158 0.0687260627746582
0 0.27196377515792847 0.5421599745750427 0.06650751829147339 0.08667397499084473
0 0.0075374990701675415 0.5159509778022766 0.015074998140335083 0.09478998184204102
0 0.10009999573230743 0.4067310094833374 0.038078755140304565 0.06949502229690552
0 0.9573425054550171 0.298550009727478 0.07232260704040527 0.0823410153388977
0 0.09766000509262085 0.5384169816970825 0.07392001152038574 0.0888800323009491
0 0.25592750310897827 0.7067630290985107 0.06253248453140259 0.08286595344543457
0 0.5680387616157532 0.6126570105552673 0.0676811933517456 0.07474303245544434
0 0.9437949657440186 0.298429012298584 0.0893700122833252 0.0842670202255249
0 0.10035248845815659 0.7179459929466248 0.08205123245716095 0.09225094318389893
0 0.542352557182312 0.16393400728702545 0.1290137767791748 0.055521994829177856
