2 0.20307126641273499 0.2709270119667053 0.08933502435684204 0.0993419885635376
1 0.8169549703598022 0.1009960025548935 0.07946252822875977 0.0738849937915802
2 0.13454750180244446 0.37786799669265747 0.08880622684955597 0.09092700481414795
2 0.007952496409416199 0.23902499675750732 0.015904992818832397 0.07332700490951538
1 0.8288775086402893 0.23958000540733337 0.0798649787902832 0.07910901308059692
2 0.13437747955322266 0.057350002229213715 0.08966749906539917 0.09306000173091888
2 0.12372498959302902 0.2623549997806549 0.08166249096393585 0.10419201850891113
1 0.4075912833213806 0.9354259967803955 0.0985112190246582 0.115509033203125
2 0.4079137444496155 0.9347079992294312 0.09923002123832703 0.11694097518920898
2 0.6153637170791626 0.09814999997615814 0.05618751049041748 0.04754999279975891
