0 0.09334999322891235 0.09267500042915344 0.10879373550415039 0.1058729961514473
0 0.366576224565506 0.23644499480724335 0.09520751237869263 0.10219499468803406
0 0.09444499760866165 0.5936220288276672 0.1019199937582016 0.10197699069976807
0 0.019867807626724243 0.7128340005874634 0.039735615253448486 0.09491705894470215
0 0.2335987687110901 0.4630900025367737 0.09859251976013184 0.10027697682380676
0 0.30365002155303955 0.39513298869132996 0.09583872556686401 0.10377198457717896
0 0.2982424795627594 0.656370997428894 0.10428875684738159 0.11589205265045166
0 0.7564337849617004 0.06339699774980545 0.08458876609802246 0.0802140086889267
0 0.08614625036716461 0.7407270073890686 0.09144625067710876 0.09612298011779785
0 0.8349162340164185 0.9201930165290833 0.06380128860473633 0.07030904293060303
0 0.7628412842750549 0.6647530198097229 0.07957255840301514 0.08231794834136963
0 0.19943124055862427 0.34254199266433716 0.10315626859664917 0.10471397638320923
0 0.718459963798523 0.7221350073814392 0.0664438009262085 0.0729520320892334
0 0.0929812490940094 0.350598007440567 0.0886487364768982 0.10938900709152222
0 0.3758149743080139 0.6129990220069885 0.08138123154640198 0.09822201728820801
0 0.6178937554359436 0.7825250029563904 0.06751871109008789 0.07906794548034668
0 0.7940099835395813 0.6231409907341003 0.0611499547958374 0.06055605411529541
0 0.8671861886978149 0.6579809784889221 0.0649062991142273 0.06641495227813721
0 0.3470899760723114 0.320358008146286 0.093952476978302 0.09360802173614502
0 0.20423752069473267 0.550665020942688 0.09970498085021973 0.09123599529266357
0 0.4791812300682068 0.5106059908866882 0.06745755672454834 0.08124199509620667
0 0.547163724899292 0.5295400023460388 0.07582747936248779 0.07906103134155273
0 0.9751434326171875 0.5875970125198364 0.049713134765625 0.06965100765228271
0 0.41062748432159424 0.784824013710022 0.10385501384735107 0.10736393928527832
0 0.035832181572914124 0.484824001789093 0.07166436314582825 0.08446300029754639
0 0.8108637928962708 0.7697409987449646 0.06912374496459961 0.07074499130249023
0 0.6799600124359131 0.7752649784088135 0.05855000019073486 0.07792496681213379
0 0.28206250071525574 0.2249630093574524 0.08811372518539429 0.09818001091480255
0 0.9946237802505493 0.3188529908657074 0.010752439498901367 0.0579259991645813
0 0.08888751268386841 0.5242630243301392 0.08501499891281128 0.07298198342323303
0 0.8578224778175354 0.31894901394844055 0.05558502674102783 0.06225001811981201
0 0.8209712505340576 0.3348189890384674 0.05033373832702637 0.05416601896286011
0 0.6426687836647034 0.03777100145816803 0.07414627075195312 0.07183000445365906
0 0.6750975251197815 0.9241099953651428 0.07735002040863037 0.07996702194213867
0 0.8222537636756897 0.014980999752879143 0.09284627437591553 0.029961999505758286
0 0.23621249198913574 0.8188869953155518 0.07474124431610107 0.07624602317810059
0 0.4957525134086609 0.6742370128631592 0.08533620834350586 0.09067702293395996
0 0.9739425182342529 0.2788139879703522 0.04584240913391113 0.061668992042541504
0 0.8661787509918213 0.8777379989624023 0.051795005798339844 0.05787801742553711
0 0.7557212710380554 0.9306759834289551 0.05225253105163574 0.07033395767211914
0 0.5142650604248047 0.6755189895629883 0.08835875988006592 0.08826196193695068
0 0.7710775136947632 0.8808289766311646 0.048509955406188965 0.05784499645233154
0 0.4483412504196167 0.6426380276679993 0.055243730545043945 0.06876504421234131
0 0.4386937618255615 0.5685089826583862 0.051185011863708496 0.0881340503692627
0 0.9372074604034424 0.2026209980249405 0.06580877304077148 0.06626400351524353
0 0.795066237449646 0.9501360058784485 0.05120253562927246 0.052088022232055664
0 0.14632874727249146 0.6363700032234192 0.06831373274326324 0.09662306308746338
0 0.835812509059906 0.9805229902267456 0.05299496650695801 0.03895401954650879
0 0.9291725158691406 0.5794339776039124 0.04777884483337402 0.06067395210266113
0 0.534404993057251 0.6731730103492737 0.049947500228881836 0.08356106281280518
0 0.0770224928855896 0.6539679765701294 0.07798248529434204 0.07690894603729248
0 0.20923873782157898 0.7441499829292297 0.10219252109527588 0.10628998279571533
