0 0.9854637384414673 0.7295609712600708 0.02907252311706543 0.08997297286987305
0 0.9639137387275696 0.9522989988327026 0.07217252254486084 0.08830404281616211
0 0.8759437799453735 0.9192919731140137 0.08809620141983032 0.09002900123596191
0 0.43806374073028564 0.1442909985780716 0.05305004119873047 0.05431899428367615
0 0.9957246780395508 0.6449779868125916 0.008550643920898438 0.09617304801940918
0 0.2654687762260437 0.06242800131440163 0.05484747886657715 0.05555099993944168
0 0.896206259727478 0.7602580189704895 0.09441620111465454 0.09183895587921143
0 0.21326124668121338 0.040731001645326614 0.05622375011444092 0.05960800498723984
0 0.16616874933242798 0.07754500210285187 0.05491626262664795 0.05641299486160278
0 0.18960624933242798 0.2090200036764145 0.04951751232147217 0.052812010049819946
0 0.9802684187889099 0.41575899720191956 0.039463162422180176 0.0815659761428833
0 0.21894249320030212 0.10301599651575089 0.05636376142501831 0.055194005370140076
0 0.08321750164031982 0.20094799995422363 0.050137490034103394 0.05029699206352234
0 0.20968875288963318 0.16938500106334686 0.051230013370513916 0.05214199423789978
0 0.41057121753692627 0.18168699741363525 0.04803001880645752 0.0423089861869812
0 0.09424875676631927 0.16618500649929047 0.04679751396179199 0.04305198788642883
0 0.9667578339576721 0.8089039921760559 0.06648433208465576 0.09204995632171631
0 0.16489875316619873 0.16685399413108826 0.048889994621276855 0.04975500702857971
0 0.6145037412643433 0.2465689778327942 0.03856003284454346 0.03781299293041229
0 0.38646000623703003 0.21617700159549713 0.041954994201660156 0.04793599247932434
0 0.19106251001358032 0.023145999759435654 0.04402875900268555 0.04471900314092636
0 0.38589751720428467 0.06762900203466415 0.04667499661445618 0.04837000370025635
0 0.280403733253479 0.13802799582481384 0.05388373136520386 0.0545089915394783
0 0.3376075029373169 0.30761799216270447 0.05174750089645386 0.05510300397872925
0 0.20272627472877502 0.03276100009679794 0.05825001001358032 0.058841004967689514
