0 0.7978975176811218 0.49583300948143005 0.07697629928588867 0.07905000448226929
0 0.006938129663467407 0.7980800271034241 0.013876259326934814 0.07989096641540527
1 0.1618974804878235 0.8382189869880676 0.08327500522136688 0.08408999443054199
0 0.6038287878036499 0.7310240268707275 0.07451248168945312 0.07856905460357666
1 0.2487412393093109 0.6554679870605469 0.06892997026443481 0.07579195499420166
1 0.11151750385761261 0.9290909767150879 0.0724475085735321 0.0695420503616333
1 0.07246124744415283 0.8433989882469177 0.07622000575065613 0.07654297351837158
1 0.2678549885749817 0.4631060063838959 0.07441496849060059 0.07343602180480957
0 0.4346950054168701 0.6799299716949463 0.08375000953674316 0.07998204231262207
1 0.07744625210762024 0.7431899905204773 0.08057624101638794 0.08143293857574463
1 0.11312124133110046 0.6329759955406189 0.0666387677192688 0.05962705612182617
0 0.9369362592697144 0.8254719972610474 0.07083010673522949 0.08921003341674805
0 0.33374375104904175 0.8448280096054077 0.08026748895645142 0.07708001136779785
1 0.784413754940033 0.7466840147972107 0.08646500110626221 0.08890998363494873
0 0.724810004234314 0.5041019916534424 0.0738375186920166 0.08053699135780334
1 0.7264237403869629 0.8903989791870117 0.09577250480651855 0.09286201000213623
0 0.32832249999046326 0.9510359764099121 0.07262998819351196 0.07650995254516602
1 0.12761500477790833 0.7595040202140808 0.04509375989437103 0.05527198314666748
0 0.851775050163269 0.8516979813575745 0.06538254022598267 0.07054996490478516
1 0.21348625421524048 0.8905770182609558 0.047963738441467285 0.06766295433044434
0 0.7840375304222107 0.746986985206604 0.08621621131896973 0.09047305583953857
1 0.724848747253418 0.5047230124473572 0.07761001586914062 0.08365902304649353
0 0.6589312553405762 0.5352389812469482 0.08086121082305908 0.07158100605010986
1 0.2867324948310852 0.7994580268859863 0.0585712194442749 0.07380998134613037
0 0.725936233997345 0.8925150036811829 0.09821248054504395 0.09520602226257324
1 0.6572500467300415 0.5353530049324036 0.07518124580383301 0.07305097579956055
1 0.04428374767303467 0.7932789921760559 0.040710002183914185 0.051643967628479004
1 0.3290174901485443 0.9505839943885803 0.07278001308441162 0.07735204696655273
