1 0.4424700140953064 0.67781001329422 0.1091030016541481 0.15205000340938568
1 0.06624400615692139 0.8565390110015869 0.12447900325059891 0.1625629961490631
1 0.12247002124786377 0.7024009823799133 0.1088469997048378 0.1483290046453476
1 0.04596298933029175 0.6294609904289246 0.09192699939012527 0.13122500479221344
1 0.33724498748779297 0.6054890155792236 0.11962000280618668 0.15257400274276733
1 0.238444983959198 0.7572929859161377 0.10860200226306915 0.14514699578285217
1 0.19977498054504395 0.6085969805717468 0.09446199983358383 0.12271100282669067
1 0.24133998155593872 0.9292259812355042 0.14545699954032898 0.13642600178718567
1 0.07444798946380615 0.46960100531578064 0.11565200239419937 0.13347700238227844
0 0.5061659812927246 0.11073900014162064 0.1886110007762909 0.22147700190544128
1 0.4233189821243286 0.8351569771766663 0.10966700315475464 0.13210900127887726
1 0.3264390230178833 0.7587599754333496 0.07354000210762024 0.13579699397087097
1 0.4539639949798584 0.5895990133285522 0.08929900079965591 0.05056999996304512
1 0.15470999479293823 0.44225800037384033 0.09025800228118896 0.14274799823760986
1 0.6952550411224365 0.1502390056848526 0.1811479926109314 0.2101289927959442
