0 0.38799798488616943 0.16092999279499054 0.07829800248146057 0.1053059995174408
0 0.3385019898414612 0.05768999829888344 0.08414100110530853 0.1036129966378212
0 0.9652780294418335 0.2605220079421997 0.06944499909877777 0.08917900174856186
0 0.8246539831161499 0.8076379895210266 0.07552900165319443 0.09438200294971466
0 0.7755060195922852 0.8701819777488708 0.07266099750995636 0.08421699702739716
0 0.28585100173950195 0.7281000018119812 0.0790020003914833 0.10034800320863724
0 0.48479002714157104 0.8597260117530823 0.06071100011467934 0.07649199664592743
0 0.865543007850647 0.8893200159072876 0.07895299792289734 0.10007999837398529
0 0.3403930068016052 0.7151809930801392 0.053390998393297195 0.07843299955129623
0 0.9643279910087585 0.34464699029922485 0.07046300172805786 0.11773800104856491
0 0.9844040274620056 0.6371849775314331 0.031191999092698097 0.09914799779653549
0 0.2839459776878357 0.07502000033855438 0.05390999838709831 0.10747600346803665
0 0.3660510182380676 0.8120409846305847 0.05582800135016441 0.073512002825737
0 0.978082001209259 0.7626839876174927 0.04383600130677223 0.08110500127077103
0 0.22203099727630615 0.5111370086669922 0.07496999949216843 0.07567799836397171
0 0.9056959748268127 0.33855900168418884 0.06541699916124344 0.10228399932384491
0 0.7815700173377991 0.7454469799995422 0.05169299989938736 0.08705200254917145
1 0.42483001947402954 0.5806639790534973 0.0779699981212616 0.1011430025100708
0 0.8993030190467834 0.8587549924850464 0.0430850014090538 0.06792499870061874
1 0.5024909973144531 0.28662699460983276 0.07203300297260284 0.09324800223112106
0 0.9092879891395569 0.9499310255050659 0.052303001284599304 0.06445500254631042
2 0.42522698640823364 0.5829709768295288 0.07610499858856201 0.09881400316953659
2 0.5031260251998901 0.2852979898452759 0.07215400040149689 0.09383600205183029
