0 0.3307949900627136 0.5515599846839905 0.0742029994726181 0.08999700099229813
0 0.587119996547699 0.05502700060606003 0.059390000998973846 0.07655099779367447
0 0.6058819890022278 0.2880919873714447 0.06513100117444992 0.08199000358581543
0 0.46869897842407227 0.1755640059709549 0.0639289990067482 0.07813700288534164
0 0.645272970199585 0.16062100231647491 0.06736999750137329 0.08648200333118439
0 0.7543519735336304 0.1121710017323494 0.05908700078725815 0.07703299820423126
0 0.7339720129966736 0.9567850232124329 0.059050001204013824 0.0743660032749176
0 0.703794002532959 0.14290399849414825 0.06299100071191788 0.08316300064325333
0 0.45772600173950195 0.34607499837875366 0.05343800038099289 0.05978799983859062
0 0.8801000118255615 0.7760540246963501 0.06318700313568115 0.08254999667406082
0 0.8657609820365906 0.46594300866127014 0.07033199816942215 0.07692699879407883
0 0.6162300109863281 0.3625909984111786 0.06390400230884552 0.07186699658632278
0 0.6439260244369507 0.048353999853134155 0.05447699874639511 0.06963100284337997
0 0.8899319767951965 0.860722005367279 0.06045899912714958 0.07248599827289581
0 0.578345000743866 0.9799489974975586 0.05423799902200699 0.03855599835515022
0 0.6591609716415405 0.31804099678993225 0.04719899967312813 0.07226599752902985
0 0.720844030380249 0.3749060034751892 0.04706300050020218 0.04365900158882141
0 0.9772769808769226 0.5024120211601257 0.0454460009932518 0.07526399940252304
0 0.44552600383758545 0.012757999822497368 0.04194999858736992 0.025515999644994736
