1 0.9502339959144592 0.20598900318145752 0.09317199885845184 0.11772599816322327
1 0.8106539845466614 0.19998200237751007 0.07712899893522263 0.10397700220346451
1 0.16614800691604614 0.6373850107192993 0.08526299893856049 0.1230970025062561
1 0.03429001569747925 0.6711180210113525 0.06594300270080566 0.11218699812889099
1 0.45016998052597046 0.33194100856781006 0.09065400063991547 0.11683899909257889
1 0.7496359944343567 0.08749599754810333 0.11051800101995468 0.13988399505615234
1 0.2735360264778137 0.3454110026359558 0.0830489993095398 0.11088000237941742
1 0.385670006275177 0.5400320291519165 0.07349900156259537 0.11316700279712677
1 0.12939602136611938 0.8544750213623047 0.08933500200510025 0.11380500346422195
1 0.029488980770111084 0.8455629944801331 0.05794300138950348 0.10329300165176392
0 0.49960100650787354 0.7433120012283325 0.06096800044178963 0.08878599852323532
1 0.6251139640808105 0.11500900238752365 0.10583999752998352 0.13995599746704102
1 0.1031460165977478 0.7437859773635864 0.08856000006198883 0.11516200006008148
1 0.10685402154922485 0.622992992401123 0.06272800266742706 0.11524499952793121
1 0.9725099802017212 0.10934200137853622 0.05498100072145462 0.0892070010304451
1 0.9508360028266907 0.40930700302124023 0.08720999956130981 0.09319800138473511
1 0.9185199737548828 0.042746998369693756 0.12744100391864777 0.08549299836158752
1 0.436581015586853 0.9026979804039001 0.06342100352048874 0.08734499663114548
1 0.05373197793960571 0.9254850149154663 0.06725499778985977 0.10372799634933472
1 0.8739069700241089 0.400301992893219 0.06798099726438522 0.08762399852275848
1 0.020296990871429443 0.5575720071792603 0.03894300013780594 0.11491300165653229
1 0.012731015682220459 0.5527560114860535 0.02546199969947338 0.10735099762678146
