0 0.3200039863586426 0.5353209972381592 0.07835900038480759 0.10523299872875214
0 0.9486989974975586 0.12789799273014069 0.0630199983716011 0.07584100216627121
0 0.514225959777832 0.8486289978027344 0.08557300269603729 0.10174799710512161
0 0.9558740258216858 0.39930200576782227 0.05703800171613693 0.07474199682474136
0 0.21859902143478394 0.33893701434135437 0.07345300167798996 0.09967599809169769
0 0.06770002841949463 0.37212300300598145 0.07742299884557724 0.10401000082492828
0 0.7301790118217468 0.4309079945087433 0.06316299736499786 0.08012299984693527
0 0.13511502742767334 0.5002999901771545 0.08655700087547302 0.10689699649810791
0 0.4757760167121887 0.9329469799995422 0.07340700179338455 0.09852200001478195
0 0.48090898990631104 0.7112280130386353 0.08257000148296356 0.10377900302410126
0 0.7756080031394958 0.6254510283470154 0.06502699851989746 0.08732900023460388
0 0.8499749898910522 0.34727200865745544 0.05932899937033653 0.06796199828386307
0 0.9664220213890076 0.18830199539661407 0.06466600298881531 0.0757879987359047
0 0.8614410161972046 0.14611800014972687 0.05790400132536888 0.07055900245904922
0 0.8735529780387878 0.20963099598884583 0.06282400339841843 0.07565300166606903
0 0.2810819745063782 0.35491201281547546 0.06503999978303909 0.09544800221920013
0 0.782725989818573 0.0838100016117096 0.05801200121641159 0.07550600171089172
0 0.035331010818481445 0.46630600094795227 0.0706619992852211 0.09694399684667587
0 0.6478919982910156 0.5827320218086243 0.06196900084614754 0.07396800071001053
0 0.8552640080451965 0.28904300928115845 0.05003200098872185 0.058389000594615936
0 0.12009602785110474 0.5816980004310608 0.08226499706506729 0.09250500053167343
0 0.24536597728729248 0.6192129850387573 0.06403499841690063 0.10656700283288956
0 0.20789402723312378 0.5592229962348938 0.056418001651763916 0.08377999812364578
0 0.7417899966239929 0.5109919905662537 0.08427900075912476 0.09419400244951248
0 0.3188890218734741 0.44043299555778503 0.07032500207424164 0.08578799664974213
0 0.5457650423049927 0.626213014125824 0.07106900215148926 0.096731998026371
0 0.03273797035217285 0.5643730163574219 0.06547500193119049 0.11419399827718735
0 0.7229440212249756 0.7299519777297974 0.05037900060415268 0.06891699880361557
0 0.56980299949646 0.45630601048469543 0.05183500051498413 0.086667999625206
0 0.9396250247955322 0.03310000151395798 0.06347700208425522 0.06620100140571594
0 0.81290602684021 0.14323300123214722 0.05983399972319603 0.08105800300836563
0 0.634289026260376 0.46654000878334045 0.08016800135374069 0.09304500371217728
0 0.19529902935028076 0.9119849801063538 0.05434200167655945 0.0710109993815422
0 0.8762890100479126 0.10787999629974365 0.053787000477313995 0.06904199719429016
0 0.4696980118751526 0.39197900891304016 0.07605200260877609 0.10735800117254257
0 0.9867100119590759 0.47073400020599365 0.026580000296235085 0.07091999799013138
0 0.07781702280044556 0.6406480073928833 0.07756400108337402 0.1095609962940216
0 0.3765360116958618 0.41060900688171387 0.06905800104141235 0.1024399995803833
0 0.1762719750404358 0.1659429967403412 0.06671400368213654 0.09881000220775604
0 0.42739999294281006 0.44987499713897705 0.05600700154900551 0.092289999127388
0 0.12569302320480347 0.14338499307632446 0.06345199793577194 0.09322500228881836
0 0.16308599710464478 0.16477300226688385 0.0993880033493042 0.10840799659490585
0 0.9872720241546631 0.050112999975681305 0.02523599937558174 0.07111299782991409
0 0.6902740001678467 0.6526960134506226 0.0494609996676445 0.06927400082349777
0 0.5336869955062866 0.5035300254821777 0.04865799844264984 0.07511600106954575
0 0.651576042175293 0.7548909783363342 0.04770199954509735 0.06880199909210205
0 0.0831490159034729 0.5311570167541504 0.05220099911093712 0.0862869992852211
0 0.47906702756881714 0.5341089963912964 0.060506001114845276 0.0998930037021637
0 0.6467369794845581 0.6451240181922913 0.050457000732421875 0.06598400324583054
0 0.42407602071762085 0.38210800290107727 0.03949600085616112 0.06945200264453888
0 0.6937049627304077 0.5806779861450195 0.048875000327825546 0.08482900261878967
0 0.18115299940109253 0.6324830055236816 0.052459001541137695 0.07876499742269516
0 0.16345298290252686 0.24424999952316284 0.08525499701499939 0.10896500200033188
0 0.9124580025672913 0.9869379997253418 0.04975400120019913 0.023155000060796738
0 0.40347200632095337 0.5307689905166626 0.05216300114989281 0.07813999801874161
