0 0.4282429814338684 0.26313701272010803 0.06756900250911713 0.09745199978351593
0 0.07740801572799683 0.47075700759887695 0.07982899993658066 0.10886599868535995
0 0.6521379947662354 0.7769020199775696 0.08464500308036804 0.10118699818849564
0 0.1607069969177246 0.47086599469184875 0.08809299767017365 0.11420399695634842
0 0.6104080080986023 0.8574690222740173 0.07353100180625916 0.1003279983997345
0 0.4605559706687927 0.44801899790763855 0.0800819993019104 0.10745099931955338
0 0.17501300573349 0.37242600321769714 0.07861500233411789 0.0976720005273819
0 0.6196100115776062 0.6303750276565552 0.0869700014591217 0.11076000332832336
0 0.8929439783096313 0.3502559959888458 0.06620199978351593 0.08476600050926208
0 0.3635140061378479 0.24542400240898132 0.07592300325632095 0.10033900290727615
0 0.2076219916343689 0.27479299902915955 0.07897700369358063 0.10621800273656845
0 0.9375519752502441 0.5540900230407715 0.06778199970722198 0.08942800015211105
0 0.2692580223083496 0.40648600459098816 0.08669299632310867 0.10602600127458572
0 0.46463102102279663 0.35205399990081787 0.06808199733495712 0.09045799821615219
0 0.8030880093574524 0.5048549771308899 0.0634400025010109 0.07782699912786484
0 0.614113986492157 0.2966960072517395 0.07079699635505676 0.09272100031375885
0 0.6903110146522522 0.5505020022392273 0.07674100250005722 0.10270199924707413
0 0.9070839881896973 0.4343140125274658 0.08545699715614319 0.09837199747562408
0 0.5235199928283691 0.32315799593925476 0.06988599896430969 0.10123100131750107
0 0.38884299993515015 0.5293809771537781 0.06389100104570389 0.10365799814462662
0 0.27192598581314087 0.04390000179409981 0.06918899714946747 0.08328700065612793
0 0.2625200152397156 0.49223899841308594 0.08835399895906448 0.0892840027809143
0 0.5776489973068237 0.3646340072154999 0.06026899814605713 0.08413399755954742
0 0.211031973361969 0.5461999773979187 0.08400200307369232 0.1090259999036789
0 0.8828240036964417 0.6582069993019104 0.05295100063085556 0.07108999788761139
0 0.029398977756500244 0.2674649953842163 0.053408000618219376 0.09646099805831909
0 0.6863210201263428 0.4197779893875122 0.057433001697063446 0.08191400021314621
0 0.9805350303649902 0.04899600148200989 0.03739999979734421 0.08813799917697906
0 0.7936480045318604 0.38718101382255554 0.08612100034952164 0.08950299769639969
0 0.7264569997787476 0.3699209988117218 0.057034000754356384 0.08673799782991409
0 0.3597490191459656 0.46652600169181824 0.05567000061273575 0.08689799904823303
0 0.327938973903656 0.06749799847602844 0.06007000058889389 0.09320499747991562
0 0.3456060290336609 0.8171709775924683 0.05420299991965294 0.0737759992480278
0 0.8501399755477905 0.5773379802703857 0.05353900045156479 0.07273399829864502
0 0.8537150025367737 0.5013430118560791 0.049821000546216965 0.08177799731492996
0 0.8050869703292847 0.5723419785499573 0.05367400124669075 0.07250399887561798
0 0.7439830303192139 0.5317630171775818 0.04760799929499626 0.08289399743080139
0 0.8067139983177185 0.6787019968032837 0.04987499862909317 0.06978999823331833
0 0.6648579835891724 0.28283798694610596 0.04704499989748001 0.08239299803972244
0 0.5520960092544556 0.44157499074935913 0.05458100140094757 0.07894399762153625
0 0.9769729971885681 0.031091000884771347 0.043935999274253845 0.062182001769542694
0 0.6983389854431152 0.5971590280532837 0.06645099818706512 0.08033700287342072
0 0.3066740036010742 0.14900699257850647 0.08628100156784058 0.11513199657201767
0 0.8832839727401733 0.12893299758434296 0.05659399926662445 0.06649000197649002
0 0.6266610026359558 0.4537459909915924 0.058341000229120255 0.10915099829435349
