0 0.7691829800605774 0.0722770020365715 0.054524000734090805 0.07072900235652924
0 0.8567060232162476 0.13040100038051605 0.060488998889923096 0.07366299629211426
0 0.7508000135421753 0.38133901357650757 0.04608500003814697 0.06772899627685547
0 0.4834139943122864 0.8532530069351196 0.14616499841213226 0.17885999381542206
0 0.6888389587402344 0.030059000477194786 0.07239700108766556 0.06011800095438957
0 0.5083099603652954 0.052340999245643616 0.050186000764369965 0.06167199835181236
0 0.7139530181884766 0.09543099999427795 0.05403999984264374 0.0650940015912056
0 0.8580310344696045 0.2690500020980835 0.05372399836778641 0.06374199688434601
0 0.13481497764587402 0.19972699880599976 0.04190199822187424 0.060784999281167984
0 0.92392897605896 0.3696439862251282 0.050526998937129974 0.05275600031018257
0 0.26419001817703247 0.24637199938297272 0.043076999485492706 0.059342000633478165
0 0.8185049891471863 0.37850600481033325 0.045382000505924225 0.05198400095105171
0 0.7355459928512573 0.049341000616550446 0.03785799816250801 0.05365600064396858
0 0.4285230040550232 0.24977299571037292 0.041106998920440674 0.056772999465465546
0 0.48101502656936646 0.2116200029850006 0.038672998547554016 0.06305199861526489
0 0.5901069641113281 0.02727000042796135 0.05496999993920326 0.0545400008559227
0 0.5108159780502319 0.11002200096845627 0.04587699845433235 0.057231999933719635
0 0.35333800315856934 0.24302400648593903 0.03759099915623665 0.05023699998855591
0 0.5549759864807129 0.030729999765753746 0.04548000171780586 0.06145999953150749
0 0.5726250410079956 0.0293550007045269 0.0803849995136261 0.0569939985871315
0 0.3041520118713379 0.21872800588607788 0.03452200070023537 0.04991000145673752
0 0.6534689664840698 0.10811100155115128 0.05527599900960922 0.07021500170230865
0 0.3640419840812683 0.8619790077209473 0.10212700068950653 0.17552100121974945
0 0.6201670169830322 0.9581239819526672 0.13310399651527405 0.08375199884176254
