2 0.10770702362060547 0.7564799785614014 0.0853239968419075 0.11963000148534775
0 0.6950390338897705 0.5004439949989319 0.14949700236320496 0.17585299909114838
1 0.569923996925354 0.6935160160064697 0.11103799939155579 0.13350500166416168
1 0.5845099687576294 0.8328419923782349 0.1102060005068779 0.1201149970293045
1 0.685247004032135 0.9329969882965088 0.09247799962759018 0.13163399696350098
2 0.5502560138702393 0.9501500129699707 0.11720199882984161 0.09742199629545212
2 0.2703319787979126 0.7056210041046143 0.14654000103473663 0.20699700713157654
1 0.9525690078735352 0.34773099422454834 0.0847179964184761 0.09787099808454514
1 0.7649639844894409 0.7901350259780884 0.08338800072669983 0.11704400181770325
1 0.7020490169525146 0.4984480142593384 0.13690100610256195 0.161080002784729
0 0.04676002264022827 0.9848219752311707 0.09352099895477295 0.0303569994866848
1 0.9767339825630188 0.5616080164909363 0.046532999724149704 0.12192399799823761
