1 0.3064640164375305 0.18037299811840057 0.07021600008010864 0.08448600023984909
2 0.34396499395370483 0.34018099308013916 0.07124999910593033 0.0872339978814125
1 0.28444600105285645 0.3434079885482788 0.05184200033545494 0.07613000273704529
1 0.5810390114784241 0.9233160018920898 0.07547400146722794 0.09841799736022949
1 0.3752790093421936 0.14313200116157532 0.06520800292491913 0.07992400228977203
1 0.24348199367523193 0.29059699177742004 0.05228700116276741 0.06021000072360039
2 0.5803680419921875 0.9219030141830444 0.0765480026602745 0.09948799759149551
1 0.4939749836921692 0.9353899955749512 0.09925500303506851 0.1068200021982193
0 0.4812679886817932 0.934149980545044 0.07604199647903442 0.110725998878479
1 0.22783398628234863 0.013728000223636627 0.061128001660108566 0.026809999719262123
