0 0.2642189860343933 0.25049400329589844 0.09854699671268463 0.12030299752950668
0 0.35450202226638794 0.24790999293327332 0.08726800233125687 0.11952400207519531
0 0.2803090214729309 0.3501729965209961 0.07533100247383118 0.09857100248336792
0 0.5090060234069824 0.1826460063457489 0.09872499853372574 0.12443599849939346
0 0.05892598628997803 0.7519429922103882 0.06120000034570694 0.07669000327587128
0 0.34968602657318115 0.41806700825691223 0.09468799829483032 0.11181599646806717
0 0.3807870149612427 0.5197839736938477 0.09376999735832214 0.11259700357913971
0 0.4459090232849121 0.2665350139141083 0.08154100179672241 0.11051999777555466
0 0.5522930026054382 0.04733999818563461 0.08340899646282196 0.09337899833917618
0 0.09400701522827148 0.19731299579143524 0.06719899922609329 0.09900999814271927
0 0.2796189785003662 0.7311379909515381 0.07361499965190887 0.08942300081253052
0 0.0960569977760315 0.6307809948921204 0.05234000086784363 0.06609900295734406
0 0.6864290237426758 0.9672459959983826 0.07122600078582764 0.06550800055265427
0 0.19618499279022217 0.3292050063610077 0.0797789990901947 0.11255799978971481
0 0.07360100746154785 0.5103849768638611 0.053784001618623734 0.07966499775648117
0 0.1544169783592224 0.1696690022945404 0.0890590026974678 0.12436400353908539
0 0.22033601999282837 0.11808499693870544 0.09717699885368347 0.11360300332307816
0 0.8064619898796082 0.9769319891929626 0.07007099688053131 0.044270001351833344
0 0.01100999116897583 0.3306959867477417 0.022019999101758003 0.08251000195741653
0 0.8247720003128052 0.20588800311088562 0.05167999863624573 0.0626790001988411
0 0.13182199001312256 0.5426350235939026 0.04459799826145172 0.06339199841022491
0 0.9911209940910339 0.24208299815654755 0.016541000455617905 0.05043800175189972
