0 0.4564020037651062 0.6073560118675232 0.0690850019454956 0.08457999676465988
0 0.8337330222129822 0.6276999711990356 0.05733000114560127 0.0713139995932579
0 0.300836980342865 0.10680700093507767 0.07203900068998337 0.0943010002374649
0 0.5509120225906372 0.3888309895992279 0.06826700270175934 0.08516299724578857
0 0.41978001594543457 0.45934998989105225 0.06577499955892563 0.08513499796390533
0 0.3631110191345215 0.9608240127563477 0.06597600132226944 0.07835099846124649
0 0.5351510047912598 0.5327919721603394 0.06735199689865112 0.08285500109195709
0 0.5134310126304626 0.6057770252227783 0.05791600048542023 0.079864002764225
0 0.5145969986915588 0.6842550039291382 0.06168299913406372 0.07499799877405167
0 0.20520401000976562 0.0525050014257431 0.07138899713754654 0.09261400252580643
0 0.36194801330566406 0.4354409873485565 0.060315001755952835 0.0818059965968132
0 0.905318021774292 0.6255930066108704 0.05656899884343147 0.07400599867105484
0 0.9747849702835083 0.7663959860801697 0.050429001450538635 0.0763470008969307
0 0.877144992351532 0.03045099973678589 0.06591899693012238 0.06090199947357178
0 0.22416198253631592 0.16023500263690948 0.05816100165247917 0.08028600364923477
0 0.6639609932899475 0.3386160135269165 0.04018300026655197 0.05903799831867218
0 0.10800200700759888 0.09471400082111359 0.07450000196695328 0.08916199952363968
0 0.9710239768028259 0.9265940189361572 0.05688299983739853 0.09878300130367279
0 0.9557790160179138 0.47231099009513855 0.06108200177550316 0.07488799840211868
0 0.9123319983482361 0.25442901253700256 0.06518299877643585 0.08274000138044357
0 0.839572012424469 0.5289509892463684 0.05818900093436241 0.07228600233793259
0 0.3494200110435486 0.32065799832344055 0.0605119988322258 0.07726699858903885
0 0.08525902032852173 0.29541999101638794 0.07176800072193146 0.08609099686145782
1 0.055593013763427734 0.5649240016937256 0.05674999952316284 0.07679499685764313
0 0.6418789625167847 0.778298020362854 0.045639000833034515 0.06624399870634079
1 0.029987990856170654 0.08066000044345856 0.059810999780893326 0.09273199737071991
0 0.011346995830535889 0.30417001247406006 0.022693999111652374 0.10557500272989273
0 0.921887993812561 0.3045539855957031 0.06387899816036224 0.07200799882411957
0 0.1456819772720337 0.04612400010228157 0.05105900019407272 0.08091600239276886
1 0.08162099123001099 0.1982010006904602 0.06196799874305725 0.07937800139188766
