1 0.28575998544692993 0.06132800132036209 0.07258500158786774 0.08979400247335434
1 0.062367022037506104 0.6870419979095459 0.06431599706411362 0.0808039978146553
1 0.38465702533721924 0.1664620041847229 0.06503400206565857 0.0852390006184578
1 0.09675997495651245 0.49771198630332947 0.0627169981598854 0.085548996925354
0 0.9297729730606079 0.33971598744392395 0.0488630011677742 0.06634800136089325
1 0.39615702629089355 0.5353299975395203 0.0560929998755455 0.0744900032877922
1 0.2705540060997009 0.15843400359153748 0.06440400332212448 0.0911479964852333
1 0.03932201862335205 0.6100109815597534 0.0671050027012825 0.08956299722194672
1 0.43375498056411743 0.11091200262308121 0.06135699898004532 0.08058600127696991
1 0.3354099988937378 0.11856699734926224 0.06326299905776978 0.08271999657154083
1 0.35264700651168823 0.6344929933547974 0.05785499885678291 0.07852400094270706
1 0.03751397132873535 0.5003600120544434 0.061501000076532364 0.0882359966635704
1 0.445264995098114 0.20638400316238403 0.06506700068712234 0.0916839987039566
1 0.28680700063705444 0.6271349787712097 0.05746600031852722 0.0788780003786087
1 0.564752995967865 0.15261200070381165 0.07258500158786774 0.09230600297451019
1 0.1817299723625183 0.12589800357818604 0.06429100036621094 0.09369400143623352
1 0.5080080032348633 0.200422003865242 0.06406299769878387 0.08818899840116501
1 0.35300999879837036 0.2495889961719513 0.06993100047111511 0.08987600356340408
1 0.19255298376083374 0.031780000776052475 0.10444299876689911 0.06032999977469444
1 0.8728159666061401 0.5355330109596252 0.06420999765396118 0.07329899817705154
1 0.5036770105361938 0.6185590028762817 0.050586000084877014 0.05896500125527382
1 0.1997320055961609 0.655305027961731 0.0580499991774559 0.07203999906778336
1 0.2229599952697754 0.18563500046730042 0.055156998336315155 0.09492400288581848
1 0.46557098627090454 0.7020189762115479 0.05265200138092041 0.06986399739980698
1 0.32939302921295166 0.5210580229759216 0.04230500012636185 0.07438500225543976
1 0.3495050072669983 0.030146000906825066 0.06018099933862686 0.05824999883770943
1 0.8017330169677734 0.5968689918518066 0.06132299825549126 0.07296299934387207
1 0.6122120022773743 0.19006100296974182 0.050039999186992645 0.07575099915266037
1 0.11115598678588867 0.03451099991798401 0.06125200167298317 0.06885000318288803
1 0.41965997219085693 0.29701900482177734 0.0695130005478859 0.08553899824619293
1 0.3620169758796692 0.02820499986410141 0.06688699871301651 0.05609999969601631
1 0.021595001220703125 0.7322090268135071 0.04078099876642227 0.10163100063800812
1 0.8197159767150879 0.5200139880180359 0.055782999843358994 0.07140800356864929
0 0.8719199895858765 0.5346840023994446 0.06453700363636017 0.07364899665117264
0 0.8025079965591431 0.5978959798812866 0.061115000396966934 0.07329799979925156
1 0.2052140235900879 0.027885999530553818 0.09045399725437164 0.05577100068330765
1 0.3929229974746704 0.6689170002937317 0.04008900001645088 0.0645660012960434
2 0.35291600227355957 0.24894900619983673 0.07049400359392166 0.08979599922895432
2 0.5880019664764404 0.07127700001001358 0.06134700030088425 0.07833799719810486
