2 0.4431830048561096 0.8594629764556885 0.0699089989066124 0.09405799955129623
1 0.9186720252037048 0.8558779954910278 0.09491000324487686 0.11890900135040283
1 0.3783460259437561 0.9296479821205139 0.0773250013589859 0.1105320006608963
0 0.11455202102661133 0.16268199682235718 0.07245499640703201 0.09532900154590607
1 0.7623649835586548 0.9389060139656067 0.09836900234222412 0.10947299748659134
1 0.20097297430038452 0.97673499584198 0.09349899739027023 0.045827001333236694
1 0.8010979890823364 0.969124972820282 0.08870899677276611 0.058720000088214874
2 0.9429789781570435 0.26873400807380676 0.06571599841117859 0.09392199665307999
2 0.9170870184898376 0.8576340079307556 0.09357400238513947 0.11481799930334091
0 0.7860199809074402 0.030420999974012375 0.05360100045800209 0.06084100157022476
1 0.37840598821640015 0.9840540289878845 0.09104900062084198 0.029664000496268272
