0 0.8061699867248535 0.5412330031394958 0.07078099995851517 0.09536900371313095
0 0.8858680129051208 0.807761013507843 0.07409899681806564 0.09542600065469742
0 0.565621018409729 0.8453450202941895 0.09775400161743164 0.1168539971113205
0 0.9516689777374268 0.5547770261764526 0.06289499998092651 0.0877859964966774
0 0.9060969948768616 0.5207669734954834 0.06981000304222107 0.09398599714040756
0 0.9815269708633423 0.5157909989356995 0.03607799857854843 0.0867139995098114
0 0.573390007019043 0.9093040227890015 0.08699800074100494 0.09170199930667877
0 0.5590009689331055 0.9624789953231812 0.0917539969086647 0.0750420019030571
0 0.7902339696884155 0.46935901045799255 0.06412900239229202 0.0723010003566742
0 0.9814010262489319 0.7096059918403625 0.03719799965620041 0.06710100173950195
0 0.47548598051071167 0.19506500661373138 0.08025199919939041 0.10987000167369843
0 0.5810849666595459 0.18024200201034546 0.07837100327014923 0.09750799834728241
0 0.01278597116470337 0.8334800004959106 0.0255730003118515 0.1084669977426529
0 0.36574000120162964 0.18393099308013916 0.07752999663352966 0.09460800141096115
0 0.7105909585952759 0.9889490008354187 0.07396200299263 0.022103000432252884
0 0.9858220219612122 0.45742401480674744 0.028355000540614128 0.06293799728155136
0 0.27348101139068604 0.1560479998588562 0.07149600237607956 0.10133600234985352
0 0.43387502431869507 0.17647099494934082 0.06481999903917313 0.09865900129079819
0 0.010451972484588623 0.8315389752388 0.020904000848531723 0.08706200122833252
