0 0.14733898639678955 0.2997809946537018 0.04253299906849861 0.05660200119018555
0 0.1661139726638794 0.22680699825286865 0.0431549996137619 0.05485500022768974
0 0.1578350067138672 0.1272049993276596 0.043570999056100845 0.05748400092124939
0 0.06009000539779663 0.8465059995651245 0.046512000262737274 0.05971800163388252
0 0.18148201704025269 0.346560001373291 0.04706300050020218 0.05889200046658516
0 0.4013170003890991 0.6303899884223938 0.04375600069761276 0.0582440011203289
0 0.009701013565063477 0.12356399744749069 0.01940299943089485 0.0539340004324913
0 0.8416209816932678 0.19106200337409973 0.03923900052905083 0.058038000017404556
0 0.010689020156860352 0.03510800004005432 0.02137799933552742 0.058125998824834824
2 0.8784189820289612 0.44121500849723816 0.06790000200271606 0.08996900171041489
0 0.7689989805221558 0.1616089940071106 0.042886000126600266 0.06289000064134598
0 0.10663199424743652 0.015042000450193882 0.045542001724243164 0.02985999919474125
0 0.11053097248077393 0.061066001653671265 0.04392499849200249 0.05199100077152252
0 0.7545300126075745 0.22376500070095062 0.035819001495838165 0.047293998301029205
2 0.7345889806747437 0.42869099974632263 0.10844799876213074 0.10566599667072296
0 0.5366359949111938 0.682191014289856 0.03872299939393997 0.054676998406648636
0 0.4476640224456787 0.5097590088844299 0.05035499855875969 0.061358001083135605
0 0.19767999649047852 0.11935699731111526 0.04064900055527687 0.05098700150847435
0 0.6256669759750366 0.6614570021629333 0.03726699948310852 0.050188999623060226
2 0.7566159963607788 0.4330900013446808 0.08343300223350525 0.10007700324058533
0 0.7924410104751587 0.19044600427150726 0.03955699875950813 0.052813999354839325
0 0.14709597826004028 0.8109710216522217 0.0363520011305809 0.05100499838590622
2 0.6292309761047363 0.469541996717453 0.06407999992370605 0.08399000018835068
2 0.5734050273895264 0.4114069938659668 0.08015099912881851 0.08780399709939957
2 0.5391260385513306 0.4219779968261719 0.08839499950408936 0.11723099648952484
2 0.718733012676239 0.4264949858188629 0.0817129984498024 0.10446999967098236
1 0.5575810074806213 0.823764979839325 0.05278199911117554 0.07385300099849701
0 0.7859939932823181 0.180650994181633 0.042587000876665115 0.06334800273180008
