0 0.3188199996948242 0.33529600501060486 0.06589099764823914 0.0754690021276474
0 0.07004499435424805 0.5735430121421814 0.0661650002002716 0.08254600316286087
0 0.2784789800643921 0.24122899770736694 0.0653579980134964 0.07705599814653397
0 0.32350802421569824 0.40233901143074036 0.05953500047326088 0.0720129981637001
0 0.22278600931167603 0.32881900668144226 0.06219099834561348 0.07683800160884857
0 0.9027720093727112 0.4326469898223877 0.048657000064849854 0.058997999876737595
0 0.2666100263595581 0.3623470067977905 0.06476700305938721 0.09613499790430069
0 0.18258601427078247 0.7764049768447876 0.04863100126385689 0.06066200137138367
0 0.25523197650909424 0.636247992515564 0.0555649995803833 0.0708409994840622
0 0.03832900524139404 0.7577319741249084 0.036389999091625214 0.05877799913287163
0 0.27448099851608276 0.2037860006093979 0.06110699847340584 0.058090001344680786
0 0.29314500093460083 0.5773530006408691 0.052267998456954956 0.06208899989724159
0 0.3335149884223938 0.5478219985961914 0.04736499860882759 0.0708480030298233
0 0.9062110185623169 0.5963950157165527 0.05524199828505516 0.08325500041246414
0 0.2954360246658325 0.6386359930038452 0.052914999425411224 0.07204800099134445
0 0.476252019405365 0.01476799976080656 0.07082600146532059 0.0277670007199049
0 0.1858760118484497 0.5461300015449524 0.04904099926352501 0.06765300035476685
0 0.47008997201919556 0.011772999539971352 0.07429999858140945 0.02203099988400936
0 0.3458719849586487 0.3574860095977783 0.03084300085902214 0.05727500095963478
0 0.4555310010910034 0.009290000423789024 0.04641399905085564 0.016541000455617905
