0 0.6169880032539368 0.03239599987864494 0.054492998868227005 0.06212199851870537
0 0.4964529871940613 0.27582699060440063 0.054698001593351364 0.06610900163650513
0 0.6333490014076233 0.08576299995183945 0.05079200118780136 0.06658300012350082
0 0.7092570066452026 0.23741300404071808 0.053950000554323196 0.06563500314950943
0 0.7367619872093201 0.9209129810333252 0.060401998460292816 0.07565200328826904
0 0.6985189914703369 0.1381479948759079 0.05553299933671951 0.06620600074529648
0 0.5029699802398682 0.4813610017299652 0.05079299956560135 0.0630199983716011
0 0.6541889905929565 0.27374300360679626 0.04880400002002716 0.05947300046682358
0 0.5902910232543945 0.08915799856185913 0.04726799950003624 0.06527400016784668
0 0.4393939971923828 0.5229150056838989 0.0528779998421669 0.06615500152111053
0 0.6730650067329407 0.8900120258331299 0.05335399881005287 0.05964700132608414
0 0.6922979950904846 0.9408890008926392 0.05063299834728241 0.07056500017642975
0 0.4820290207862854 0.6589720249176025 0.049685999751091 0.058246999979019165
0 0.9824910163879395 0.6599900126457214 0.03425399959087372 0.08008600026369095
0 0.6563799977302551 0.32860100269317627 0.05074600130319595 0.06262099742889404
0 0.7276220321655273 0.97775799036026 0.056290000677108765 0.0444829985499382
0 0.4464089870452881 0.6042799949645996 0.04383699968457222 0.05631700158119202
0 0.6564779877662659 0.8325690031051636 0.05279900133609772 0.07194499671459198
0 0.7921169996261597 0.7463070154190063 0.0665770024061203 0.07629899680614471
0 0.5143920183181763 0.1586260050535202 0.04772699996829033 0.057061001658439636
0 0.4025779962539673 0.23947499692440033 0.04616599902510643 0.06041799858212471
0 0.3604840040206909 0.7925350069999695 0.034873999655246735 0.04363600164651871
0 0.020259976387023926 0.5318139791488647 0.04052000120282173 0.05453699827194214
0 0.40485697984695435 0.7109619975090027 0.03733399882912636 0.0505249984562397
0 0.5782719850540161 0.021416999399662018 0.039062999188899994 0.04283500090241432
0 0.8247659802436829 0.3885760009288788 0.03450800105929375 0.050595998764038086
0 0.8038370013237 0.9167619943618774 0.050342999398708344 0.07771699875593185
0 0.4716089963912964 0.5610719919204712 0.04642999917268753 0.0606519989669323
0 0.3844119906425476 0.7693420052528381 0.02999100089073181 0.04475799947977066
0 0.6528010368347168 0.17229999601840973 0.04642599821090698 0.06467700004577637
0 0.5439870357513428 0.6276580095291138 0.03179800137877464 0.05586300045251846
0 0.5271160006523132 0.5935879945755005 0.035259000957012177 0.04974399879574776
0 0.04614001512527466 0.42485401034355164 0.03787500038743019 0.051986001431941986
0 0.9008409976959229 0.02527100034058094 0.03226500004529953 0.03692299872636795
0 0.37301599979400635 0.923973023891449 0.04563099890947342 0.0614980012178421
0 0.44275999069213867 0.8170490264892578 0.03242800012230873 0.0547339990735054
0 0.02194201946258545 0.44696900248527527 0.035548001527786255 0.04777200147509575
0 0.38325101137161255 0.9872660040855408 0.04327800124883652 0.025467999279499054
0 0.6022160053253174 0.9837340116500854 0.05499900132417679 0.031296998262405396
0 0.7069399952888489 0.8220139741897583 0.05539099872112274 0.06648699939250946
0 0.09803998470306396 0.03455999866127968 0.04288100078701973 0.05353400111198425
0 0.06252700090408325 0.16671499609947205 0.03891599923372269 0.049518998712301254
0 0.09457701444625854 0.08556800335645676 0.035523999482393265 0.049945998936891556
1 0.707563042640686 0.8213919997215271 0.05381200090050697 0.0651250034570694
0 0.18972700834274292 0.04003100097179413 0.03132899850606918 0.03787599876523018
0 0.42626500129699707 0.3072800040245056 0.03262599930167198 0.04608200117945671
0 0.12507402896881104 0.6107680201530457 0.03818700090050697 0.06030400097370148
0 0.8414739966392517 0.9872620105743408 0.04405000060796738 0.024550000205636024
0 0.944687008857727 0.369484007358551 0.03618700057268143 0.0560699999332428
0 0.11671102046966553 0.4048300087451935 0.029472999274730682 0.0443819984793663
