0 0.10350298881530762 0.6416509747505188 0.06444600224494934 0.08602000027894974
0 0.4269930124282837 0.1124740019440651 0.07080300152301788 0.09485399723052979
0 0.8849200010299683 0.9115509986877441 0.06406400352716446 0.08651100099086761
0 0.8443480134010315 0.7666800022125244 0.05933700129389763 0.084477998316288
0 0.7995610237121582 0.9575740098953247 0.06884299963712692 0.08076100051403046
0 0.9759520292282104 0.5770509839057922 0.04678700119256973 0.06313800066709518
0 0.9470720291137695 0.42514801025390625 0.060029998421669006 0.07271099835634232
0 0.9412620067596436 0.8758329749107361 0.07614199817180634 0.08412600308656693
0 0.5816559791564941 0.2428240031003952 0.07720199972391129 0.10567999631166458
0 0.4431629776954651 0.17765499651432037 0.07002399861812592 0.07731200009584427
0 0.9497799873352051 0.619055986404419 0.03653499856591225 0.06154400110244751
0 0.5877670049667358 0.08180300146341324 0.0683860033750534 0.08836899697780609
0 0.46536898612976074 0.3924109935760498 0.06238599866628647 0.07854799926280975
0 0.8008500337600708 0.8660500049591064 0.06307200342416763 0.0706930011510849
0 0.9289770126342773 0.31699100136756897 0.05097699910402298 0.06399799883365631
0 0.5911990404129028 0.23415100574493408 0.05952199921011925 0.08341100066900253
0 0.5684729814529419 0.2538599967956543 0.059192001819610596 0.09856999665498734
1 0.6330879926681519 0.272163987159729 0.05340899899601936 0.08516199886798859
0 0.7667160034179688 0.055987998843193054 0.04633599892258644 0.06015399843454361
0 0.631089985370636 0.27182498574256897 0.05499599874019623 0.08811099827289581
0 0.04316800832748413 0.01953900046646595 0.08633600175380707 0.038472000509500504
0 0.9493439793586731 0.516821026802063 0.039379000663757324 0.07564999908208847
0 0.892412006855011 0.3669709861278534 0.03828300163149834 0.057999998331069946
0 0.929502010345459 0.8723919987678528 0.058035001158714294 0.07581999897956848
0 0.048364996910095215 0.016078000888228416 0.06369400024414062 0.030361000448465347
1 0.3111649751663208 0.89137202501297 0.04937500134110451 0.06364300101995468
0 0.9892169833183289 0.8134880065917969 0.0215659998357296 0.06197400018572807
