0 0.2591239809989929 0.42476600408554077 0.06210099905729294 0.07989399880170822
0 0.8756849765777588 0.30254799127578735 0.0642789974808693 0.08112800121307373
0 0.3165019750595093 0.5721309781074524 0.061806000769138336 0.07847300171852112
0 0.37355297803878784 0.14191199839115143 0.06345800310373306 0.07282599806785583
0 0.9750059843063354 0.6472060084342957 0.04998699948191643 0.07217200100421906
0 0.5458419919013977 0.284060001373291 0.05837099999189377 0.07708100229501724
0 0.5659700036048889 0.6771270036697388 0.07012800127267838 0.11143899708986282
1 0.6629799604415894 0.11594399809837341 0.06228400021791458 0.0798029974102974
1 0.7162660360336304 0.31119999289512634 0.06359100341796875 0.07990700006484985
0 0.5721219778060913 0.6877750158309937 0.06752700358629227 0.10182499885559082
0 0.6733410358428955 0.5038710236549377 0.0542990006506443 0.07617700099945068
1 0.7520530223846436 0.41555100679397583 0.05580199882388115 0.06757699698209763
1 0.7891600131988525 0.22970199584960938 0.06870300322771072 0.08701500296592712
0 0.4922170042991638 0.10381899774074554 0.07126700133085251 0.07771500200033188
0 0.953453004360199 0.3567430078983307 0.06587299704551697 0.08440999686717987
1 0.6058399677276611 0.30855798721313477 0.04564199969172478 0.07664600014686584
0 0.5619640350341797 0.6624069809913635 0.06534399837255478 0.08797799795866013
1 0.7881280183792114 0.332506000995636 0.06522399932146072 0.07542400062084198
1 0.19882601499557495 0.25262901186943054 0.07282400131225586 0.09142199903726578
1 0.8210979700088501 0.2892169952392578 0.04343299940228462 0.060869000852108
1 0.15165400505065918 0.10198300331830978 0.07149200141429901 0.08969400078058243
0 0.09683597087860107 0.1926179975271225 0.050515998154878616 0.06618300080299377
0 0.027777016162872314 0.15414300560951233 0.04532499983906746 0.08445700258016586
0 0.7499209642410278 0.499534010887146 0.06256099790334702 0.07635600119829178
0 0.8805500268936157 0.39626801013946533 0.048503000289201736 0.07105900347232819
0 0.3912690281867981 0.5290729999542236 0.05181200057268143 0.07686299830675125
0 0.15171897411346436 0.10283999890089035 0.06954299658536911 0.08893200010061264
1 0.8802980184555054 0.3964340090751648 0.048955000936985016 0.0700019970536232
1 0.6983680129051208 0.725907027721405 0.0475349985063076 0.06566499918699265
0 0.19969600439071655 0.2519890069961548 0.07525800168514252 0.09371399879455566
0 0.5429250001907349 0.39017099142074585 0.049306001514196396 0.07215099781751633
