0 0.7192820310592651 0.712090015411377 0.08351299911737442 0.116177998483181
0 0.5732400417327881 0.7982149720191956 0.09774699807167053 0.12168700248003006
0 0.6308209896087646 0.6562209725379944 0.07564300298690796 0.11020799726247787
0 0.9004980325698853 0.22355200350284576 0.0701960027217865 0.09373299777507782
0 0.7946040034294128 0.6450300216674805 0.09177500009536743 0.11342699825763702
0 0.8585879802703857 0.680387020111084 0.058104000985622406 0.09426499903202057
0 0.8571969866752625 0.2807379961013794 0.055697001516819 0.08420900255441666
0 0.8486559987068176 0.12532900273799896 0.0571260005235672 0.09465599805116653
0 0.7148720026016235 0.628974974155426 0.06724400073289871 0.06606899946928024
0 0.8174430131912231 0.744953989982605 0.052487000823020935 0.07901699841022491
0 0.6293840408325195 0.4932979941368103 0.10413700342178345 0.13448099792003632
0 0.84232497215271 0.02473299950361252 0.07265999913215637 0.04946599900722504
1 0.10131102800369263 0.7438300251960754 0.05994100123643875 0.07754000276327133
0 0.6189249753952026 0.4012500047683716 0.07229100167751312 0.06986399739980698
0 0.060208022594451904 0.022146999835968018 0.0985729992389679 0.043216001242399216
0 0.6137380003929138 0.4878830015659332 0.07165700197219849 0.12517499923706055
