2 0.5284000039100647 0.7297729849815369 0.08069299906492233 0.11483599990606308
2 0.2787190079689026 0.7020540237426758 0.08091600239276886 0.10732699930667877
2 0.8212710022926331 0.7548099756240845 0.07638899981975555 0.11531300097703934
2 0.45323699712753296 0.9220589995384216 0.07748199999332428 0.1146090030670166
2 0.7564830183982849 0.4239859879016876 0.07657299935817719 0.10844399780035019
2 0.4210289716720581 0.8109109997749329 0.07411199808120728 0.1124190017580986
2 0.4329040050506592 0.7043840289115906 0.06626000255346298 0.09125900268554688
2 0.31968098878860474 0.5332710146903992 0.07457900047302246 0.11129900068044662
2 0.4831169843673706 0.6416190266609192 0.07462500035762787 0.1085280030965805
2 0.8187569975852966 0.295087993144989 0.08983299881219864 0.10914800316095352
2 0.7020009756088257 0.7085080146789551 0.06510499864816666 0.0937030017375946
2 0.4026690125465393 0.5701389908790588 0.07428199797868729 0.10875900089740753
2 0.9295390248298645 0.7033889889717102 0.06442300230264664 0.0873669981956482
2 0.7554609775543213 0.6774190068244934 0.07649700343608856 0.09423600137233734
2 0.8046920299530029 0.5616570115089417 0.08120399713516235 0.10770799964666367
2 0.6091830134391785 0.45317599177360535 0.0684330016374588 0.09785500168800354
2 0.4847949743270874 0.03773299977183342 0.07478100061416626 0.07535699754953384
2 0.36210697889328003 0.6745190024375916 0.06665199995040894 0.10474999994039536
2 0.9086660146713257 0.4230709969997406 0.08017700165510178 0.11163800209760666
2 0.8272089958190918 0.6557369828224182 0.06896799802780151 0.09124100208282471
2 0.8713319897651672 0.5987460017204285 0.057137999683618546 0.07387500256299973
2 0.9278519749641418 0.3007870018482208 0.07987599819898605 0.0978349968791008
1 0.26636600494384766 0.17318199574947357 0.07934600114822388 0.10391700267791748
2 0.9860100150108337 0.5057439804077148 0.027511000633239746 0.12120500206947327
2 0.8662279844284058 0.5375890135765076 0.06880900263786316 0.09995699673891068
2 0.3081979751586914 0.13779999315738678 0.05112399905920029 0.08222399652004242
2 0.9741610288619995 0.36278000473976135 0.05094499886035919 0.09525000303983688
1 0.23338299989700317 0.07434099912643433 0.07513300329446793 0.09880899637937546
1 0.3109859824180603 0.03550900146365166 0.08078800141811371 0.0663049966096878
2 0.6331579685211182 0.5051130056381226 0.06902000308036804 0.1012360006570816
2 0.6150189638137817 0.4677389860153198 0.091109998524189 0.13184300065040588
2 0.2663639783859253 0.17450900375843048 0.07651299983263016 0.10406500101089478
2 0.9757919907569885 0.4390070140361786 0.04624300077557564 0.07632099837064743
2 0.6322590112686157 0.5203490257263184 0.07092399895191193 0.07251399755477905
2 0.012628018856048584 0.5613080263137817 0.024318000301718712 0.07839500159025192
0 0.2337779998779297 0.07401300221681595 0.0749489963054657 0.10486999899148941
