1 0.43347400426864624 0.6994010210037231 0.06766100227832794 0.08456800132989883
0 0.4902939796447754 0.09496600180864334 0.06544800102710724 0.07654000073671341
1 0.43724697828292847 0.5728660225868225 0.07134299725294113 0.08659400045871735
1 0.33746999502182007 0.8580470085144043 0.06994199752807617 0.08644799888134003
1 0.45592200756073 0.8814129829406738 0.07130099833011627 0.08827199786901474
1 0.07853001356124878 0.4743039906024933 0.05494000017642975 0.06962600350379944
0 0.5019130110740662 0.05097299814224243 0.058726001530885696 0.061330001801252365
2 0.33757299184799194 0.8580740094184875 0.06972400099039078 0.08345600217580795
1 0.5061919689178467 0.23055699467658997 0.07905399799346924 0.05619199946522713
0 0.0647209882736206 0.33454498648643494 0.057211000472307205 0.06951399892568588
1 0.06425100564956665 0.3342539966106415 0.056706998497247696 0.06929799914360046
