0 0.3803960084915161 0.6007289886474609 0.13265900313854218 0.17018799483776093
0 0.4240880012512207 0.4008510112762451 0.13660100102424622 0.17828699946403503
0 0.922950029373169 0.9145640134811401 0.09734199941158295 0.12493400275707245
0 0.41067397594451904 0.7279819846153259 0.12495999783277512 0.15092900395393372
0 0.696403980255127 0.9006879925727844 0.0776979997754097 0.10644800215959549
0 0.6961239576339722 0.6148759722709656 0.10371100157499313 0.13503199815750122
0 0.9725520014762878 0.8061599731445312 0.05489499866962433 0.13503099977970123
0 0.7237739562988281 0.3978379964828491 0.0825750008225441 0.11347600072622299
0 0.28688597679138184 0.9528350234031677 0.13758499920368195 0.09432999789714813
0 0.7527520060539246 0.7801110148429871 0.08462599664926529 0.10650300234556198
0 0.6691299676895142 0.03171800076961517 0.1122480034828186 0.06343699991703033
0 0.32941699028015137 0.49021801352500916 0.11278600245714188 0.1274310052394867
0 0.2281849980354309 0.18849599361419678 0.10953299701213837 0.14475399255752563
0 0.31749099493026733 0.5082209706306458 0.12085799872875214 0.15176600217819214
0 0.3465520143508911 0.48490700125694275 0.07134400308132172 0.11557299643754959
0 0.05886799097061157 0.1937739998102188 0.11077199876308441 0.2081660032272339
0 0.6596590280532837 0.9796670079231262 0.07300499826669693 0.03991200029850006
0 0.25423502922058105 0.07819099724292755 0.09238199889659882 0.1389790028333664
0 0.2981950044631958 0.5116450190544128 0.07468000054359436 0.1471329927444458
