0 0.5114499926567078 0.5991299748420715 0.03495299816131592 0.05146799981594086
0 0.440949022769928 0.6885820031166077 0.043462999165058136 0.0543380007147789
0 0.8577650189399719 0.5783079862594604 0.03251300007104874 0.046845998615026474
0 0.3853530287742615 0.27620598673820496 0.03628300130367279 0.04639299958944321
0 0.9043400287628174 0.369702011346817 0.039409998804330826 0.05214399844408035
0 0.6600779891014099 0.732105016708374 0.033417001366615295 0.047113001346588135
0 0.3907790184020996 0.1994200050830841 0.03519999980926514 0.043942999094724655
0 0.4801570177078247 0.582755982875824 0.03854500129818916 0.054917000234127045
0 0.7177009582519531 0.635362982749939 0.04150399938225746 0.050680000334978104
0 0.9697669744491577 0.38812699913978577 0.03478100150823593 0.04711899906396866
0 0.4507189989089966 0.5392659902572632 0.0401110015809536 0.05633699893951416
0 0.45910102128982544 0.3446420133113861 0.03723499923944473 0.05030699819326401
0 0.12632602453231812 0.2024810016155243 0.035555001348257065 0.047811999917030334
0 0.36294102668762207 0.3174389898777008 0.035843998193740845 0.04839799925684929
0 0.3679710030555725 0.7169529795646667 0.041467998176813126 0.05033800005912781
0 0.15060001611709595 0.5587800145149231 0.053240999579429626 0.05920799821615219
0 0.4725250005722046 0.6596130132675171 0.0394119992852211 0.04844599962234497
0 0.4573439955711365 0.25038498640060425 0.03376200050115585 0.042670998722314835
0 0.1437860131263733 0.16686899960041046 0.034724000841379166 0.046174999326467514
0 0.2783610224723816 0.5999339818954468 0.04470900073647499 0.05700799822807312
0 0.9299020171165466 0.3896780014038086 0.03438499942421913 0.048301998525857925
0 0.8033629655838013 0.553462028503418 0.03637300059199333 0.050050999969244
0 0.3168330192565918 0.6445599794387817 0.04799100011587143 0.05980300158262253
0 0.2825610041618347 0.5261890292167664 0.06852799654006958 0.07635500282049179
0 0.42164498567581177 0.20141799747943878 0.03168199956417084 0.04437600076198578
0 0.028424978256225586 0.44531500339508057 0.03605800122022629 0.060729000717401505
0 0.38784801959991455 0.7623069882392883 0.03508000075817108 0.050547000020742416
0 0.2642279863357544 0.6068230271339417 0.035301998257637024 0.0610710009932518
0 0.8331199884414673 0.5648239850997925 0.03482300043106079 0.048503998667001724
0 0.3183029890060425 0.32300999760627747 0.03879699856042862 0.0532039999961853
0 0.6992529630661011 0.7691029906272888 0.03246700018644333 0.04273400083184242
0 0.49173301458358765 0.3357140123844147 0.03209799900650978 0.04419099912047386
0 0.2362470030784607 0.05303899943828583 0.034696001559495926 0.041276998817920685
0 0.03769099712371826 0.6346179842948914 0.056777000427246094 0.0737679973244667
0 0.4965440034866333 0.2172040045261383 0.030571000650525093 0.038339998573064804
0 0.44306302070617676 0.2900789976119995 0.03193499892950058 0.04215500131249428
0 0.32528501749038696 0.6137830018997192 0.04057899862527847 0.05203999951481819
0 0.20361602306365967 0.3207859992980957 0.030590999871492386 0.03746499866247177
0 0.18758100271224976 0.6129689812660217 0.032283999025821686 0.04409100115299225
0 0.16892200708389282 0.22665999829769135 0.029179999604821205 0.037748001515865326
0 0.3129130005836487 0.3117330074310303 0.037223998457193375 0.0532350018620491
0 0.27201002836227417 0.6058099865913391 0.050377000123262405 0.06411699950695038
0 0.23010802268981934 0.016773000359535217 0.03450800105929375 0.033546000719070435
0 0.9041979908943176 0.410861998796463 0.031304001808166504 0.04083399847149849
0 0.1858459711074829 0.47023001313209534 0.04904799908399582 0.04821600019931793
0 0.8146359920501709 0.5072280168533325 0.03524700179696083 0.04277399927377701
0 0.4621279835700989 0.6565619707107544 0.04124699905514717 0.050985001027584076
0 0.7525069713592529 0.8862239718437195 0.02997799962759018 0.041019998490810394
0 0.4532899856567383 0.6495029926300049 0.03300200030207634 0.045864999294281006
0 0.29730498790740967 0.2570190131664276 0.031248999759554863 0.03767799958586693
0 0.9897800087928772 0.20513199269771576 0.019752999767661095 0.044989001005887985
2 0.9551180005073547 0.09332399815320969 0.02312999963760376 0.03146500140428543
0 0.24525701999664307 0.3748230040073395 0.028566999360919 0.029774000868201256
0 0.23430699110031128 0.04606600105762482 0.037014998495578766 0.04353500157594681
0 0.008271992206573486 0.06023000180721283 0.015925999730825424 0.03742700070142746
0 0.1879270076751709 0.48471200466156006 0.04705800116062164 0.06053699925541878
0 0.3209270238876343 0.6249459981918335 0.048264000564813614 0.06863900274038315
0 0.27943700551986694 0.010711000300943851 0.0404059998691082 0.019107000902295113
0 0.47029799222946167 0.4323189854621887 0.031227000057697296 0.0345739983022213
0 0.13768702745437622 0.17406399548053741 0.034956999123096466 0.04666699841618538
0 0.22789502143859863 0.6915559768676758 0.05482399836182594 0.06634099781513214
