0 0.862928032875061 0.1935109943151474 0.08500999957323074 0.10806500166654587
0 0.36194300651550293 0.5836480259895325 0.07304000109434128 0.09210500121116638
0 0.8487440347671509 0.55765700340271 0.07155899703502655 0.09075800329446793
0 0.035852015018463135 0.323852002620697 0.07079800218343735 0.1190129965543747
0 0.5610660314559937 0.419732004404068 0.08879800140857697 0.12337899953126907
0 0.24369800090789795 0.6327829957008362 0.07380300015211105 0.09236200153827667
0 0.8833869695663452 0.09730199724435806 0.08647800236940384 0.10044799745082855
0 0.19809401035308838 0.5654159784317017 0.08596599847078323 0.10384800285100937
0 0.1774129867553711 0.24929800629615784 0.08589000254869461 0.10429699718952179
0 0.2743949890136719 0.711633026599884 0.07077299803495407 0.0898509994149208
0 0.9842929840087891 0.10202900320291519 0.030778000131249428 0.10266999900341034
0 0.4807339906692505 0.9362689852714539 0.0675709992647171 0.09308499842882156
0 0.17700797319412231 0.3989410102367401 0.08003100007772446 0.10350000113248825
0 0.3975290060043335 0.9702200293540955 0.066880002617836 0.05956000089645386
1 0.10870999097824097 0.3602389991283417 0.0776669979095459 0.1096860021352768
0 0.5518310070037842 0.9497820138931274 0.07866399735212326 0.0946969985961914
0 0.39893198013305664 0.4980100095272064 0.08170399814844131 0.10169299691915512
0 0.16886299848556519 0.14119400084018707 0.08533400297164917 0.10425300151109695
0 0.08871299028396606 0.2716360092163086 0.06853300333023071 0.08758699893951416
1 0.5418579578399658 0.1560789942741394 0.09925299882888794 0.11671199649572372
1 0.5059069991111755 0.30503299832344055 0.07332900166511536 0.08759800344705582
0 0.4812600016593933 0.3867749869823456 0.08331099897623062 0.10496699810028076
0 0.4121689796447754 0.9290459752082825 0.06378799676895142 0.07357499748468399
0 0.33901697397232056 0.305635005235672 0.07390300184488297 0.08709199726581573
0 0.6662269830703735 0.8733450174331665 0.05023600161075592 0.07173199951648712
0 0.926522970199585 0.32933300733566284 0.05512600019574165 0.08466199785470963
0 0.028213977813720703 0.4252989888191223 0.0564269982278347 0.10211200267076492
1 0.47297000885009766 0.21844199299812317 0.08508100360631943 0.1147800013422966
0 0.6046810150146484 0.3484080135822296 0.06197600066661835 0.10807300359010696
1 0.5824880003929138 0.08429300040006638 0.0831729993224144 0.10390699654817581
0 0.03821098804473877 0.5217400193214417 0.07458999752998352 0.10968299955129623
0 0.20764899253845215 0.7195019721984863 0.06670200079679489 0.09244699776172638
0 0.015111029148101807 0.7012119889259338 0.03022100031375885 0.11526399850845337
0 0.4730070233345032 0.21993300318717957 0.08413700014352798 0.11051099747419357
1 0.03809499740600586 0.521248996257782 0.07527799904346466 0.1094600036740303
1 0.4815189838409424 0.3853369951248169 0.08198799937963486 0.10753799974918365
1 0.17617297172546387 0.4888159930706024 0.06745799630880356 0.07408399879932404
1 0.02816098928451538 0.42240700125694275 0.05367700010538101 0.10184100270271301
0 0.32631200551986694 0.37635499238967896 0.07354100048542023 0.10148400068283081
1 0.32609397172927856 0.37664300203323364 0.07166200131177902 0.09730300307273865
1 0.5965670347213745 0.6193090081214905 0.054753001779317856 0.1022609993815422
1 0.6033999919891357 0.3464750051498413 0.06866999715566635 0.10546399652957916
1 0.11823499202728271 0.45693299174308777 0.059349000453948975 0.0937419980764389
1 0.3991119861602783 0.4976859986782074 0.08351200073957443 0.1025639995932579
1 0.0926010012626648 0.26983898878097534 0.06637799739837646 0.0877079963684082
