0 0.8126919865608215 0.954783022403717 0.07811900228261948 0.0904339998960495
0 0.8142440319061279 0.10045000165700912 0.07027500122785568 0.09067799896001816
0 0.5105780363082886 0.4702549874782562 0.06737100332975388 0.08560899645090103
0 0.735664963722229 0.15913300216197968 0.07430700212717056 0.07896599918603897
0 0.4850010275840759 0.7227969765663147 0.06353099644184113 0.0792120024561882
0 0.8815659880638123 0.9346629977226257 0.07859600335359573 0.09339000284671783
0 0.9820089936256409 0.30682700872421265 0.035392001271247864 0.08039599657058716
0 0.418707013130188 0.535968005657196 0.06805600225925446 0.0800120010972023
0 0.5027589797973633 0.1777539998292923 0.07412000000476837 0.08895300328731537
0 0.7417869567871094 0.23409099876880646 0.06903299689292908 0.09126099944114685
0 0.4310759902000427 0.648576021194458 0.06137299910187721 0.07773800194263458
0 0.3439369797706604 0.8053320050239563 0.05085200071334839 0.06919299811124802
0 0.9890390038490295 0.8032209873199463 0.021921999752521515 0.10271400213241577
0 0.5678330063819885 0.6741480231285095 0.04731399938464165 0.08093000203371048
0 0.3472849726676941 0.15452100336551666 0.06277800351381302 0.08037299662828445
0 0.41878998279571533 0.9437130093574524 0.04788200184702873 0.07491599768400192
0 0.2889670133590698 0.9190099835395813 0.04151799902319908 0.05754400044679642
0 0.4732930064201355 0.5820310115814209 0.06010400131344795 0.08624400198459625
0 0.9218059778213501 0.6583870053291321 0.04281200096011162 0.05587000027298927
0 0.31866902112960815 0.8821420073509216 0.032917000353336334 0.0609700009226799
0 0.5289329886436462 0.023068999871611595 0.06850399821996689 0.04540500044822693
0 0.5390459895133972 0.6299399733543396 0.04320099949836731 0.07321099936962128
0 0.37194299697875977 0.2601020038127899 0.053467001765966415 0.07682500034570694
0 0.4460560083389282 0.9639959931373596 0.04290900006890297 0.07074200361967087
0 0.7730250358581543 0.007972000166773796 0.06242600083351135 0.015104999765753746
0 0.7157250046730042 0.034341998398303986 0.0609159991145134 0.06578399986028671
0 0.7383480072021484 0.5769990086555481 0.04077500104904175 0.05098399892449379
0 0.48014402389526367 0.5900959968566895 0.0663440003991127 0.07908099889755249
