0 0.271373987197876 0.2958950102329254 0.06964699923992157 0.08531700074672699
0 0.0440559983253479 0.7738890051841736 0.07488600164651871 0.09611500054597855
0 0.22018200159072876 0.326665997505188 0.05969399958848953 0.08242099732160568
0 0.7375519871711731 0.6699960231781006 0.0648370012640953 0.08751899749040604
0 0.06716501712799072 0.880299985408783 0.06225699931383133 0.08607400208711624
0 0.5710029602050781 0.6218019723892212 0.06907899677753448 0.08450999855995178
0 0.5296080112457275 0.3448280096054077 0.06856299936771393 0.08474499732255936
0 0.867326021194458 0.018533000722527504 0.0587569996714592 0.03706600144505501
0 0.14893198013305664 0.817326009273529 0.07886499911546707 0.10061199963092804
0 0.5417749881744385 0.9740300178527832 0.05116099864244461 0.05194000154733658
0 0.7380310297012329 0.015270000323653221 0.058125000447034836 0.029721999540925026
0 0.7858409881591797 0.025868000462651253 0.055945999920368195 0.04981499910354614
0 0.7847830057144165 0.8718900084495544 0.06985600292682648 0.08376999944448471
2 0.8109710216522217 0.9814670085906982 0.06701099872589111 0.03191699832677841
0 0.5884230136871338 0.4909740090370178 0.06742999702692032 0.08454500138759613
0 0.7021560072898865 0.2588219940662384 0.04047200083732605 0.052953001111745834
2 0.2964649796485901 0.8665059804916382 0.06623899936676025 0.07528600096702576
1 0.45540398359298706 0.12072700262069702 0.0635169968008995 0.07345300167798996
0 0.24983000755310059 0.21136699616909027 0.05004199966788292 0.053245000541210175
0 0.9895830154418945 0.39181798696517944 0.020834000781178474 0.06572800129652023
1 0.34168702363967896 0.07260499894618988 0.0682540014386177 0.08479700237512589
0 0.3417680263519287 0.07311400026082993 0.06790299713611603 0.0845080018043518
0 0.16667801141738892 0.4673289954662323 0.043613001704216 0.057360000908374786
1 0.5568640232086182 0.07257100194692612 0.05494200065732002 0.06590200215578079
2 0.7989640235900879 0.9290419816970825 0.0619410015642643 0.07813800126314163
