2 0.7373790144920349 0.600417971611023 0.042316000908613205 0.05445300042629242
2 0.7330229878425598 0.4868299961090088 0.04402700066566467 0.05163399875164032
2 0.1717039942741394 0.4535500109195709 0.048941999673843384 0.06804700195789337
2 0.6311969757080078 0.6717759966850281 0.04597499966621399 0.060506001114845276
0 0.8658449649810791 0.962348997592926 0.03397899866104126 0.0457880012691021
2 0.1888740062713623 0.3907270133495331 0.05643799901008606 0.06535399705171585
1 0.15889900922775269 0.25783398747444153 0.055355001240968704 0.0671280026435852
2 0.3475720286369324 0.5841429829597473 0.04546400159597397 0.06007999926805496
2 0.7719240188598633 0.4589489996433258 0.04627000167965889 0.051277998834848404
2 0.7070649862289429 0.23241600394248962 0.043455999344587326 0.056143999099731445
2 0.6771000027656555 0.6640949845314026 0.04194299876689911 0.05324599891901016
2 0.5481480360031128 0.14205299317836761 0.04885900020599365 0.0579570010304451
2 0.3625919818878174 0.535260021686554 0.04738900065422058 0.06101100146770477
1 0.04295402765274048 0.4154540002346039 0.05449000000953674 0.07213299721479416
2 0.7683379650115967 0.31747201085090637 0.0418040007352829 0.05146700143814087
2 0.04045897722244263 0.3338269889354706 0.05897099897265434 0.07492200285196304
1 0.8826370239257812 0.8063979744911194 0.04033999890089035 0.056435998529195786
2 0.7501069903373718 0.27963998913764954 0.04336800053715706 0.05438699945807457
2 0.9061689972877502 0.8721519708633423 0.03948799893260002 0.04876000061631203
2 0.40891700983047485 0.38286998867988586 0.04095499962568283 0.05163099989295006
2 0.6289600133895874 0.0777989998459816 0.042736999690532684 0.0524820014834404
0 0.8844349980354309 0.9277229905128479 0.03956399857997894 0.05094600096344948
2 0.8225240111351013 0.3372580111026764 0.03817500174045563 0.042603999376297
0 0.8167700171470642 0.9890090227127075 0.04161899909377098 0.02144099958240986
1 0.12744301557540894 0.36160698533058167 0.046386998146772385 0.05779299885034561
2 0.4370959997177124 0.3440000116825104 0.04224200174212456 0.05375799909234047
1 0.057730019092559814 0.515749990940094 0.03966899961233139 0.06206199899315834
1 0.0713760256767273 0.4469819962978363 0.03556999936699867 0.050009001046419144
1 0.4368399977684021 0.3432979881763458 0.04294300079345703 0.053640998899936676
2 0.009360015392303467 0.2938250005245209 0.018719999119639397 0.07778300344944
