0 0.49872297048568726 0.669642984867096 0.08628299832344055 0.10783299803733826
0 0.35208702087402344 0.6359779834747314 0.07496699690818787 0.10200800001621246
0 0.5958899855613708 0.5504990220069885 0.07148399949073792 0.10107599943876266
0 0.3332030177116394 0.4461610019207001 0.07418599724769592 0.10035199671983719
0 0.7949110269546509 0.5704410076141357 0.06907100230455399 0.09475299715995789
0 0.7055560350418091 0.6021490097045898 0.07321999967098236 0.09711900353431702
0 0.39237701892852783 0.7890160083770752 0.07932300120592117 0.10958199948072433
0 0.46804600954055786 0.7750959992408752 0.08243999630212784 0.1163330003619194
0 0.2925559878349304 0.039372000843286514 0.07582999765872955 0.07678399980068207
0 0.1863030195236206 0.4927169978618622 0.07330100238323212 0.09174499660730362
0 0.9506769776344299 0.08729500323534012 0.06345000118017197 0.07266200333833694
0 0.9012889862060547 0.30716198682785034 0.058984000235795975 0.07458899915218353
0 0.20331597328186035 0.5706089735031128 0.06146800145506859 0.08410300314426422
0 0.2670549750328064 0.09352000057697296 0.06517399847507477 0.0883290022611618
0 0.6906989812850952 0.4291810095310211 0.06638800352811813 0.08991499990224838
0 0.33271998167037964 0.1042959988117218 0.06883099675178528 0.08785399794578552
0 0.24999898672103882 0.5478950142860413 0.05840799957513809 0.08583399653434753
0 0.5248849987983704 0.45879799127578735 0.06299199908971786 0.10219500213861465
0 0.3979390263557434 0.5306029915809631 0.07159700244665146 0.10241000354290009
0 0.4007260203361511 0.9042310118675232 0.05116000026464462 0.07161299884319305
2 0.18050998449325562 0.8517400026321411 0.07098899781703949 0.09048900008201599
0 0.5827789902687073 0.5249339938163757 0.0662349984049797 0.0819690003991127
1 0.18034297227859497 0.7583600282669067 0.06734099984169006 0.08823399990797043
2 0.984978973865509 0.9667450189590454 0.028436999768018723 0.06651099771261215
0 0.9879720211029053 0.09948000311851501 0.024056000635027885 0.06120999902486801
1 0.13231700658798218 0.6725050210952759 0.06776899844408035 0.08805900067090988
0 0.7494319677352905 0.014959000051021576 0.05303100124001503 0.02886199951171875
2 0.22515100240707397 0.9507780075073242 0.09284800291061401 0.09788999706506729
1 0.42302900552749634 0.9749699831008911 0.1011200025677681 0.04946500062942505
