1 0.49474501609802246 0.5546500086784363 0.06431300193071365 0.08588100224733353
1 0.91115802526474 0.5760930180549622 0.08405700325965881 0.10275600105524063
1 0.5165740251541138 0.6535890102386475 0.06237199902534485 0.08412499725818634
1 0.42492198944091797 0.4883880019187927 0.07075099647045135 0.0878399983048439
1 0.6680630445480347 0.11245899647474289 0.08646199852228165 0.10733100026845932
1 0.5916579961776733 0.4040449857711792 0.07444000244140625 0.10059099644422531
1 0.4286789894104004 0.5769280195236206 0.06996499747037888 0.08367200195789337
1 0.9340680241584778 0.7388319969177246 0.08248099684715271 0.10334599763154984
1 0.617044985294342 0.6045799851417542 0.06979399919509888 0.09356699883937836
1 0.8304979801177979 0.5708490014076233 0.07043000310659409 0.09281499683856964
1 0.6885160207748413 0.594963014125824 0.06130500137805939 0.07749699801206589
1 0.17455101013183594 0.8696770071983337 0.076323002576828 0.09213399887084961
1 0.5650709867477417 0.6946420073509216 0.06141899898648262 0.062143001705408096
1 0.8794450163841248 0.4587650001049042 0.05379699915647507 0.0715700015425682
1 0.5798690319061279 0.8493899703025818 0.051114000380039215 0.07348699867725372
1 0.6314100027084351 0.8694940209388733 0.06906399875879288 0.09053400158882141
1 0.7355270385742188 0.6633269786834717 0.07476300001144409 0.09742099791765213
1 0.5875729918479919 0.7562280297279358 0.07210499793291092 0.09486400336027145
1 0.2856379747390747 0.18452100455760956 0.0712369978427887 0.0937189981341362
1 0.16126197576522827 0.764398992061615 0.07953900098800659 0.10060399770736694
1 0.5081480145454407 0.4758169949054718 0.0360650010406971 0.0701650008559227
1 0.7633429765701294 0.8034319877624512 0.06997399777173996 0.09382899850606918
1 0.6262149810791016 0.784400999546051 0.04361699894070625 0.06836599856615067
1 0.7223460078239441 0.7989810109138489 0.050783999264240265 0.09590499848127365
1 0.7170299887657166 0.7863360047340393 0.04393000155687332 0.12008599936962128
2 0.16123801469802856 0.7653759717941284 0.08043800294399261 0.10361400246620178
1 0.7158310413360596 0.7689070105552673 0.04339199885725975 0.09225499629974365
0 0.7351790070533752 0.6624259948730469 0.07668399810791016 0.0999779999256134
