0 0.18599998950958252 0.3229129910469055 0.06589499861001968 0.07965800166130066
0 0.14624899625778198 0.22729900479316711 0.06592799723148346 0.07803100347518921
0 0.08682698011398315 0.3146570026874542 0.0641850009560585 0.0785679966211319
0 0.7703499794006348 0.42840901017189026 0.04802199825644493 0.06102000176906586
0 0.13097798824310303 0.3448350131511688 0.06379300355911255 0.08832400292158127
0 0.18962699174880981 0.39042699337005615 0.06066400185227394 0.07452499866485596
0 0.04391700029373169 0.7710210084915161 0.047951001673936844 0.06296200305223465
0 0.9890850186347961 0.43103399872779846 0.0218299999833107 0.06100500002503395
0 0.15990298986434937 0.5685089826583862 0.05519099906086922 0.06724599748849869
0 0.11874401569366455 0.6274780035018921 0.05564799904823303 0.0738850012421608
0 0.8631069660186768 0.7566620111465454 0.043747998774051666 0.06016099825501442
0 0.15778297185897827 0.6279910206794739 0.05366300046443939 0.07324700057506561
0 0.1991710066795349 0.5371270179748535 0.05214399844408035 0.07417800277471542
0 0.14112502336502075 0.18835599720478058 0.06403499841690063 0.06009799987077713
0 0.04694497585296631 0.533033013343811 0.05140899866819382 0.06773699820041656
0 0.9899759888648987 0.6858810186386108 0.01806800067424774 0.03967199847102165
0 0.9853969812393188 0.6063820123672485 0.027096999809145927 0.03732899948954582
0 0.3491520285606384 0.011107999831438065 0.05579699948430061 0.019341999664902687
0 0.21164697408676147 0.3414439857006073 0.030657000839710236 0.08154699951410294
0 0.3470039963722229 0.008944000117480755 0.06848999857902527 0.017420999705791473
