1 0.3788740038871765 0.6936560273170471 0.10971000045537949 0.14269199967384338
1 0.8210240006446838 0.40661200881004333 0.14301399886608124 0.1597210019826889
1 0.7713519930839539 0.5488860011100769 0.16292600333690643 0.18080399930477142
1 0.9404569864273071 0.6980419754981995 0.11056499928236008 0.12405399978160858
1 0.38546401262283325 0.9495049715042114 0.09882699698209763 0.10098999738693237
1 0.5949499607086182 0.5504699945449829 0.13590699434280396 0.14866800606250763
1 0.4666540026664734 0.8830879926681519 0.07349800318479538 0.12387199699878693
1 0.6418520212173462 0.6979050040245056 0.1205039992928505 0.14845499396324158
1 0.8170920014381409 0.1463869959115982 0.1517689973115921 0.16260699927806854
1 0.4803140163421631 0.06790400296449661 0.1351889967918396 0.13580800592899323
1 0.8755800127983093 0.7628939747810364 0.16168099641799927 0.16821299493312836
1 0.49472302198410034 0.6587539911270142 0.09547500312328339 0.12781299650669098
1 0.6215879917144775 0.9026129841804504 0.12952199578285217 0.16394299268722534
1 0.5205439925193787 0.9551860094070435 0.10337600111961365 0.08962699770927429
1 0.47974497079849243 0.6594039797782898 0.07118900120258331 0.12677699327468872
1 0.8217899799346924 0.9383019804954529 0.11164499819278717 0.12337300181388855
2 0.47781097888946533 0.0680840015411377 0.13892899453639984 0.13261400163173676
1 0.8971610069274902 0.5553950071334839 0.08667100220918655 0.16390399634838104
1 0.7792329788208008 0.6988800168037415 0.10008800029754639 0.12724000215530396
1 0.8778820037841797 0.9555789828300476 0.10271099954843521 0.08855199813842773
