0 0.2229740023612976 0.23160399496555328 0.052960000932216644 0.06503800302743912
0 0.2803230285644531 0.293491005897522 0.05306600034236908 0.07336799800395966
0 0.8552030324935913 0.3732990026473999 0.0659559965133667 0.08198600262403488
0 0.9790189862251282 0.2900809943675995 0.041795000433921814 0.09663599729537964
0 0.09782099723815918 0.4225449860095978 0.05282900109887123 0.06685400009155273
0 0.0968179702758789 0.2158769965171814 0.042316000908613205 0.056644998490810394
0 0.7381249666213989 0.5016360282897949 0.04691600054502487 0.05907199904322624
0 0.7244060039520264 0.4432600140571594 0.051649000495672226 0.06521099805831909
0 0.2656649947166443 0.39083999395370483 0.043205998837947845 0.056992001831531525
0 0.04457497596740723 0.3254860043525696 0.04430200159549713 0.05398400127887726
0 0.31618398427963257 0.4040580093860626 0.046785999089479446 0.0547959990799427
0 0.9818519949913025 0.5273990035057068 0.03629700094461441 0.07622800022363663
0 0.32846999168395996 0.4558889865875244 0.04138899967074394 0.055323000997304916
0 0.0753210186958313 0.23811200261116028 0.04359300062060356 0.05800599977374077
0 0.14337098598480225 0.8266239762306213 0.05293399840593338 0.0649079978466034
0 0.23621398210525513 0.5249770283699036 0.039400000125169754 0.04955499991774559
0 0.02984297275543213 0.19733299314975739 0.032333001494407654 0.04265600070357323
0 0.18597197532653809 0.6266480088233948 0.03874899819493294 0.05008900165557861
0 0.5271419882774353 0.3528189957141876 0.045072998851537704 0.060127999633550644
0 0.8832079768180847 0.6807820200920105 0.045253001153469086 0.05184299871325493
0 0.7814369797706604 0.6893590092658997 0.04255999997258186 0.06059100106358528
0 0.5169979929924011 0.8208420276641846 0.04880199953913689 0.06230499967932701
0 0.0138779878616333 0.35405299067497253 0.027513999491930008 0.05393100157380104
0 0.5057339668273926 0.3387869894504547 0.04010999947786331 0.06129299849271774
0 0.024260997772216797 0.39765599370002747 0.035176001489162445 0.05105200037360191
0 0.013839006423950195 0.4524860084056854 0.026808999478816986 0.05916000157594681
0 0.020909011363983154 0.24573500454425812 0.03946499899029732 0.06406500190496445
0 0.7619329690933228 0.7722139954566956 0.03413499891757965 0.05345999822020531
0 0.9186810255050659 0.3945060074329376 0.0448249988257885 0.04915500059723854
0 0.04767698049545288 0.42038801312446594 0.0439939983189106 0.0528159998357296
0 0.010266005992889404 0.30926498770713806 0.020532000809907913 0.05390699952840805
0 0.2715340256690979 0.27571600675582886 0.05086100101470947 0.06283900141716003
0 0.8779619932174683 0.8078150153160095 0.040352001786231995 0.048764001578092575
0 0.19700300693511963 0.6718050241470337 0.0302559994161129 0.03452000021934509
0 0.03671002388000488 0.9429000020027161 0.04529299959540367 0.06313300132751465
0 0.35434097051620483 0.5280740261077881 0.03074200078845024 0.035440001636743546
0 0.01576697826385498 0.3120169937610626 0.026520000770688057 0.05440500006079674
0 0.47136497497558594 0.3785899877548218 0.040438998490571976 0.051072001457214355
0 0.5195809602737427 0.34659498929977417 0.05428899824619293 0.06755399703979492
0 0.476718008518219 0.6429340243339539 0.0373149998486042 0.04760200157761574
