0 0.2552949786186218 0.5448449850082397 0.08696399629116058 0.10833700001239777
0 0.1616700291633606 0.48510101437568665 0.08761999756097794 0.11047200113534927
0 0.6191880106925964 0.06556499749422073 0.07240699976682663 0.09220100194215775
0 0.5227609872817993 0.7964680194854736 0.0779390037059784 0.0990850031375885
0 0.4481009840965271 0.5399219989776611 0.08269300311803818 0.0961579978466034
0 0.28036701679229736 0.7249370217323303 0.06556200236082077 0.08153899759054184
1 0.927482008934021 0.8104360103607178 0.07648500055074692 0.09603700041770935
0 0.7917529940605164 0.10182700306177139 0.061657000333070755 0.08058200031518936
1 0.9041010141372681 0.6587780117988586 0.07717599719762802 0.10395699739456177
1 0.5900120139122009 0.8120909929275513 0.06159299984574318 0.09436099976301193
1 0.9804610013961792 0.8337309956550598 0.038019001483917236 0.10298900306224823
0 0.9493659734725952 0.1437090039253235 0.07662899792194366 0.10312400013208389
0 0.30156201124191284 0.9764959812164307 0.07515499740839005 0.047008998692035675
1 0.6231409907341003 0.6136569976806641 0.07186699658632278 0.09012000262737274
0 0.46497201919555664 0.9647639989852905 0.053314000368118286 0.07047200202941895
1 0.957597017288208 0.5986779928207397 0.07907100021839142 0.10187000036239624
1 0.9756209850311279 0.5114070177078247 0.04875800013542175 0.0808349996805191
1 0.8481110334396362 0.9034090042114258 0.07565700262784958 0.09508399665355682
1 0.7803440093994141 0.8091220259666443 0.06771499663591385 0.08964300155639648
0 0.141448974609375 0.98711097240448 0.07182499766349792 0.025769999250769615
0 0.5063259601593018 0.8785949945449829 0.08247300237417221 0.09872999787330627
1 0.9403039813041687 0.7312949895858765 0.06397999823093414 0.07235799729824066
1 0.6520379781723022 0.840707004070282 0.0725179985165596 0.09404700249433517
0 0.6519399881362915 0.8388580083847046 0.06884600222110748 0.09411299973726273
1 0.7853890061378479 0.7384260296821594 0.06566599756479263 0.07186199724674225
1 0.6429929733276367 0.9159280061721802 0.05911099910736084 0.07715100049972534
0 0.5635390281677246 0.7351930141448975 0.05918300151824951 0.080874003469944
0 0.8191729784011841 0.9710999727249146 0.07109200209379196 0.05780100077390671
0 0.8490509986877441 0.9061830043792725 0.07474199682474136 0.09381700307130814
1 0.6393089890480042 0.7067019939422607 0.07156600058078766 0.09003300219774246
0 0.5321260094642639 0.9570310115814209 0.0719359964132309 0.0859379991889
1 0.6773999929428101 0.9694229960441589 0.07572299987077713 0.06115400046110153
1 0.5326229929924011 0.9568989872932434 0.07193899899721146 0.08620200306177139
1 0.9839450120925903 0.5976459980010986 0.03210999816656113 0.09837199747562408
0 0.13409900665283203 0.9843829870223999 0.08395499736070633 0.030375000089406967
1 0.9758610129356384 0.5993149876594543 0.048277001827955246 0.10536099970340729
