1 0.7737560272216797 0.7647089958190918 0.0968480035662651 0.12741300463676453
1 0.8950719833374023 0.8947219848632812 0.08982200175523758 0.11779700219631195
1 0.601984977722168 0.7796750068664551 0.08426500111818314 0.11517400294542313
1 0.5243200063705444 0.7855579853057861 0.0692489966750145 0.09376999735832214
1 0.4584299921989441 0.20433899760246277 0.0970579981803894 0.09419199824333191
1 0.4443650245666504 0.3092620074748993 0.11137399822473526 0.13761299848556519
1 0.6876829862594604 0.5276809930801392 0.06601899862289429 0.08504799753427505
1 0.6510770320892334 0.6675580143928528 0.11665999889373779 0.12673799693584442
1 0.8505010008811951 0.7507259845733643 0.08171399682760239 0.11804399639368057
1 0.6987980008125305 0.8248400092124939 0.08542300015687943 0.12908099591732025
1 0.8079429864883423 0.8840950131416321 0.09891500324010849 0.12403400242328644
1 0.48638397455215454 0.7065640091896057 0.09439600259065628 0.11886399984359741
1 0.9267970323562622 0.6779929995536804 0.08558899909257889 0.10339699685573578
1 0.8533250093460083 0.568934977054596 0.09799999743700027 0.09855499863624573
1 0.960174024105072 0.7980049848556519 0.07374799996614456 0.10769200325012207
1 0.2783600091934204 0.2491990029811859 0.10384699702262878 0.12973299622535706
1 0.5259790420532227 0.13522300124168396 0.08362200111150742 0.10665400326251984
1 0.49085497856140137 0.5740609765052795 0.1542229950428009 0.14740599691867828
1 0.4161760210990906 0.5550529956817627 0.05774899944663048 0.11364799737930298
1 0.9827219843864441 0.8375999927520752 0.034317001700401306 0.14048099517822266
2 0.6307780146598816 0.912451982498169 0.09901800006628036 0.13381299376487732
1 0.9613199830055237 0.5207020044326782 0.07336899638175964 0.11285699903964996
1 0.8463349938392639 0.5590819716453552 0.09462500363588333 0.12394200265407562
1 0.7938359975814819 0.9751240015029907 0.09102900326251984 0.04975299909710884
1 0.5113120079040527 0.5747179985046387 0.11389400064945221 0.13684099912643433
1 0.9835219979286194 0.8608859777450562 0.03098900057375431 0.11915100365877151
1 0.8072649836540222 0.9810870289802551 0.13418899476528168 0.03782700002193451
1 0.734205961227417 0.6211609840393066 0.05448500066995621 0.0745140016078949
1 0.8802769780158997 0.9845560193061829 0.09560400247573853 0.029039999470114708
