0 0.8526610136032104 0.7002190351486206 0.04253299906849861 0.05660200119018555
0 0.8338860273361206 0.7731930017471313 0.0431549996137619 0.05485500022768974
0 0.8421649932861328 0.8727949857711792 0.043570999056100845 0.05748400092124939
0 0.9399099946022034 0.1534940004348755 0.046512000262737274 0.05971800163388252
0 0.8185179829597473 0.653439998626709 0.04706300050020218 0.05889200046658516
0 0.5986829996109009 0.3696100115776062 0.04375600069761276 0.0582440011203289
0 0.9902989864349365 0.8764359951019287 0.01940299943089485 0.0539340004324913
0 0.15837900340557098 0.8089380264282227 0.03923900052905083 0.058038000017404556
0 0.9893109798431396 0.9648920297622681 0.02137799933552742 0.058125998824834824
2 0.12158100306987762 0.5587849617004395 0.06790000200271606 0.08996900171041489
0 0.23100100457668304 0.8383910059928894 0.042886000126600266 0.06289000064134598
0 0.8933680057525635 0.9849579930305481 0.045542001724243164 0.02985999919474125
0 0.8894690275192261 0.9389339685440063 0.04392499849200249 0.05199100077152252
0 0.24547000229358673 0.7762349843978882 0.035819001495838165 0.047293998301029205
2 0.26541098952293396 0.571308970451355 0.10844799876213074 0.10566599667072296
0 0.46336400508880615 0.31780898571014404 0.03872299939393997 0.054676998406648636
0 0.5523359775543213 0.49024099111557007 0.05035499855875969 0.061358001083135605
0 0.8023200035095215 0.8806430101394653 0.04064900055527687 0.05098700150847435
0 0.374332994222641 0.33854299783706665 0.03726699948310852 0.050188999623060226
2 0.2433840036392212 0.5669100284576416 0.08343300223350525 0.10007700324058533
0 0.2075590044260025 0.8095539808273315 0.03955699875950813 0.052813999354839325
0 0.8529040217399597 0.18902897834777832 0.0363520011305809 0.05100499838590622
2 0.3707689940929413 0.5304579734802246 0.06407999992370605 0.08399000018835068
2 0.426595002412796 0.5885930061340332 0.08015099912881851 0.08780399709939957
2 0.4608739912509918 0.5780220031738281 0.08839499950408936 0.11723099648952484
2 0.281266987323761 0.5735050439834595 0.0817129984498024 0.10446999967098236
1 0.44241899251937866 0.17623502016067505 0.05278199911117554 0.07385300099849701
0 0.21400600671768188 0.8193489909172058 0.042587000876665115 0.06334800273180008
