0 0.4743410050868988 0.8628309965133667 0.06710900366306305 0.08874999731779099
0 0.31260401010513306 0.7424460053443909 0.059748001396656036 0.08339600265026093
0 0.9651389718055725 0.8477439880371094 0.06972099840641022 0.10070300102233887
0 0.056306999176740646 0.20358598232269287 0.06236200034618378 0.08633600175380707
0 0.027065999805927277 0.058580994606018066 0.05413199961185455 0.08143900334835052
0 0.852645993232727 0.9642559885978699 0.065591000020504 0.07055199891328812
0 0.7968699932098389 0.3373889923095703 0.06439100205898285 0.08532699942588806
0 0.10223300009965897 0.027781009674072266 0.06486999988555908 0.05556299909949303
0 0.31564000248908997 0.8870609998703003 0.06813199818134308 0.09551099687814713
0 0.4595809876918793 0.7971919775009155 0.06971900165081024 0.07635899633169174
0 0.43931999802589417 0.58371901512146 0.05969199910759926 0.07881399989128113
0 0.13908599317073822 0.9272149801254272 0.049904998391866684 0.06562600284814835
0 0.9227380156517029 0.9718689918518066 0.09930899739265442 0.05626299977302551
0 0.2724199891090393 0.7063850164413452 0.05285700038075447 0.08325300365686417
0 0.1048550009727478 0.1071929931640625 0.06020500138401985 0.06929600238800049
1 0.2716419994831085 0.7071800231933594 0.05316299945116043 0.0807579979300499
0 0.5964589715003967 0.09318602085113525 0.04885299876332283 0.062300000339746475
1 0.9628880023956299 0.7462129592895508 0.0712520033121109 0.10205099731683731
0 0.05112000182271004 0.017095983028411865 0.042931001633405685 0.031915001571178436
0 0.34410199522972107 0.7238329648971558 0.04514700174331665 0.08914099633693695
0 0.9633209705352783 0.745324969291687 0.07076100260019302 0.10074999928474426
