0 0.8592569828033447 0.9310420155525208 0.061480000615119934 0.08698300272226334
0 0.7189310193061829 0.9449329972267151 0.0916450023651123 0.10948999971151352
0 0.3920370042324066 0.2902809977531433 0.05531200021505356 0.07188499718904495
0 0.9157649874687195 0.8739609718322754 0.05305499956011772 0.06684300303459167
0 0.44047099351882935 0.20989400148391724 0.042796000838279724 0.05968499928712845
0 0.7266489863395691 0.8651530146598816 0.07920199632644653 0.10375600308179855
0 0.9731799960136414 0.7149670124053955 0.03363800048828125 0.051245998591184616
0 0.983830988407135 0.8123260140419006 0.02822599932551384 0.05850499868392944
0 0.9542539715766907 0.7509980201721191 0.032319001853466034 0.03975899890065193
0 0.9562900066375732 0.6715880036354065 0.03481899946928024 0.04280100017786026
0 0.9876840114593506 0.812870979309082 0.024274999275803566 0.06323699653148651
