2 0.2626209855079651 0.39958202838897705 0.042316000908613205 0.05445300042629242
2 0.2669770121574402 0.5131700038909912 0.04402700066566467 0.05163399875164032
2 0.8282960057258606 0.5464500188827515 0.048941999673843384 0.06804700195789337
2 0.3688029944896698 0.3282240033149719 0.04597499966621399 0.060506001114845276
0 0.1341550052165985 0.037651002407073975 0.03397899866104126 0.0457880012691021
2 0.8111259937286377 0.6092729568481445 0.05643799901008606 0.06535399705171585
1 0.8411009907722473 0.7421660423278809 0.055355001240968704 0.0671280026435852
2 0.6524279713630676 0.4158570170402527 0.04546400159597397 0.06007999926805496
2 0.2280759960412979 0.5410510301589966 0.04627000167965889 0.051277998834848404
2 0.29293501377105713 0.767583966255188 0.043455999344587326 0.056143999099731445
2 0.3228999972343445 0.3359050154685974 0.04194299876689911 0.05324599891901016
2 0.4518519937992096 0.8579469919204712 0.04885900020599365 0.0579570010304451
2 0.6374080181121826 0.46473997831344604 0.04738900065422058 0.06101100146770477
1 0.9570459723472595 0.5845459699630737 0.05449000000953674 0.07213299721479416
2 0.23166200518608093 0.682528018951416 0.0418040007352829 0.05146700143814087
2 0.9595410227775574 0.666172981262207 0.05897099897265434 0.07492200285196304
1 0.11736299842596054 0.19360202550888062 0.04033999890089035 0.056435998529195786
2 0.24989299476146698 0.7203600406646729 0.04336800053715706 0.05438699945807457
2 0.09383100271224976 0.12784802913665771 0.03948799893260002 0.04876000061631203
2 0.5910829901695251 0.6171300411224365 0.04095499962568283 0.05163099989295006
2 0.3710399866104126 0.9222009778022766 0.042736999690532684 0.0524820014834404
0 0.11556500196456909 0.0722770094871521 0.03956399857997894 0.05094600096344948
2 0.17747600376605988 0.662742018699646 0.03817500174045563 0.042603999376297
0 0.18322999775409698 0.01099097728729248 0.04161899909377098 0.02144099958240986
1 0.8725569844245911 0.6383930444717407 0.046386998146772385 0.05779299885034561
2 0.5629040002822876 0.656000018119812 0.04224200174212456 0.05375799909234047
1 0.9422699809074402 0.484250009059906 0.03966899961233139 0.06206199899315834
1 0.9286239743232727 0.5530179738998413 0.03556999936699867 0.050009001046419144
1 0.5631600022315979 0.6567020416259766 0.04294300079345703 0.053640998899936676
2 0.9906399846076965 0.7061749696731567 0.018719999119639397 0.07778300344944
