0 0.7447050213813782 0.45515501499176025 0.08696399629116058 0.10833700001239777
0 0.8383299708366394 0.5148990154266357 0.08761999756097794 0.11047200113534927
0 0.38081198930740356 0.9344350099563599 0.07240699976682663 0.09220100194215775
0 0.4772390127182007 0.20353198051452637 0.0779390037059784 0.0990850031375885
0 0.5518990159034729 0.46007800102233887 0.08269300311803818 0.0961579978466034
0 0.7196329832077026 0.2750629782676697 0.06556200236082077 0.08153899759054184
1 0.0725179985165596 0.18956398963928223 0.07648500055074692 0.09603700041770935
0 0.20824700593948364 0.8981729745864868 0.061657000333070755 0.08058200031518936
1 0.09589900076389313 0.34122198820114136 0.07717599719762802 0.10395699739456177
1 0.4099879860877991 0.18790900707244873 0.06159299984574318 0.09436099976301193
1 0.01953900046646595 0.16626900434494019 0.038019001483917236 0.10298900306224823
0 0.050634000450372696 0.8562909960746765 0.07662899792194366 0.10312400013208389
0 0.6984379887580872 0.023504018783569336 0.07515499740839005 0.047008998692035675
1 0.37685900926589966 0.38634300231933594 0.07186699658632278 0.09012000262737274
0 0.5350279808044434 0.03523600101470947 0.053314000368118286 0.07047200202941895
1 0.042403001338243484 0.40132200717926025 0.07907100021839142 0.10187000036239624
1 0.024379000067710876 0.4885929822921753 0.04875800013542175 0.0808349996805191
1 0.15188899636268616 0.09659099578857422 0.07565700262784958 0.09508399665355682
1 0.21965600550174713 0.1908779740333557 0.06771499663591385 0.08964300155639648
0 0.858551025390625 0.01288902759552002 0.07182499766349792 0.025769999250769615
0 0.49367401003837585 0.12140500545501709 0.08247300237417221 0.09872999787330627
1 0.059696000069379807 0.26870501041412354 0.06397999823093414 0.07235799729824066
1 0.34796199202537537 0.15929299592971802 0.0725179985165596 0.09404700249433517
0 0.3480600118637085 0.1611419916152954 0.06884600222110748 0.09411299973726273
1 0.2146109938621521 0.2615739703178406 0.06566599756479263 0.07186199724674225
1 0.3570069968700409 0.08407199382781982 0.05911099910736084 0.07715100049972534
0 0.4364610016345978 0.26480698585510254 0.05918300151824951 0.080874003469944
0 0.18082700669765472 0.02890002727508545 0.07109200209379196 0.05780100077390671
0 0.15094900131225586 0.09381699562072754 0.07474199682474136 0.09381700307130814
1 0.36069101095199585 0.29329800605773926 0.07156600058078766 0.09003300219774246
0 0.4678739905357361 0.0429689884185791 0.0719359964132309 0.0859379991889
1 0.32260000705718994 0.030577003955841064 0.07572299987077713 0.06115400046110153
1 0.4673770070075989 0.04310101270675659 0.07193899899721146 0.08620200306177139
1 0.016054999083280563 0.40235400199890137 0.03210999816656113 0.09837199747562408
0 0.865900993347168 0.015617012977600098 0.08395499736070633 0.030375000089406967
1 0.024139000102877617 0.40068501234054565 0.048277001827955246 0.10536099970340729
