0 0.7357810139656067 0.7495059967041016 0.09854699671268463 0.12030299752950668
0 0.6454979777336121 0.7520899772644043 0.08726800233125687 0.11952400207519531
0 0.7196909785270691 0.6498270034790039 0.07533100247383118 0.09857100248336792
0 0.49099400639533997 0.8173539638519287 0.09872499853372574 0.12443599849939346
0 0.941074013710022 0.24805700778961182 0.06120000034570694 0.07669000327587128
0 0.6503139734268188 0.5819330215454102 0.09468799829483032 0.11181599646806717
0 0.6192129850387573 0.48021602630615234 0.09376999735832214 0.11259700357913971
0 0.5540909767150879 0.7334649562835693 0.08154100179672241 0.11051999777555466
0 0.44770699739456177 0.9526600241661072 0.08340899646282196 0.09337899833917618
0 0.9059929847717285 0.8026869893074036 0.06719899922609329 0.09900999814271927
0 0.7203810214996338 0.2688620090484619 0.07361499965190887 0.08942300081253052
0 0.9039430022239685 0.36921900510787964 0.05234000086784363 0.06609900295734406
0 0.3135710060596466 0.03275400400161743 0.07122600078582764 0.06550800055265427
0 0.8038150072097778 0.6707949638366699 0.0797789990901947 0.11255799978971481
0 0.9263989925384521 0.4896150231361389 0.053784001618623734 0.07966499775648117
0 0.8455830216407776 0.8303309679031372 0.0890590026974678 0.12436400353908539
0 0.7796639800071716 0.8819149732589722 0.09717699885368347 0.11360300332307816
0 0.19353799521923065 0.023068010807037354 0.07007099688053131 0.044270001351833344
0 0.9889900088310242 0.6693040132522583 0.022019999101758003 0.08251000195741653
0 0.17522799968719482 0.794111967086792 0.05167999863624573 0.0626790001988411
0 0.8681780099868774 0.4573649764060974 0.04459799826145172 0.06339199841022491
0 0.008879000321030617 0.7579169869422913 0.016541000455617905 0.05043800175189972
