0 0.8776019811630249 0.5668339729309082 0.06557299941778183 0.07800900191068649
0 0.07669000327587128 0.7893409729003906 0.06747200340032578 0.09670999646186829
0 0.6660929918289185 0.22927099466323853 0.05183500051498413 0.06672099977731705
0 0.8775330185890198 0.6389229893684387 0.06859099864959717 0.07878699898719788
0 0.769540011882782 0.7930330038070679 0.07018899917602539 0.08775900304317474
0 0.7438709735870361 0.241146981716156 0.04992799833416939 0.06512200087308884
0 0.9445040225982666 0.8445219993591309 0.06838300079107285 0.08715300261974335
0 0.29317599534988403 0.5794880390167236 0.06757199764251709 0.08393099904060364
0 0.8247439861297607 0.16729801893234253 0.050905000418424606 0.06336099654436111
0 0.4114150106906891 0.8803600072860718 0.056074999272823334 0.07243499904870987
0 0.12408000230789185 0.8265550136566162 0.06622199714183807 0.08306299895048141
0 0.0281009990721941 0.7420539855957031 0.0562019981443882 0.07895799726247787
0 0.8930580019950867 0.7543259859085083 0.08519499748945236 0.0911720022559166
0 0.056894998997449875 0.9189500212669373 0.0712750032544136 0.08686699718236923
0 0.6734179854393005 0.14268797636032104 0.05428000167012215 0.06827600300312042
0 0.8116049766540527 0.7367680072784424 0.05793999880552292 0.07649499922990799
0 0.2029920071363449 0.36593300104141235 0.047575000673532486 0.06446699798107147
0 0.027786999940872192 0.8130300045013428 0.0555730015039444 0.07963299751281738
0 0.5386800169944763 0.052729010581970215 0.046633001416921616 0.06414099782705307
0 0.46025800704956055 0.09022098779678345 0.0455549992620945 0.06475300341844559
0 0.7453709840774536 0.29403001070022583 0.04898200184106827 0.05575999990105629
0 0.1071309968829155 0.4982519745826721 0.05639300122857094 0.07359600067138672
0 0.6282839775085449 0.20509302616119385 0.03709400072693825 0.05402100086212158
0 0.02735999971628189 0.5910179615020752 0.052041999995708466 0.0720210000872612
0 0.3451099991798401 0.3984299898147583 0.03629399836063385 0.05923600122332573
0 0.7368370294570923 0.8872259855270386 0.05188300088047981 0.0690080001950264
0 0.9624099731445312 0.69520103931427 0.05012299865484238 0.07692400366067886
0 0.06964699923992157 0.5577750205993652 0.058642998337745667 0.06791699677705765
0 0.942575991153717 0.7589359879493713 0.05067899823188782 0.08152599632740021
0 0.06252799928188324 0.9566029906272888 0.06672900170087814 0.07173600047826767
0 0.06807100027799606 0.49734199047088623 0.053706999868154526 0.07183899730443954
0 0.17512600123882294 0.6019929647445679 0.05343500152230263 0.06810200214385986
0 0.9749659895896912 0.8750519752502441 0.04760099947452545 0.09863699972629547
