2 0.8436980247497559 0.809660017490387 0.06956999748945236 0.10649800300598145
2 0.9193729758262634 0.8091059923171997 0.07029400020837784 0.10797499865293503
2 0.9225280284881592 0.10708898305892944 0.07915200293064117 0.10474800318479538
2 0.6967629790306091 0.46553802490234375 0.07125300168991089 0.09777399897575378
2 0.8922619819641113 0.9325069785118103 0.07245100289583206 0.10330300033092499
2 0.8942679762840271 0.02797800302505493 0.07330700010061264 0.055955998599529266
2 0.7281839847564697 0.7954199910163879 0.08203700184822083 0.10650499910116196
2 0.8208349943161011 0.12005501985549927 0.08098699897527695 0.11066699773073196
2 0.7987840175628662 0.8750929832458496 0.06829000264406204 0.10671299695968628
2 0.7223610281944275 0.5705530047416687 0.07593700289726257 0.1015240028500557
2 0.7408739924430847 0.8944410085678101 0.07038699835538864 0.10118299722671509
2 0.7522860169410706 0.12768900394439697 0.06784799695014954 0.09598899632692337
2 0.6429719924926758 0.734423041343689 0.05727199837565422 0.08195099979639053
2 0.7380620241165161 0.21889501810073853 0.07995100319385529 0.10092899948358536
2 0.9822360277175903 0.2344670295715332 0.03552800044417381 0.10119599848985672
2 0.8483849763870239 0.06224697828292847 0.049942001700401306 0.05733099952340126
2 0.09839099645614624 0.9550340175628662 0.058529000729322433 0.06442800164222717
2 0.9915540218353271 0.33297497034072876 0.016891000792384148 0.10739400237798691
