1 0.2262440025806427 0.2352910041809082 0.0968480035662651 0.12741300463676453
1 0.10492800176143646 0.10527801513671875 0.08982200175523758 0.11779700219631195
1 0.39801499247550964 0.22032499313354492 0.08426500111818314 0.11517400294542313
1 0.47567999362945557 0.21444201469421387 0.0692489966750145 0.09376999735832214
1 0.5415700078010559 0.7956609725952148 0.0970579981803894 0.09419199824333191
1 0.5556349754333496 0.6907379627227783 0.11137399822473526 0.13761299848556519
1 0.31231701374053955 0.47231900691986084 0.06601899862289429 0.08504799753427505
1 0.348922997713089 0.3324419856071472 0.11665999889373779 0.12673799693584442
1 0.14949899911880493 0.24927401542663574 0.08171399682760239 0.11804399639368057
1 0.3012019991874695 0.1751599907875061 0.08542300015687943 0.12908099591732025
1 0.19205699861049652 0.11590498685836792 0.09891500324010849 0.12403400242328644
1 0.5136160254478455 0.2934359908103943 0.09439600259065628 0.11886399984359741
1 0.07320299744606018 0.3220070004463196 0.08558899909257889 0.10339699685573578
1 0.1466750055551529 0.43106502294540405 0.09799999743700027 0.09855499863624573
1 0.03982599824666977 0.20199501514434814 0.07374799996614456 0.10769200325012207
1 0.7216399908065796 0.7508009672164917 0.10384699702262878 0.12973299622535706
1 0.47402098774909973 0.8647769689559937 0.08362200111150742 0.10665400326251984
1 0.5091450214385986 0.42593902349472046 0.1542229950428009 0.14740599691867828
1 0.5838239789009094 0.4449470043182373 0.05774899944663048 0.11364799737930298
1 0.017278000712394714 0.1624000072479248 0.034317001700401306 0.14048099517822266
2 0.3692219853401184 0.08754801750183105 0.09901800006628036 0.13381299376487732
1 0.038679998368024826 0.4792979955673218 0.07336899638175964 0.11285699903964996
1 0.15366500616073608 0.4409180283546448 0.09462500363588333 0.12394200265407562
1 0.20616400241851807 0.024875998497009277 0.09102900326251984 0.04975299909710884
1 0.48868799209594727 0.42528200149536133 0.11389400064945221 0.13684099912643433
1 0.016478000208735466 0.13911402225494385 0.03098900057375431 0.11915100365877151
1 0.1927350014448166 0.018912971019744873 0.13418899476528168 0.03782700002193451
1 0.2657940089702606 0.37883901596069336 0.05448500066995621 0.0745140016078949
1 0.11972299963235855 0.015443980693817139 0.09560400247573853 0.029039999470114708
