0 0.37137898802757263 0.8397060036659241 0.10464899986982346 0.12480899691581726
0 0.11725100129842758 0.9145939946174622 0.10838299989700317 0.13086600601673126
0 0.28531700372695923 0.6663050055503845 0.10235600173473358 0.11521399766206741
0 0.5638989806175232 0.8793020248413086 0.06914100050926208 0.0966389998793602
0 0.27993500232696533 0.8432539701461792 0.09358000010251999 0.12130799889564514
0 0.25731098651885986 0.5568289756774902 0.09769099950790405 0.11743299663066864
0 0.1856289952993393 0.8225240111351013 0.08658500015735626 0.1172109991312027
0 0.3803420066833496 0.33625197410583496 0.07590799778699875 0.09478200227022171
0 0.6102629899978638 0.31846100091934204 0.05647699907422066 0.07389099895954132
0 0.3647100031375885 0.7362779974937439 0.07615599781274796 0.09948000311851501
0 0.48730000853538513 0.9182000160217285 0.09157399833202362 0.12405700236558914
0 0.44951000809669495 0.7481440305709839 0.0863649994134903 0.11458499729633331
0 0.7053020000457764 0.7284860014915466 0.054444000124931335 0.07710099965333939
0 0.575065016746521 0.4364439845085144 0.049908000975847244 0.06435199826955795
0 0.41106000542640686 0.9552900195121765 0.11489500105381012 0.0846169963479042
0 0.5964170098304749 0.5596530437469482 0.05403599888086319 0.07618500292301178
0 0.5372409820556641 0.525530993938446 0.04311700165271759 0.06927800178527832
0 0.9829639792442322 0.15361297130584717 0.027729999274015427 0.040157001465559006
0 0.7759429812431335 0.8548409938812256 0.032558001577854156 0.04010000079870224
0 0.7452549934387207 0.747439980506897 0.04500899836421013 0.06752999871969223
0 0.9888349771499634 0.11212301254272461 0.021330999210476875 0.0390469990670681
0 0.7541570067405701 0.8361200094223022 0.02832300029695034 0.05115199834108353
0 0.1775600016117096 0.015653014183044434 0.0358939990401268 0.02846500091254711
0 0.6612480282783508 0.7309490442276001 0.03525099903345108 0.06262300163507462
0 0.05405599996447563 0.010896027088165283 0.05153900012373924 0.02088399976491928
