1 0.12511199712753296 0.15152400732040405 0.11222700029611588 0.13955900073051453
1 0.02874699980020523 0.10364699363708496 0.05749399960041046 0.10206600278615952
2 0.05803300067782402 0.7468019723892212 0.10975299775600433 0.1456490010023117
2 0.4663409888744354 0.7755330204963684 0.0883139967918396 0.103131003677845
1 0.36998799443244934 0.5349299907684326 0.07180599868297577 0.09516999870538712
1 0.4628719985485077 0.7749670147895813 0.08269400149583817 0.10194800049066544
0 0.35644999146461487 0.6363129615783691 0.08474099636077881 0.11989200115203857
1 0.06349100172519684 0.03138601779937744 0.12698300182819366 0.06277299672365189
2 0.5045239925384521 0.6476489901542664 0.08269999921321869 0.09985899925231934
1 0.120728999376297 0.037953972816467285 0.09500899910926819 0.07558800280094147
1 0.04619799926877022 0.029834985733032227 0.08959800004959106 0.05967000126838684
1 0.11124599725008011 0.037181973457336426 0.1328359991312027 0.07287699729204178
1 0.0583529993891716 0.7426769733428955 0.11327199637889862 0.14509500563144684
1 0.765529990196228 0.9596250057220459 0.08218400180339813 0.07957600057125092
1 0.08679299801588058 0.0335879921913147 0.15263700485229492 0.06430400162935257
1 0.5039370059967041 0.6477290391921997 0.08344800025224686 0.1004209965467453
0 0.3692210018634796 0.535459041595459 0.07248900085687637 0.0969109982252121
2 0.7661269903182983 0.9577000141143799 0.08264999836683273 0.08254999667406082
