2 0.8489630222320557 0.41433000564575195 0.09045899659395218 0.11355099827051163
2 0.5097960233688354 0.38525497913360596 0.09446900337934494 0.10964500159025192
2 0.4536519944667816 0.4728109836578369 0.0970349982380867 0.12089099735021591
2 0.9722790122032166 0.36747097969055176 0.055442001670598984 0.11973399668931961
2 0.9658989906311035 0.4763299822807312 0.06706500053405762 0.10974399745464325
2 0.2962169945240021 0.49476897716522217 0.09747900068759918 0.1259090006351471
2 0.9644250273704529 0.2949640154838562 0.0657690018415451 0.11978399753570557
2 0.3498130142688751 0.3738890290260315 0.10177899897098541 0.1412999927997589
1 0.5022410154342651 0.700419008731842 0.06036899983882904 0.09804300218820572
2 0.901311993598938 0.643792986869812 0.09152500331401825 0.11752600222826004
1 0.42248401045799255 0.5824010372161865 0.08239399641752243 0.09337399899959564
2 0.42103299498558044 0.583187997341156 0.0782100036740303 0.08968599885702133
1 0.928371012210846 0.8087490200996399 0.09882000088691711 0.11326999962329865
2 0.6053839921951294 0.4357069730758667 0.14164400100708008 0.1491910070180893
2 0.74372398853302 0.6822739839553833 0.08436699956655502 0.09793700277805328
1 0.7454079985618591 0.6837639808654785 0.08232299983501434 0.09813299775123596
1 0.5334399938583374 0.11646497249603271 0.06309899687767029 0.1195330023765564
1 0.6100620031356812 0.43722599744796753 0.13440899550914764 0.15446600317955017
2 0.2991209924221039 0.345956027507782 0.06339800357818604 0.12224800139665604
