0 0.37394699454307556 0.11714398860931396 0.055305998772382736 0.06036999821662903
0 0.39152199029922485 0.7332279682159424 0.04989200085401535 0.05895400047302246
0 0.051190998405218124 0.3503749966621399 0.062352001667022705 0.07710500061511993
0 0.31073299050331116 0.0872420072555542 0.05858299881219864 0.07358899712562561
0 0.4289790093898773 0.9721869826316833 0.05955100059509277 0.05500200018286705
0 0.5443450212478638 0.5228320360183716 0.050880998373031616 0.06535699963569641
0 0.33683300018310547 0.767304003238678 0.05427300184965134 0.0649230033159256
0 0.34866398572921753 0.8682969808578491 0.05512300133705139 0.06548599898815155
0 0.5507280230522156 0.7308419942855835 0.05609999969601631 0.06705600023269653
0 0.4137449860572815 0.9213230013847351 0.04913400113582611 0.06757400184869766
0 0.2538830041885376 0.26064497232437134 0.06354299932718277 0.07533399760723114
0 0.6076549887657166 0.4827190041542053 0.04987100139260292 0.06293399631977081
0 0.3194870054721832 0.024586021900177002 0.05414700135588646 0.04917300119996071
0 0.3533729910850525 0.06314200162887573 0.04944000020623207 0.07136499881744385
0 0.5988579988479614 0.40069299936294556 0.04398199915885925 0.057401999831199646
0 0.38888800144195557 0.17214202880859375 0.054336000233888626 0.07006599754095078
0 0.6392809748649597 0.2910820245742798 0.039698000997304916 0.05314899981021881
0 0.45768699049949646 0.9177380204200745 0.044123001396656036 0.0673540011048317
0 0.24275900423526764 0.09064102172851562 0.048611998558044434 0.07525099813938141
0 0.6447970271110535 0.7650330066680908 0.046126000583171844 0.05861299857497215
0 0.39036500453948975 0.6755200028419495 0.052382998168468475 0.06637600064277649
0 0.5327649712562561 0.8466199636459351 0.04715700075030327 0.05900299921631813
0 0.6841520071029663 0.20880401134490967 0.03418799862265587 0.04484599828720093
0 0.33899399638175964 0.18274301290512085 0.058076001703739166 0.0694430023431778
0 0.5638489723205566 0.34255099296569824 0.047860000282526016 0.056901998817920685
0 0.6592649817466736 0.23252099752426147 0.031075000762939453 0.04497800022363663
0 0.502373993396759 0.37457799911499023 0.032065000385046005 0.0578790009021759
0 0.46884799003601074 0.9815430045127869 0.037422001361846924 0.036913998425006866
0 0.44146499037742615 0.018253028392791748 0.051979001611471176 0.03488900139927864
0 0.013309000059962273 0.5566079616546631 0.026619000360369682 0.08059199899435043
0 0.3939470052719116 0.8355000019073486 0.04705100134015083 0.06717199832201004
0 0.6725760102272034 0.07581299543380737 0.044148001819849014 0.0528549998998642
0 0.21912400424480438 0.6167399883270264 0.036240000277757645 0.055587999522686005
0 0.6020640134811401 0.18753701448440552 0.031998999416828156 0.05117499828338623
0 0.6605330109596252 0.013386011123657227 0.04268600046634674 0.026771999895572662
0 0.5176290273666382 0.4084950089454651 0.03721499815583229 0.05253399908542633
0 0.5736929774284363 0.44379597902297974 0.046921998262405396 0.06133599951863289
0 0.20367200672626495 0.016161024570465088 0.04114900156855583 0.032322999089956284
0 0.4627220034599304 0.9774410128593445 0.047954000532627106 0.045118000358343124
0 0.9779289960861206 0.46181797981262207 0.040720999240875244 0.09634300321340561
0 0.14361800253391266 0.9758530259132385 0.03236300125718117 0.03838999941945076
0 0.8496569991111755 0.9883990287780762 0.04385500028729439 0.023200999945402145
0 0.9919310212135315 0.5761690139770508 0.016138000413775444 0.07119499891996384
0 0.9494540095329285 0.9676089882850647 0.042337000370025635 0.054777998477220535
0 0.5839419960975647 0.5724639892578125 0.03011699952185154 0.04524200037121773
0 0.640142023563385 0.10426801443099976 0.032138001173734665 0.039948999881744385
0 0.9526540040969849 0.919704020023346 0.034205999225378036 0.04534199833869934
0 0.0623910017311573 0.9140329957008362 0.031870000064373016 0.04704900085926056
0 0.9845119714736938 0.8353549838066101 0.02735700085759163 0.04145599901676178
0 0.5700340270996094 0.4350469708442688 0.04540200158953667 0.05115300044417381
