0 0.6245269775390625 0.17354202270507812 0.07078299671411514 0.090550996363163
0 0.9754739999771118 0.714834988117218 0.049052998423576355 0.08340100198984146
0 0.027820000424981117 0.41794002056121826 0.05562499910593033 0.07698100060224533
0 0.45081499218940735 0.5023390054702759 0.058963000774383545 0.06926999986171722
0 0.18920600414276123 0.9365990161895752 0.05835000053048134 0.07315000146627426
0 0.08724100142717361 0.0851219892501831 0.06135199964046478 0.07652299851179123
0 0.1702979952096939 0.9721720218658447 0.06273099780082703 0.05565600097179413
0 0.1709810048341751 0.1840590238571167 0.05786599963903427 0.07320199906826019
0 0.20241600275039673 0.7915890216827393 0.05805400013923645 0.07130099833011627
0 0.14879600703716278 0.8930109739303589 0.05377199873328209 0.0696600005030632
0 0.4407840073108673 0.43831998109817505 0.05652099847793579 0.07214999943971634
0 0.22357499599456787 0.9723700284957886 0.055410999804735184 0.055261000990867615
0 0.38965699076652527 0.42740297317504883 0.05004400014877319 0.07004299759864807
0 0.06517399847507477 0.021661996841430664 0.05970500037074089 0.04332299903035164
0 0.024840999394655228 0.8465310335159302 0.04863499850034714 0.06212100014090538
0 0.8735730051994324 0.06429499387741089 0.07587099820375443 0.09213799983263016
0 0.2913160026073456 0.13991600275039673 0.06233400106430054 0.07516500353813171
0 0.23704199492931366 0.32856398820877075 0.051222000271081924 0.07606799900531769
0 0.18872900307178497 0.8709269762039185 0.048200998455286026 0.06678199768066406
0 0.8393549919128418 0.5309779644012451 0.041676998138427734 0.06287100166082382
0 0.33987200260162354 0.32607102394104004 0.046282000839710236 0.06825300306081772
0 0.13319499790668488 0.8488500118255615 0.03727399930357933 0.053033001720905304
0 0.28311699628829956 0.31535500288009644 0.05548899993300438 0.07460500299930573
0 0.9837170243263245 0.8417159914970398 0.03192399814724922 0.07008799910545349
0 0.23055200278759003 0.6145980358123779 0.04077399894595146 0.049129001796245575
0 0.16571800410747528 0.8142020106315613 0.04953699931502342 0.06902100145816803
0 0.1493609994649887 0.7947289943695068 0.051628999412059784 0.0701180025935173
0 0.7174050211906433 0.9520699977874756 0.04416999965906143 0.05636100098490715
0 0.9533219933509827 0.4113770127296448 0.041728999465703964 0.05688999965786934
0 0.3413900136947632 0.33439797163009644 0.053977999836206436 0.06798200309276581
0 0.40524500608444214 0.46626198291778564 0.04024900123476982 0.0523190014064312
0 0.15564699470996857 0.8021119832992554 0.06171900033950806 0.07622899860143661
