0 0.9486070275306702 0.5556340217590332 0.10003100335597992 0.12037400156259537
0 0.903007984161377 0.3124759793281555 0.08494900166988373 0.11351899802684784
0 0.9601110219955444 0.6731089949607849 0.07977800071239471 0.1148419976234436
0 0.9047319889068604 0.6280710101127625 0.06503000110387802 0.10591699928045273
0 0.9708139896392822 0.2548609972000122 0.054754000157117844 0.11115899682044983
0 0.02110699936747551 0.49174797534942627 0.042215000838041306 0.08938100188970566
0 0.9808760285377502 0.16234302520751953 0.036173999309539795 0.10943400114774704
0 0.9686049818992615 0.3737509846687317 0.05776200070977211 0.11035100370645523
0 0.9398959875106812 0.17340397834777832 0.06777200102806091 0.0963129997253418
0 0.9920750260353088 0.862405002117157 0.01585100032389164 0.1220650002360344
0 0.9903389811515808 0.8469060063362122 0.01932300068438053 0.09092599898576736
0 0.9936760067939758 0.8863739967346191 0.012648000381886959 0.12854599952697754
