2 0.818231999874115 0.8173819780349731 0.08777300268411636 0.12983499467372894
2 0.7975599765777588 0.6326879858970642 0.08755700290203094 0.11797899752855301
2 0.5001500248908997 0.0991939902305603 0.06981399655342102 0.099822998046875
2 0.8999419808387756 0.8693569898605347 0.08433999866247177 0.11178000271320343
2 0.7659950256347656 0.7698040008544922 0.0681300014257431 0.10471600294113159
2 0.9560580253601074 0.882457971572876 0.05654799938201904 0.0904029980301857
2 0.705007016658783 0.4754260182380676 0.03770799934864044 0.11184799671173096
2 0.936286985874176 0.8271880149841309 0.05793200060725212 0.09812600165605545
2 0.8443549871444702 0.9465739727020264 0.07633599638938904 0.09526699781417847
2 0.9297149777412415 0.9500700235366821 0.059154998511075974 0.0897509977221489
