1 0.44982099533081055 0.19068801403045654 0.06169699877500534 0.0773020014166832
1 0.3418850004673004 0.15201199054718018 0.05467600002884865 0.07636100053787231
1 0.39904001355171204 0.14389300346374512 0.05714999884366989 0.07841300219297409
0 0.6785169839859009 0.8698260188102722 0.0671050027012825 0.07904800027608871
1 0.43241000175476074 0.3669610023498535 0.048576999455690384 0.07359900325536728
1 0.331138014793396 0.32605499029159546 0.054582998156547546 0.07305599749088287
1 0.4528459906578064 0.12348800897598267 0.056356001645326614 0.06122799962759018
1 0.4385890066623688 0.28168797492980957 0.060141000896692276 0.08167999982833862
0 0.7900410294532776 0.4190400242805481 0.05521399900317192 0.0775889977812767
1 0.3299010097980499 0.9393280148506165 0.06930500268936157 0.08150900155305862
1 0.3861449956893921 0.3190540075302124 0.055059999227523804 0.07765199989080429
0 0.6562340259552002 0.9379199743270874 0.052476998418569565 0.0699319988489151
0 0.830627977848053 0.35407501459121704 0.0695590004324913 0.08496300131082535
1 0.1426369994878769 0.7680709958076477 0.0688600018620491 0.08381099998950958
1 0.3637230098247528 0.2260500192642212 0.05378499999642372 0.07924000173807144
1 0.3023340106010437 0.1715109944343567 0.041363999247550964 0.05803599953651428
1 0.15107400715351105 0.6276400089263916 0.06232599914073944 0.08490300178527832
1 0.5742110013961792 0.31113100051879883 0.05624699965119362 0.06907100230455399
1 0.5253840088844299 0.2542930245399475 0.039197999984025955 0.057863999158144
1 0.12751400470733643 0.19594699144363403 0.049995001405477524 0.07486499845981598
1 0.03911200165748596 0.6245200037956238 0.06145400181412697 0.0777520015835762
0 0.8844980001449585 0.3739680051803589 0.05925200134515762 0.07879400253295898
0 0.7803509831428528 0.20533502101898193 0.057881999760866165 0.07411299645900726
1 0.7168130278587341 0.16271597146987915 0.06287699937820435 0.08196300268173218
1 0.573186993598938 0.25480300188064575 0.04990899935364723 0.055098000913858414
1 0.19559000432491302 0.9207320213317871 0.06857799738645554 0.08515500277280807
1 0.07452499866485596 0.5470489859580994 0.07708299905061722 0.09207600355148315
1 0.48378100991249084 0.266185998916626 0.04285600036382675 0.07145299762487411
0 0.8803049921989441 0.4332579970359802 0.053318001329898834 0.06265600025653839
1 0.49921900033950806 0.024643003940582275 0.049166999757289886 0.049286000430583954
1 0.026528000831604004 0.5058200359344482 0.05305499956011772 0.07956500351428986
1 0.08607500046491623 0.6641759872436523 0.05844999849796295 0.07954700291156769
2 0.15083399415016174 0.6273850202560425 0.062011998146772385 0.08562400192022324
1 0.12742699682712555 0.30636799335479736 0.05104300007224083 0.06967400014400482
2 0.07636299729347229 0.5483199954032898 0.08002900332212448 0.0915829986333847
0 0.8114190101623535 0.5150359869003296 0.04640299826860428 0.07378000020980835
1 0.01675499975681305 0.6823390126228333 0.0334790013730526 0.06989099830389023
0 0.7180269956588745 0.16335797309875488 0.0637039989233017 0.08340000361204147
2 0.14261899888515472 0.76528400182724 0.07114999741315842 0.08643099665641785
2 0.12776699662208557 0.7093039751052856 0.06190599873661995 0.06970199942588806
1 0.07903199642896652 0.7565630078315735 0.05646499991416931 0.07575000077486038
1 0.17863599956035614 0.20896798372268677 0.05361799895763397 0.06740999966859818
1 0.06751599907875061 0.2899850010871887 0.049192000180482864 0.06415999680757523
0 0.781029999256134 0.9812049865722656 0.05503999814391136 0.037588998675346375
1 0.23161999881267548 0.6567740440368652 0.06373699754476547 0.08535700291395187
1 0.48746201395988464 0.3777329921722412 0.04810599982738495 0.06467200070619583
0 0.7951269745826721 0.09895199537277222 0.05469999834895134 0.06680600345134735
0 0.06796299666166306 0.28864699602127075 0.053245000541210175 0.06818000227212906
1 0.5580260157585144 0.016454994678497314 0.06330899894237518 0.0315530002117157
1 0.03749600052833557 0.13774800300598145 0.049258001148700714 0.06284300237894058
