0 0.6049450039863586 0.4356439709663391 0.06314100325107574 0.07996399700641632
0 0.4759019911289215 0.16449397802352905 0.05928599834442139 0.07767099887132645
1 0.16184400022029877 0.17649602890014648 0.0650549978017807 0.08184800297021866
1 0.1532440036535263 0.3785269856452942 0.06358999758958817 0.0790650025010109
1 0.02858000062406063 0.04682797193527222 0.05716000124812126 0.08890099823474884
0 0.5478500127792358 0.41325902938842773 0.06468500196933746 0.08940000087022781
1 0.036757998168468475 0.18269497156143188 0.058642998337745667 0.06394200026988983
0 0.4989610016345978 0.3650659918785095 0.06936900317668915 0.07841599732637405
0 0.7776259779930115 0.08965200185775757 0.06008699908852577 0.0986350029706955
0 0.3263239860534668 0.17856299877166748 0.07239100337028503 0.08660800009965897
1 0.06812600046396255 0.046070992946624756 0.04263399913907051 0.06726600229740143
0 0.6410009860992432 0.14423900842666626 0.07259999960660934 0.10001599788665771
1 0.2068209946155548 0.039929986000061035 0.05348600074648857 0.07448399811983109
0 0.7066310048103333 0.04927700757980347 0.04964900016784668 0.07055900245904922
1 0.8971670269966125 0.022346973419189453 0.07768700271844864 0.04469500109553337
0 0.5796120166778564 0.3694959878921509 0.0447239987552166 0.046115998178720474
0 0.7793260216712952 0.4024749994277954 0.054611001163721085 0.05420900136232376
0 0.6072810292243958 0.016166985034942627 0.07351099699735641 0.03200099989771843
1 0.6406289935112 0.14423000812530518 0.07229500263929367 0.09970699995756149
