0 0.4666210114955902 0.21678102016448975 0.06605499982833862 0.08372599631547928
0 0.7134690284729004 0.2646139860153198 0.06637000292539597 0.08155500143766403
0 0.7050859928131104 0.19414401054382324 0.06818299740552902 0.08572199940681458
0 0.7016509771347046 0.8140140175819397 0.07048200070858002 0.09040600061416626
0 0.6446139812469482 0.6548849940299988 0.059790998697280884 0.08903799951076508
0 0.8537769913673401 0.6991569995880127 0.06580200046300888 0.08230099827051163
0 0.42249301075935364 0.17457300424575806 0.05952699854969978 0.08060500025749207
0 0.872223973274231 0.5772190093994141 0.0660569965839386 0.0885310024023056
0 0.6374679803848267 0.326911985874176 0.06952600181102753 0.09193599969148636
0 0.9582030177116394 0.6006829738616943 0.06380800157785416 0.07903199642896652
0 0.5348569750785828 0.4960259795188904 0.07348699867725372 0.08563400059938431
0 0.8095539808273315 0.5652819871902466 0.07497899979352951 0.10656999796628952
0 0.8219169974327087 0.3927779793739319 0.0625159963965416 0.08196499943733215
0 0.5631219744682312 0.28746598958969116 0.0742110013961792 0.0887330025434494
0 0.704122006893158 0.6776080131530762 0.07773199677467346 0.09274899959564209
0 0.7353900074958801 0.0681300163269043 0.07018200308084488 0.08580700308084488
0 0.9389230012893677 0.19797301292419434 0.06141899898648262 0.07580000162124634
0 0.9463919997215271 0.2849079966545105 0.0675790011882782 0.08268000185489655
0 0.5643399953842163 0.3608279824256897 0.07286600023508072 0.09029600024223328
0 0.35631200671195984 0.22714102268218994 0.06200699880719185 0.07975699752569199
0 0.7575160264968872 0.24942398071289062 0.05110200121998787 0.07878600060939789
0 0.6033520102500916 0.8858609795570374 0.07370000332593918 0.08646199852228165
0 0.3208329975605011 0.2797510027885437 0.06883999705314636 0.07431700080633163
0 0.48739299178123474 0.5593630075454712 0.07022099941968918 0.08412399888038635
0 0.32349199056625366 0.33963799476623535 0.06715700030326843 0.08914099633693695
0 0.6824610233306885 0.12083500623703003 0.06575100123882294 0.08813200145959854
0 0.6824380159378052 0.3024579882621765 0.04833099991083145 0.07583700120449066
0 0.6428599953651428 0.1637669801712036 0.05180399864912033 0.07424800097942352
0 0.7331550121307373 0.1396380066871643 0.04985100030899048 0.066941998898983
0 0.6588370203971863 0.4609990119934082 0.05999499931931496 0.08698300272226334
0 0.9061130285263062 0.01831001043319702 0.06500700116157532 0.035576000809669495
