0 0.4702509939670563 0.8268380165100098 0.05916199833154678 0.0761839970946312
0 0.42111000418663025 0.7162790298461914 0.06507699936628342 0.08482100069522858
0 0.06611499935388565 0.47898197174072266 0.06499700248241425 0.07796599715948105
0 0.5958430171012878 0.7263990044593811 0.05510300025343895 0.07834099978208542
0 0.4808430075645447 0.6022800207138062 0.06333400309085846 0.07853999733924866
0 0.6864039897918701 0.3413050174713135 0.06993900239467621 0.09191799908876419
0 0.47125598788261414 0.523218035697937 0.05730700120329857 0.0756400004029274
0 0.32190001010894775 0.7527139782905579 0.05741399899125099 0.0747620016336441
0 0.10989800095558167 0.19555401802062988 0.05825800076127052 0.07262100279331207
0 0.24842999875545502 0.02731698751449585 0.058823999017477036 0.054308999329805374
0 0.017866000533103943 0.049552977085113525 0.035291001200675964 0.07638200372457504
0 0.41705700755119324 0.8220800161361694 0.04952000081539154 0.07385700196027756
0 0.6357600092887878 0.9210469722747803 0.04592299833893776 0.0589120015501976
0 0.38550400733947754 0.4904080033302307 0.06596799939870834 0.07065799832344055
0 0.3694230020046234 0.7268159985542297 0.05457799881696701 0.07420899718999863
0 0.055334001779556274 0.04657697677612305 0.04865400120615959 0.06205900013446808
0 0.08209499716758728 0.09780299663543701 0.05602100118994713 0.06697800010442734
0 0.4343760013580322 0.5729759931564331 0.04371799901127815 0.060851000249385834
0 0.08424299955368042 0.3340250253677368 0.04538000002503395 0.07524599879980087
0 0.1348849982023239 0.35333698987960815 0.055270999670028687 0.07218100130558014
0 0.5348089933395386 0.962673008441925 0.04294100031256676 0.05201999843120575
