2 0.9586459994316101 0.15226000547409058 0.07493499666452408 0.10476800054311752
2 0.5346450209617615 0.5117169618606567 0.06819699704647064 0.10141800343990326
2 0.41530999541282654 0.6273339986801147 0.06621299684047699 0.09655400365591049
2 0.8830559849739075 0.10954397916793823 0.07896900177001953 0.10772799700498581
2 0.6126180291175842 0.9313870072364807 0.06666100025177002 0.09447699785232544
2 0.6053450107574463 0.2544909715652466 0.06429199874401093 0.0907440036535263
2 0.7994379997253418 0.2025030255317688 0.05520499870181084 0.07750300318002701
2 0.6487029790878296 0.5037930011749268 0.07479000091552734 0.12237200140953064
2 0.605059027671814 0.5350630283355713 0.06371399760246277 0.0950620025396347
2 0.9679229855537415 0.2736870050430298 0.06402599811553955 0.0960870012640953
2 0.8205850124359131 0.4391390085220337 0.07699300348758698 0.09705899655818939
2 0.637499988079071 0.49352097511291504 0.08427000045776367 0.10298000276088715
2 0.7988010048866272 0.5152440071105957 0.08180200308561325 0.09059599786996841
