0 0.5435979962348938 0.3926439881324768 0.0690850019454956 0.08457999676465988
0 0.16626699268817902 0.37230002880096436 0.05733000114560127 0.0713139995932579
0 0.699163019657135 0.8931930065155029 0.07203900068998337 0.0943010002374649
0 0.4490880072116852 0.6111689805984497 0.06826700270175934 0.08516299724578857
0 0.5802199840545654 0.5406500101089478 0.06577499955892563 0.08513499796390533
0 0.6368889808654785 0.039175987243652344 0.06597600132226944 0.07835099846124649
0 0.46484899520874023 0.46720802783966064 0.06735199689865112 0.08285500109195709
0 0.48656898736953735 0.3942229747772217 0.05791600048542023 0.079864002764225
0 0.48540300130844116 0.3157449960708618 0.06168299913406372 0.07499799877405167
0 0.7947959899902344 0.9474949836730957 0.07138899713754654 0.09261400252580643
0 0.6380519866943359 0.5645589828491211 0.060315001755952835 0.0818059965968132
0 0.0946820005774498 0.37440699338912964 0.05656899884343147 0.07400599867105484
0 0.02521499991416931 0.23360401391983032 0.050429001450538635 0.0763470008969307
0 0.12285500019788742 0.9695490002632141 0.06591899693012238 0.06090199947357178
0 0.7758380174636841 0.8397650122642517 0.05816100165247917 0.08028600364923477
0 0.3360390067100525 0.6613839864730835 0.04018300026655197 0.05903799831867218
0 0.8919979929924011 0.9052860140800476 0.07450000196695328 0.08916199952363968
0 0.02897600084543228 0.07340598106384277 0.05688299983739853 0.09878300130367279
0 0.044220998883247375 0.5276889801025391 0.06108200177550316 0.07488799840211868
0 0.08766800165176392 0.7455710172653198 0.06518299877643585 0.08274000138044357
0 0.1604280024766922 0.4710490107536316 0.05818900093436241 0.07228600233793259
0 0.6505799889564514 0.6793420314788818 0.0605119988322258 0.07726699858903885
0 0.9147409796714783 0.7045800089836121 0.07176800072193146 0.08609099686145782
1 0.9444069862365723 0.4350759983062744 0.05674999952316284 0.07679499685764313
0 0.35812100768089294 0.221701979637146 0.045639000833034515 0.06624399870634079
1 0.9700120091438293 0.9193400144577026 0.059810999780893326 0.09273199737071991
0 0.9886530041694641 0.6958299875259399 0.022693999111652374 0.10557500272989273
0 0.07811199873685837 0.6954460144042969 0.06387899816036224 0.07200799882411957
0 0.8543180227279663 0.9538760185241699 0.05105900019407272 0.08091600239276886
1 0.918379008769989 0.8017989993095398 0.06196799874305725 0.07937800139188766
