2 0.9659850001335144 0.49303799867630005 0.06722600013017654 0.1234230026602745
2 0.9590920209884644 0.10571002960205078 0.07891400158405304 0.11476100236177444
2 0.9214869737625122 0.6749019622802734 0.07248599827289581 0.1138330027461052
2 0.9024320244789124 0.045292019844055176 0.08457700163125992 0.09006699919700623
2 0.9083240032196045 0.31292200088500977 0.07969799637794495 0.10778599977493286
2 0.6110879778862 0.8761640191078186 0.06658700108528137 0.0946199968457222
2 0.8540729880332947 0.2592719793319702 0.057746000587940216 0.0847880020737648
2 0.8076729774475098 0.018916010856628418 0.07239200174808502 0.036524999886751175
2 0.02365799993276596 0.5799909830093384 0.04731699824333191 0.07550700008869171
2 0.9678230285644531 0.6182010173797607 0.06081800162792206 0.15342099964618683
2 0.01355000026524067 0.8870710134506226 0.027016999199986458 0.106625996530056
2 0.04487600177526474 0.6292270421981812 0.05512399971485138 0.07399199903011322
2 0.08146599680185318 0.6766749620437622 0.06038900092244148 0.08879599720239639
2 0.7981619834899902 0.9630690217018127 0.14038699865341187 0.07360199838876724
2 0.6108530163764954 0.9809430241584778 0.07154200226068497 0.03679399937391281
2 0.9624720215797424 0.3544449806213379 0.07059500366449356 0.12031500041484833
2 0.8115130066871643 0.9700869917869568 0.10436300188302994 0.05982699990272522
1 0.9657350182533264 0.23870998620986938 0.06265100091695786 0.09107399731874466
2 0.8090310096740723 0.060469985008239746 0.06581299751996994 0.07119499891996384
1 0.6704279780387878 0.6960710287094116 0.0806640014052391 0.07979699969291687
2 0.984516978263855 0.7570120096206665 0.03096500039100647 0.13211800158023834
2 0.5804910063743591 0.850005030632019 0.060674998909235 0.07352700084447861
2 0.7753589749336243 0.969730019569397 0.07480400055646896 0.060541000217199326
2 0.8059390187263489 0.4690600037574768 0.060669999569654465 0.11806999891996384
2 0.897773027420044 0.20397502183914185 0.07597800344228745 0.12784700095653534
