0 0.6465139985084534 0.5510510206222534 0.06972000002861023 0.09397400170564651
0 0.32279500365257263 0.873091995716095 0.06572099775075912 0.08874999731779099
0 0.33587101101875305 0.6544170379638672 0.06603900343179703 0.09119600057601929
0 0.36820799112319946 0.9052829742431641 0.06811299920082092 0.09094999730587006
0 0.06950700283050537 0.5729770064353943 0.068572998046875 0.09543099999427795
0 0.7294679880142212 0.5109360218048096 0.0651089996099472 0.0859220027923584
0 0.5983369946479797 0.746845006942749 0.06781099736690521 0.0837550014257431
0 0.48680099844932556 0.6879589557647705 0.05643099918961525 0.07785899937152863
0 0.28741198778152466 0.7870489954948425 0.07310300320386887 0.08674199879169464
0 0.022506000474095345 0.5607110261917114 0.0450109988451004 0.09137199819087982
0 0.727778971195221 0.8374490141868591 0.054499998688697815 0.07074400037527084
0 0.9144390225410461 0.7919769883155823 0.05159199982881546 0.06936199963092804
0 0.5940409898757935 0.6676599979400635 0.07337599992752075 0.08320099860429764
0 0.6573449969291687 0.9713469743728638 0.06228699907660484 0.05730599910020828
0 0.7171760201454163 0.9781190156936646 0.06807500123977661 0.04286700114607811
0 0.5260050296783447 0.651432991027832 0.053672000765800476 0.0793830007314682
0 0.03176899999380112 0.9251570105552673 0.06120000034570694 0.09643899649381638
0 0.9617850184440613 0.807049036026001 0.05044599995017052 0.0733489990234375
0 0.9504129886627197 0.8484539985656738 0.04954800009727478 0.06980600208044052
0 0.9549559950828552 0.8308690190315247 0.05676700174808502 0.09786199778318405
0 0.9589099884033203 0.8188669681549072 0.054653000086545944 0.0941070020198822
