2 0.8898090124130249 0.7634900212287903 0.05216600000858307 0.06902500241994858
2 0.3345870077610016 0.555508017539978 0.05160899832844734 0.0696989968419075
2 0.2982099950313568 0.22850501537322998 0.056488998234272 0.07769899815320969
2 0.20659500360488892 0.2981470227241516 0.05147400125861168 0.07916499674320221
2 0.9332640171051025 0.49848198890686035 0.058720000088214874 0.07669000327587128
2 0.3054659962654114 0.9687119722366333 0.05600700154900551 0.06257600337266922
2 0.9841870069503784 0.40784502029418945 0.030358999967575073 0.062376998364925385
2 0.9545310139656067 0.21178597211837769 0.05434099957346916 0.06794899702072144
2 0.37615299224853516 0.23059600591659546 0.06980299949645996 0.0947989970445633
2 0.7630400061607361 0.10546797513961792 0.058281999081373215 0.08381099998950958
2 0.3624649941921234 0.040701985359191895 0.0566600002348423 0.0733489990234375
2 0.9673179984092712 0.9748460054397583 0.0600770004093647 0.05030899867415428
2 0.8989769816398621 0.8296740055084229 0.05870399996638298 0.07234399765729904
2 0.9764540195465088 0.505141019821167 0.047091998159885406 0.07771199941635132
2 0.34944701194763184 0.25151097774505615 0.05241699889302254 0.07394599914550781
2 0.6152719855308533 0.020689010620117188 0.05892400071024895 0.04049000144004822
2 0.9242510199546814 0.5699499845504761 0.05806700140237808 0.07527299970388412
2 0.8832749724388123 0.9662119746208191 0.06275700032711029 0.06757500022649765
2 0.6222440004348755 0.09259498119354248 0.05148300155997276 0.07055699825286865
2 0.08109600096940994 0.9105550050735474 0.05184699967503548 0.07415100187063217
2 0.2630079984664917 0.9331309795379639 0.040401000529527664 0.057874999940395355
2 0.5094069838523865 0.024339020252227783 0.04792900010943413 0.048434000462293625
2 0.016248999163508415 0.8315839767456055 0.03106600046157837 0.07060600072145462
2 0.9053429961204529 0.012947022914886475 0.05030899867415428 0.02589300088584423
2 0.9854750037193298 0.9258419871330261 0.026339000090956688 0.06305000185966492
