0 0.7408760190010071 0.5752339959144592 0.06210099905729294 0.07989399880170822
0 0.12431500107049942 0.6974520087242126 0.0642789974808693 0.08112800121307373
0 0.6834980249404907 0.4278690218925476 0.061806000769138336 0.07847300171852112
0 0.6264470219612122 0.8580880165100098 0.06345800310373306 0.07282599806785583
0 0.024994000792503357 0.35279399156570435 0.04998699948191643 0.07217200100421906
0 0.4541580080986023 0.715939998626709 0.05837099999189377 0.07708100229501724
0 0.4340299963951111 0.32287299633026123 0.07012800127267838 0.11143899708986282
1 0.33702000975608826 0.8840559720993042 0.06228400021791458 0.0798029974102974
1 0.283733993768692 0.6887999773025513 0.06359100341796875 0.07990700006484985
0 0.4278779923915863 0.31222498416900635 0.06752700358629227 0.10182499885559082
0 0.3266589939594269 0.49612897634506226 0.0542990006506443 0.07617700099945068
1 0.24794700741767883 0.5844489932060242 0.05580199882388115 0.06757699698209763
1 0.21084000170230865 0.7702980041503906 0.06870300322771072 0.08701500296592712
0 0.5077829957008362 0.8961809873580933 0.07126700133085251 0.07771500200033188
0 0.046546999365091324 0.6432570219039917 0.06587299704551697 0.08440999686717987
1 0.3941600024700165 0.6914420127868652 0.04564199969172478 0.07664600014686584
0 0.4380359947681427 0.3375930190086365 0.06534399837255478 0.08797799795866013
1 0.21187199652194977 0.667493999004364 0.06522399932146072 0.07542400062084198
1 0.801173985004425 0.7473709583282471 0.07282400131225586 0.09142199903726578
1 0.17890200018882751 0.7107830047607422 0.04343299940228462 0.060869000852108
1 0.8483459949493408 0.8980169892311096 0.07149200141429901 0.08969400078058243
0 0.9031640291213989 0.8073819875717163 0.050515998154878616 0.06618300080299377
0 0.9722229838371277 0.8458570241928101 0.04532499983906746 0.08445700258016586
0 0.2500790059566498 0.500465989112854 0.06256099790334702 0.07635600119829178
0 0.11945000290870667 0.6037319898605347 0.048503000289201736 0.07105900347232819
0 0.6087309718132019 0.47092700004577637 0.05181200057268143 0.07686299830675125
0 0.8482810258865356 0.897159993648529 0.06954299658536911 0.08893200010061264
1 0.11970199644565582 0.6035659909248352 0.048955000936985016 0.0700019970536232
1 0.30163198709487915 0.27409297227859497 0.0475349985063076 0.06566499918699265
0 0.8003039956092834 0.7480109930038452 0.07525800168514252 0.09371399879455566
0 0.45707499980926514 0.6098290085792542 0.049306001514196396 0.07215099781751633
