0 0.9579769968986511 0.9650570154190063 0.08404699712991714 0.06485699862241745
0 0.27551400661468506 0.6961910128593445 0.08925499767065048 0.11598800122737885
0 0.8614969849586487 0.23361098766326904 0.06636600196361542 0.08406800031661987
0 0.7532050013542175 0.22004902362823486 0.0658079981803894 0.08373899757862091
0 0.9597470164299011 0.13824200630187988 0.0656369999051094 0.08301900327205658
0 0.024264000356197357 0.5843130350112915 0.0485289990901947 0.10544600337743759
0 0.772117018699646 0.10518699884414673 0.06620699912309647 0.0825439989566803
0 0.13880999386310577 0.398855984210968 0.06694000214338303 0.08780699968338013
0 0.8545820116996765 0.30253100395202637 0.0744360014796257 0.07276900112628937
0 0.4706990122795105 0.046778976917266846 0.06233900040388107 0.0805639997124672
0 0.3311060070991516 0.43994998931884766 0.04729999974370003 0.07791599631309509
0 0.10804100334644318 0.7263219952583313 0.07135599851608276 0.09302499890327454
0 0.035006001591682434 0.627081036567688 0.06812799721956253 0.07824400067329407
0 0.693336009979248 0.20443201065063477 0.05141400173306465 0.08707299828529358
0 0.030782999470829964 0.6356090307235718 0.061567001044750214 0.06654900312423706
0 0.7423890233039856 0.9054340124130249 0.036180999130010605 0.048117998987436295
0 0.768742024898529 0.9472960233688354 0.03960099816322327 0.04893900081515312
0 0.0431860014796257 0.6251230239868164 0.056345999240875244 0.08794300258159637
0 0.9297919869422913 0.2584589719772339 0.035277001559734344 0.08684899657964706
