1 0.45131999254226685 0.3771119713783264 0.10489600151777267 0.12785999476909637
1 0.4020340144634247 0.15247297286987305 0.11835899949073792 0.1357409954071045
1 0.055622998625040054 0.47875601053237915 0.09215100109577179 0.12055700272321701
1 0.5144360065460205 0.19936001300811768 0.09804599732160568 0.12845399975776672
1 0.2143779993057251 0.46216297149658203 0.11486999690532684 0.13069500029087067
1 0.7438219785690308 0.5509139895439148 0.09402099996805191 0.0971670001745224
1 0.24476300179958344 0.6465790271759033 0.0761369988322258 0.08411499857902527
1 0.18177999556064606 0.2535589933395386 0.12724700570106506 0.14553099870681763
1 0.3638179898262024 0.2789760231971741 0.08463799953460693 0.11280900239944458
1 0.19376100599765778 0.10413098335266113 0.09673699736595154 0.11648699641227722
1 0.12629400193691254 0.39526301622390747 0.10983599722385406 0.14912700653076172
1 0.2795119881629944 0.5545660257339478 0.11212699860334396 0.1288979947566986
1 0.17460200190544128 0.6052280068397522 0.09894400089979172 0.12811900675296783
1 0.6563590168952942 0.21907198429107666 0.10958400368690491 0.14373700320720673
1 0.6869900226593018 0.6369470357894897 0.08595000207424164 0.1138639971613884
1 0.7513290047645569 0.4515079855918884 0.11618100106716156 0.1305679976940155
1 0.03292800113558769 0.333407998085022 0.06222900003194809 0.157492995262146
1 0.33687999844551086 0.14374101161956787 0.06391999870538712 0.14398600161075592
1 0.04377000033855438 0.1501070261001587 0.08593499660491943 0.14067700505256653
1 0.358364999294281 0.14973801374435425 0.10524199903011322 0.14000500738620758
2 0.8833209872245789 0.4291309714317322 0.09681300073862076 0.12132100015878677
1 0.8830909729003906 0.429813027381897 0.09685900062322617 0.12310799956321716
1 0.6917459964752197 0.16380798816680908 0.06565599888563156 0.11036700010299683
1 0.25557801127433777 0.2694699764251709 0.04999399930238724 0.1082800030708313
1 0.4509499967098236 0.11922001838684082 0.06907399743795395 0.10746700316667557
1 0.2971479892730713 0.11817502975463867 0.08656299859285355 0.1334719955921173
