2 0.3586040139198303 0.4269130229949951 0.07631999999284744 0.10748499631881714
2 0.48645201325416565 0.4311400055885315 0.07609199732542038 0.11508800089359283
2 0.2603920102119446 0.5270559787750244 0.07326500117778778 0.10515200346708298
2 0.2489130049943924 0.42611998319625854 0.07805000245571136 0.10741899907588959
2 0.4435339868068695 0.560712993144989 0.07593899965286255 0.11296900361776352
2 0.3308440148830414 0.5089600086212158 0.07162000238895416 0.09937900304794312
2 0.1746399998664856 0.18133598566055298 0.07768099755048752 0.09962199628353119
2 0.056007999926805496 0.061231017112731934 0.07134000211954117 0.10653200000524521
2 0.23927000164985657 0.6694049835205078 0.07064200192689896 0.09867700189352036
2 0.21685999631881714 0.36954402923583984 0.05845100060105324 0.0812470018863678
2 0.27773600816726685 0.7613919973373413 0.0957150012254715 0.13395799696445465
2 0.3284989893436432 0.9040420055389404 0.07653000205755234 0.10903800278902054
2 0.984961986541748 0.43932902812957764 0.028423000127077103 0.0705839991569519
1 0.05309100076556206 0.8116999864578247 0.08256600052118301 0.10440199822187424
2 0.8595730066299438 0.5807000398635864 0.04770100116729736 0.08248099684715271
2 0.8607919812202454 0.5685409903526306 0.04429899901151657 0.057746998965740204
2 0.27412301301956177 0.7447260022163391 0.0878790020942688 0.10137300193309784
2 0.8552799820899963 0.5901899933815002 0.054770998656749725 0.0889270007610321
