2 0.4715999960899353 0.27022701501846313 0.08069299906492233 0.11483599990606308
2 0.7212809920310974 0.2979459762573242 0.08091600239276886 0.10732699930667877
2 0.17872899770736694 0.24519002437591553 0.07638899981975555 0.11531300097703934
2 0.546763002872467 0.07794100046157837 0.07748199999332428 0.1146090030670166
2 0.24351699650287628 0.5760140419006348 0.07657299935817719 0.10844399780035019
2 0.5789710283279419 0.18908900022506714 0.07411199808120728 0.1124190017580986
2 0.5670959949493408 0.2956159710884094 0.06626000255346298 0.09125900268554688
2 0.6803190112113953 0.46672898530960083 0.07457900047302246 0.11129900068044662
2 0.5168830156326294 0.3583809733390808 0.07462500035762787 0.1085280030965805
2 0.18124300241470337 0.704912006855011 0.08983299881219864 0.10914800316095352
2 0.29799899458885193 0.2914919853210449 0.06510499864816666 0.0937030017375946
2 0.5973309874534607 0.42986100912094116 0.07428199797868729 0.10875900089740753
2 0.07046099752187729 0.2966110110282898 0.06442300230264664 0.0873669981956482
2 0.24453899264335632 0.3225809931755066 0.07649700343608856 0.09423600137233734
2 0.19530799984931946 0.43834298849105835 0.08120399713516235 0.10770799964666367
2 0.39081698656082153 0.5468239784240723 0.0684330016374588 0.09785500168800354
2 0.5152050256729126 0.9622669816017151 0.07478100061416626 0.07535699754953384
2 0.63789302110672 0.32548099756240845 0.06665199995040894 0.10474999994039536
2 0.09133400022983551 0.576928973197937 0.08017700165510178 0.11163800209760666
2 0.1727910041809082 0.3442630171775818 0.06896799802780151 0.09124100208282471
2 0.12866799533367157 0.40125399827957153 0.057137999683618546 0.07387500256299973
2 0.07214800268411636 0.6992130279541016 0.07987599819898605 0.0978349968791008
1 0.7336339950561523 0.8268179893493652 0.07934600114822388 0.10391700267791748
2 0.013989999890327454 0.49425601959228516 0.027511000633239746 0.12120500206947327
2 0.13377200067043304 0.46241098642349243 0.06880900263786316 0.09995699673891068
2 0.6918020248413086 0.8622000217437744 0.05112399905920029 0.08222399652004242
2 0.025838999077677727 0.637220025062561 0.05094499886035919 0.09525000303983688
1 0.7666170001029968 0.9256590008735657 0.07513300329446793 0.09880899637937546
1 0.6890140175819397 0.9644910097122192 0.08078800141811371 0.0663049966096878
2 0.36684200167655945 0.49488699436187744 0.06902000308036804 0.1012360006570816
2 0.3849810063838959 0.5322610139846802 0.091109998524189 0.13184300065040588
2 0.7336360216140747 0.8254910111427307 0.07651299983263016 0.10406500101089478
2 0.02420799992978573 0.560992956161499 0.04624300077557564 0.07632099837064743
2 0.3677409887313843 0.47965097427368164 0.07092399895191193 0.07251399755477905
2 0.9873719811439514 0.43869197368621826 0.024318000301718712 0.07839500159025192
0 0.7662220001220703 0.9259870052337646 0.0749489963054657 0.10486999899148941
