0 0.3351300060749054 0.4526360034942627 0.06439100205898285 0.08160199970006943
0 0.97086501121521 0.18095499277114868 0.05827099829912186 0.09875199943780899
0 0.39062899351119995 0.033762991428375244 0.060878001153469086 0.06752599775791168
0 0.7625060081481934 0.49172598123550415 0.06133899837732315 0.07449699938297272
0 0.6183739900588989 0.1642950177192688 0.058194998651742935 0.08072099834680557
0 0.49072501063346863 0.21712100505828857 0.06098800152540207 0.07893600314855576
0 0.40930500626564026 0.11259299516677856 0.059734001755714417 0.0778999999165535
0 0.7094979882240295 0.48009300231933594 0.053947001695632935 0.07379800081253052
0 0.7711510062217712 0.5609149932861328 0.05978799983859062 0.07122000306844711
0 0.44784000515937805 0.9615479707717896 0.057787999510765076 0.06959100067615509
0 0.5032489895820618 0.8537949919700623 0.060245998203754425 0.07870499789714813
0 0.7243469953536987 0.5327950119972229 0.044741999357938766 0.05226600170135498
0 0.5517510175704956 0.37761998176574707 0.05183200165629387 0.07085900008678436
0 0.3206019997596741 0.9048010110855103 0.053568001836538315 0.06931500136852264
0 0.5989770293235779 0.36768001317977905 0.054228998720645905 0.059415001422166824
0 0.4307360053062439 0.9130949974060059 0.0421999990940094 0.05764099955558777
0 0.5390509963035583 0.6738619804382324 0.04065199941396713 0.05170400068163872
0 0.6016479730606079 0.3206930160522461 0.058956000953912735 0.065249003469944
0 0.48898300528526306 0.9411140084266663 0.04801400005817413 0.06971800327301025
0 0.44961100816726685 0.8620629906654358 0.057583998888731 0.07573100179433823
0 0.46532300114631653 0.8835409879684448 0.05186599865555763 0.06755000352859497
0 0.4875580072402954 0.9861260056495667 0.05717499926686287 0.02574099972844124
0 0.46091899275779724 0.8752149939537048 0.05992000177502632 0.08061899989843369
0 0.6011030077934265 0.3593059778213501 0.0612649992108345 0.07392799854278564
0 0.6574550271034241 0.3853110074996948 0.04676299914717674 0.06420399993658066
0 0.6590499877929688 0.3738759756088257 0.0483580008149147 0.07192400097846985
