0 0.4817819893360138 0.8912709951400757 0.05708400160074234 0.08547399938106537
0 0.1576080024242401 0.26522302627563477 0.061576999723911285 0.08782900124788284
0 0.20401400327682495 0.21685701608657837 0.06573600322008133 0.10153800249099731
0 0.5272279977798462 0.9302350282669067 0.0633149966597557 0.0882280021905899
0 0.2977989912033081 0.16835099458694458 0.07146900147199631 0.08854000270366669
0 0.25609299540519714 0.3707500100135803 0.058382000774145126 0.08909100294113159
0 0.6536679863929749 0.75518798828125 0.06356900185346603 0.08152399957180023
0 0.10936000198125839 0.5679199695587158 0.053575001657009125 0.06926299631595612
0 0.14330600202083588 0.7253350019454956 0.0599059984087944 0.07554800063371658
0 0.6872760057449341 0.9710729718208313 0.08319199830293655 0.0557279996573925
0 0.2846589982509613 0.26210498809814453 0.07582499831914902 0.07630900293588638
0 0.16359299421310425 0.8405380249023438 0.05473100021481514 0.06663700193166733
0 0.5587009787559509 0.9020249843597412 0.045871999114751816 0.08811900019645691
0 0.1366650015115738 0.5280709862709045 0.03525400161743164 0.06324700266122818
0 0.1627960056066513 0.16088998317718506 0.051635999232530594 0.10493200272321701
0 0.7833439707756042 0.2188810110092163 0.04850900173187256 0.06859000027179718
0 0.13970699906349182 0.6330679655075073 0.03833499923348427 0.07327400147914886
0 0.007406999822705984 0.4466800093650818 0.014805000275373459 0.0808349996805191
0 0.010002000257372856 0.4332749843597412 0.01968800090253353 0.0946429967880249
