2 0.6718329787254333 0.7191519737243652 0.07970300316810608 0.10974399745464325
2 0.7097650170326233 0.475600004196167 0.06347200274467468 0.09097100049257278
2 0.5921689867973328 0.7265180349349976 0.06282900273799896 0.09139399975538254
2 0.7243260145187378 0.860617995262146 0.08449800312519073 0.12117899954319
2 0.2671000063419342 0.30802100896835327 0.08271600306034088 0.12581999599933624
2 0.792149007320404 0.741470992565155 0.06543800234794617 0.09192100167274475
2 0.036270998418331146 0.15704602003097534 0.0725409984588623 0.1119299978017807
2 0.40207400918006897 0.1848989725112915 0.05409900099039078 0.06975699961185455
2 0.5188689827919006 0.45768898725509644 0.07120899856090546 0.0961960032582283
2 0.8014219999313354 0.9542840123176575 0.07990600168704987 0.0896570011973381
2 0.045538000762462616 0.29930299520492554 0.07935299724340439 0.10725899785757065
2 0.5539090037345886 0.8971459865570068 0.08359000086784363 0.11616600304841995
2 0.41780298948287964 0.23577499389648438 0.050126999616622925 0.06650800257921219
2 0.6312990188598633 0.9000849723815918 0.08435100317001343 0.1182129979133606
2 0.7702950239181519 0.5074479579925537 0.06518500298261642 0.07981300354003906
2 0.4520370066165924 0.2799980044364929 0.05282700061798096 0.06509599834680557
2 0.5473350286483765 0.973825991153717 0.0815889984369278 0.052347999066114426
2 0.7630959749221802 0.9359570145606995 0.05080699920654297 0.07999099791049957
