0 0.3590550124645233 0.7429149746894836 0.104482002556324 0.12936000525951385
0 0.20300300419330597 0.6591500043869019 0.08665899932384491 0.1158600002527237
0 0.291471004486084 0.5989599823951721 0.07953199744224548 0.10517899692058563
0 0.11916299909353256 0.590133011341095 0.09976600110530853 0.12634600698947906
0 0.10179600119590759 0.6948189735412598 0.0591449998319149 0.07615000009536743
0 0.01943100057542324 0.14950400590896606 0.03800399973988533 0.09859400242567062
0 0.04774799942970276 0.21157599985599518 0.05956500023603439 0.09099400043487549
0 0.2064090073108673 0.5645959973335266 0.06326500326395035 0.07096400111913681
0 0.053307998925447464 0.05293099954724312 0.059734001755714417 0.09863899648189545
0 0.05908000096678734 0.6333529949188232 0.05398000031709671 0.087397001683712
0 0.29945099353790283 0.431304007768631 0.0997219979763031 0.14209699630737305
0 0.4573870003223419 0.7410179972648621 0.07707499712705612 0.11357899755239487
0 0.3442470133304596 0.8764150142669678 0.05860099941492081 0.10305199772119522
0 0.8370810151100159 0.659758985042572 0.05937600135803223 0.07713700085878372
1 0.8372099995613098 0.6583729982376099 0.05819699913263321 0.0783659964799881
0 0.31071799993515015 0.42411699891090393 0.0753839984536171 0.12864500284194946
0 0.12229499965906143 0.5433689951896667 0.05344099923968315 0.057027000933885574
