2 0.6219810247421265 0.850400984287262 0.06581299751996994 0.09652400016784668
2 0.594631016254425 0.648589015007019 0.0811920017004013 0.11858200281858444
2 0.684781014919281 0.8319429755210876 0.06926800310611725 0.10057500004768372
2 0.7145000100135803 0.5828850269317627 0.06553900241851807 0.09318699687719345
2 0.50382399559021 0.5949850082397461 0.06838099658489227 0.09894099831581116
2 0.6574940085411072 0.5193650126457214 0.08899500221014023 0.12529399991035461
2 0.464493989944458 0.05138999968767166 0.08402899652719498 0.10277999937534332
2 0.5597900152206421 0.4947200119495392 0.09223300218582153 0.12274900078773499
2 0.6837480068206787 0.40001198649406433 0.0636029988527298 0.09500599652528763
2 0.695402979850769 0.40252798795700073 0.09045799821615219 0.10596700012683868
2 0.4194760024547577 0.8791869878768921 0.07466799765825272 0.10457800328731537
2 0.474263995885849 0.49216899275779724 0.08074499666690826 0.1087379977107048
2 0.47307300567626953 0.37397199869155884 0.09101799875497818 0.11382199823856354
2 0.736382007598877 0.3677380084991455 0.07514099776744843 0.10838399827480316
1 0.7385510206222534 0.26715800166130066 0.08115199953317642 0.10534299910068512
2 0.7371370196342468 0.26633700728416443 0.08136100322008133 0.10477700084447861
2 0.7092519998550415 0.3800339996814728 0.11966700106859207 0.12014500051736832
2 0.3346079885959625 0.9691579937934875 0.051982998847961426 0.058816999197006226
2 0.6709129810333252 0.015340999700129032 0.042040999978780746 0.030680999159812927
