0 0.8140000104904175 0.3229129910469055 0.06589499861001968 0.07965800166130066
0 0.853751003742218 0.22729900479316711 0.06592799723148346 0.07803100347518921
0 0.9131730198860168 0.3146570026874542 0.0641850009560585 0.0785679966211319
0 0.22965000569820404 0.42840901017189026 0.04802199825644493 0.06102000176906586
0 0.869022011756897 0.3448350131511688 0.06379300355911255 0.08832400292158127
0 0.8103730082511902 0.39042699337005615 0.06066400185227394 0.07452499866485596
0 0.9560829997062683 0.7710210084915161 0.047951001673936844 0.06296200305223465
0 0.01091499999165535 0.43103399872779846 0.0218299999833107 0.06100500002503395
0 0.8400970101356506 0.5685089826583862 0.05519099906086922 0.06724599748849869
0 0.8812559843063354 0.6274780035018921 0.05564799904823303 0.0738850012421608
0 0.13689300417900085 0.7566620111465454 0.043747998774051666 0.06016099825501442
0 0.8422170281410217 0.6279910206794739 0.05366300046443939 0.07324700057506561
0 0.8008289933204651 0.5371270179748535 0.05214399844408035 0.07417800277471542
0 0.8588749766349792 0.18835599720478058 0.06403499841690063 0.06009799987077713
0 0.9530550241470337 0.533033013343811 0.05140899866819382 0.06773699820041656
0 0.010023999959230423 0.6858810186386108 0.01806800067424774 0.03967199847102165
0 0.01460300013422966 0.6063820123672485 0.027096999809145927 0.03732899948954582
0 0.6508479714393616 0.011107999831438065 0.05579699948430061 0.019341999664902687
0 0.7883530259132385 0.3414439857006073 0.030657000839710236 0.08154699951410294
0 0.6529960036277771 0.008944000117480755 0.06848999857902527 0.017420999705791473
