2 0.9043779969215393 0.507565975189209 0.09985999763011932 0.12051799893379211
2 0.545632004737854 0.5219879746437073 0.10065700113773346 0.12410300225019455
1 0.39028200507164 0.2412630021572113 0.08303000032901764 0.10343699902296066
1 0.5512719750404358 0.19797100126743317 0.07108200341463089 0.1247050017118454
2 0.32595399022102356 0.3957329988479614 0.10646100342273712 0.13503800332546234
1 0.4654189944267273 0.3105109930038452 0.08308599889278412 0.09798400104045868
2 0.36952701210975647 0.5287359952926636 0.13382500410079956 0.16268500685691833
2 0.4889819920063019 0.4205380082130432 0.10901899635791779 0.130063995718956
2 0.46406498551368713 0.31163299083709717 0.08415000140666962 0.10509700328111649
1 0.7268919944763184 0.1711300015449524 0.06301800161600113 0.08463600277900696
1 0.8069090247154236 0.22280600666999817 0.08897099643945694 0.10997799783945084
1 0.962556004524231 0.10723099857568741 0.0748870000243187 0.15108899772167206
1 0.9600210189819336 0.2733980119228363 0.07805699855089188 0.12423799932003021
2 0.962253987789154 0.27158600091934204 0.0707089975476265 0.12754499912261963
1 0.5244380235671997 0.20715799927711487 0.11208300292491913 0.13271600008010864
2 0.6495469808578491 0.4699380099773407 0.14816300570964813 0.1435530036687851
2 0.6716020107269287 0.4657270014286041 0.10521599650382996 0.13238200545310974
