0 0.9686139822006226 0.46598300337791443 0.0627719983458519 0.08980000019073486
0 0.7470070123672485 0.924485981464386 0.06644000113010406 0.08704899996519089
0 0.5233719944953918 0.1961050033569336 0.0733179971575737 0.09934800118207932
0 0.879069983959198 0.6714000105857849 0.07321400195360184 0.09463399648666382
0 0.7904580235481262 0.33013999462127686 0.08207499980926514 0.09902200102806091
0 0.6784020066261292 0.891219973564148 0.06715500354766846 0.08872299641370773
0 0.14810000360012054 0.29067501425743103 0.06504199653863907 0.08217000216245651
0 0.13669200241565704 0.203793004155159 0.06602700054645538 0.07795300334692001
0 0.8687390089035034 0.5550860166549683 0.07489799708127975 0.09248500317335129
0 0.923554003238678 0.6097180247306824 0.06595399975776672 0.09172400087118149
0 0.9774860143661499 0.9664360284805298 0.0419900007545948 0.06712699681520462
0 0.9067959785461426 0.8497189879417419 0.0799340009689331 0.10877399891614914
0 0.382997989654541 0.735131025314331 0.06038599833846092 0.0770689994096756
0 0.31593000888824463 0.017393000423908234 0.06205099821090698 0.03309100121259689
0 0.013043999671936035 0.30906200408935547 0.025415999814867973 0.069691002368927
0 0.9575870037078857 0.8195250034332275 0.05850299820303917 0.09008599817752838
0 0.7153339982032776 0.6789109706878662 0.06436999887228012 0.08131100237369537
1 0.8455939888954163 0.7492640018463135 0.06072600185871124 0.08474099636077881
0 0.3112240135669708 0.06779400259256363 0.05919500067830086 0.06635600328445435
0 0.10268200188875198 0.0784199982881546 0.04089900106191635 0.051277998834848404
0 0.7787600159645081 0.7844430208206177 0.0702499970793724 0.09761500358581543
0 0.4408169984817505 0.7485989928245544 0.0572270005941391 0.07777799665927887
0 0.9032999873161316 0.4548630118370056 0.06825900077819824 0.08371900022029877
0 0.01384000014513731 0.9573389887809753 0.026277000084519386 0.06260199844837189
0 0.7743989825248718 0.5632500052452087 0.0629820004105568 0.09796600043773651
1 0.7565159797668457 0.723173975944519 0.059220001101493835 0.06687700003385544
0 0.14626599848270416 0.0370279997587204 0.03331200033426285 0.04676400125026703
0 0.4918209910392761 0.7952489852905273 0.042323000729084015 0.06345699727535248
0 0.8273800015449524 0.9291319847106934 0.067842997610569 0.08505400270223618
0 0.49350300431251526 0.7200329899787903 0.05401099845767021 0.0685259997844696
0 0.854066014289856 0.2016189992427826 0.0498029999434948 0.05132700130343437
0 0.7251319885253906 0.8421300053596497 0.05641400068998337 0.07413399964570999
0 0.7572259902954102 0.7263579964637756 0.06386499851942062 0.07458200305700302
0 0.12201499938964844 0.018278999254107475 0.030757000669836998 0.034706000238657
0 0.94889897108078 0.5398499965667725 0.0675169974565506 0.07862299680709839
1 0.7797009944915771 0.7845529913902283 0.07179199904203415 0.09817299991846085
0 0.08936399966478348 0.1910099983215332 0.046477001160383224 0.07682699710130692
0 0.06695099920034409 0.13132600486278534 0.04592299833893776 0.05148699879646301
0 0.1983029991388321 0.1932539939880371 0.0577629990875721 0.05881800130009651
1 0.7231919765472412 0.8418179750442505 0.05210600048303604 0.06628900021314621
0 0.9834849834442139 0.8841120004653931 0.03163500130176544 0.09309600293636322
