0 0.7871090173721313 0.4432480037212372 0.0639130026102066 0.08075699955224991
0 0.846219003200531 0.7695990204811096 0.05875999853014946 0.0691400021314621
0 0.8254809975624084 0.8464469909667969 0.059707000851631165 0.07859200239181519
0 0.20947499573230743 0.046518001705408096 0.046282000839710236 0.05726199969649315
0 0.9209269881248474 0.6842010021209717 0.05561099946498871 0.06993599981069565
0 0.7682200074195862 0.058021001517772675 0.051917001605033875 0.06446599960327148
0 0.9764410257339478 0.5525519847869873 0.04470000043511391 0.07484900206327438
0 0.9535809755325317 0.10014499723911285 0.057635001838207245 0.07146099954843521
0 0.8743720054626465 0.05296799913048744 0.042256999760866165 0.0593079999089241
0 0.9149479866027832 0.08187799900770187 0.048280999064445496 0.06867100298404694
0 0.9110699892044067 0.017224999144673347 0.07694400101900101 0.033427998423576355
0 0.9134100079536438 0.02161400020122528 0.08120299875736237 0.043226998299360275
0 0.3516570031642914 0.2991020083427429 0.043960001319646835 0.052483998239040375
0 0.917061984539032 0.02813900075852871 0.07442600280046463 0.05627800151705742
0 0.8869370222091675 0.1075889989733696 0.04996500164270401 0.06763999909162521
0 0.9016780257225037 0.015181000344455242 0.05250899866223335 0.02897600084543228
