0 0.342164009809494 0.5623729825019836 0.06165999919176102 0.07974500209093094
0 0.03551600128412247 0.7580639719963074 0.07103300094604492 0.08569499850273132
0 0.17496399581432343 0.8069040179252625 0.06607100367546082 0.07668100297451019
0 0.8164269924163818 0.15507200360298157 0.03939399868249893 0.046188998967409134
0 0.8248000144958496 0.7907009720802307 0.06034199893474579 0.07395900040864944
1 0.30215999484062195 0.9647690057754517 0.07737100124359131 0.07046200335025787
0 0.2307550013065338 0.6041550040245056 0.06643799692392349 0.07709600031375885
1 0.3561280071735382 0.8270760178565979 0.07383900135755539 0.09265200048685074
0 0.28456398844718933 0.5683550238609314 0.06165900081396103 0.08471199870109558
0 0.4060409963130951 0.9327870011329651 0.0491349995136261 0.07268600165843964
1 0.5782560110092163 0.9812229871749878 0.0783500000834465 0.03755500167608261
0 0.798445999622345 0.1255359947681427 0.039740998297929764 0.044248998165130615
0 0.8488079905509949 0.06404300034046173 0.036653999239206314 0.049605999141931534
0 0.4817650020122528 0.9038619995117188 0.05358299985527992 0.0941300019621849
0 0.9639009833335876 0.12140499800443649 0.036687999963760376 0.043404001742601395
1 0.4953469932079315 0.22461800277233124 0.05305200070142746 0.0595880001783371
0 0.969389021396637 0.06592000275850296 0.035891998559236526 0.04459400102496147
