0 0.2383739948272705 0.05202699825167656 0.0614750012755394 0.07340899854898453
0 0.06990399956703186 0.6095920205116272 0.05776900053024292 0.07200299948453903
0 0.783390998840332 0.18300500512123108 0.06707199662923813 0.08581399917602539
0 0.9256920218467712 0.7245240211486816 0.05782900005578995 0.07272700220346451
0 0.05063999816775322 0.6731359958648682 0.05573499947786331 0.06443700194358826
0 0.9763299822807312 0.7497090101242065 0.04733999818563461 0.07241500169038773
0 0.4871459901332855 0.25720199942588806 0.05474599823355675 0.0732479989528656
0 0.2940709888935089 0.4086869955062866 0.052567001432180405 0.07360800355672836
0 0.8346220254898071 0.917527973651886 0.054478999227285385 0.07159999758005142
0 0.025481000542640686 0.7584130167961121 0.04981900006532669 0.06376899778842926
0 0.3085710108280182 0.3380419909954071 0.05309600010514259 0.06557299941778183
0 0.5671359896659851 0.030844999477267265 0.04267000034451485 0.05376400053501129
0 0.9851359724998474 0.6493510007858276 0.029728999361395836 0.08558700233697891
0 0.9555420279502869 0.5537030100822449 0.0477290004491806 0.06408499926328659
0 0.3919599950313568 0.79305100440979 0.04870700091123581 0.06524199992418289
0 0.9861990213394165 0.2749600112438202 0.027602000162005424 0.08893600106239319
0 0.9866369962692261 0.46180498600006104 0.026724999770522118 0.0923829972743988
0 0.034706998616456985 0.8068270087242126 0.05035199970006943 0.05357399955391884
0 0.9810410141944885 0.5937970280647278 0.03791800141334534 0.05892600119113922
0 0.0654039978981018 0.8964530229568481 0.05418900027871132 0.06825300306081772
0 0.6104549765586853 0.027793999761343002 0.052723001688718796 0.055587999522686005
0 0.4687820076942444 0.16747500002384186 0.04761499911546707 0.058782998472452164
0 0.3791329860687256 0.2524150013923645 0.050237998366355896 0.05697600170969963
0 0.7753549814224243 0.9561280012130737 0.04592600092291832 0.059803999960422516
0 0.4324820041656494 0.13974300026893616 0.04299800097942352 0.0659789964556694
0 0.8443530201911926 0.7594239711761475 0.051559001207351685 0.05906499922275543
0 0.9655929803848267 0.6805539727210999 0.04689199849963188 0.055257998406887054
0 0.9322100281715393 0.3709839880466461 0.04085800051689148 0.042771998792886734
0 0.9836120009422302 0.6314780116081238 0.03277600184082985 0.10690899938344955
0 0.03987399861216545 0.801114022731781 0.05110900104045868 0.05902399867773056
0 0.3756659924983978 0.25941601395606995 0.04486300051212311 0.061911001801490784
0 0.6925470232963562 0.6030529737472534 0.046289000660181046 0.061733998358249664
0 0.8391410112380981 0.7620859742164612 0.05023999884724617 0.07096300274133682
0 0.5214660167694092 0.125560000538826 0.042061999440193176 0.04253299906849861
0 0.771261990070343 0.6507089734077454 0.03455900028347969 0.03962400183081627
0 0.6837090253829956 0.6096529960632324 0.048427000641822815 0.06290300190448761
0 0.9737240076065063 0.6777359843254089 0.04632300138473511 0.06079600006341934
