0 0.5969430208206177 0.09017500281333923 0.0752440020442009 0.0980440005660057
0 0.7922970056533813 0.1157039999961853 0.07205300033092499 0.103131003677845
0 0.7282840013504028 0.09378000348806381 0.07184299826622009 0.09491699934005737
0 0.43859899044036865 0.4171760082244873 0.06963799893856049 0.09216099977493286
0 0.6017029881477356 0.20857499539852142 0.067051000893116 0.08500500023365021
0 0.6515610218048096 0.14572300016880035 0.06439299881458282 0.10336299985647202
0 0.4537679851055145 0.9126790165901184 0.06055999919772148 0.0790409967303276
0 0.5101889967918396 0.15521499514579773 0.048657000064849854 0.08310399949550629
0 0.6383389830589294 0.03684199973940849 0.058111999183893204 0.07161000370979309
0 0.4729219973087311 0.8189610242843628 0.06780699640512466 0.08646000176668167
0 0.7068529725074768 0.02318600006401539 0.06933800131082535 0.04498500004410744
0 0.3948439955711365 0.5709360241889954 0.0653970018029213 0.09350500255823135
0 0.70039302110672 0.7437419891357422 0.03963499888777733 0.04825900122523308
0 0.42893901467323303 0.8326719999313354 0.04430900141596794 0.07743900269269943
0 0.887362003326416 0.017789000645279884 0.07455699890851974 0.03310300037264824
