0 0.3749940097332001 0.1777389943599701 0.10396499931812286 0.12664799392223358
0 0.12303999811410904 0.10331399738788605 0.10454100370407104 0.12735700607299805
0 0.26010099053382874 0.4591290056705475 0.09649199992418289 0.1185849979519844
0 0.18920999765396118 0.1958879977464676 0.08694899827241898 0.11774600297212601
0 0.2848510146141052 0.17624500393867493 0.09051399677991867 0.1214739978313446
0 0.5663599967956543 0.13912099599838257 0.06923100352287292 0.09874500334262848
0 0.6141890287399292 0.696478009223938 0.057100001722574234 0.07514499872922897
0 0.3684859871864319 0.2843410074710846 0.07484900206327438 0.09462200105190277
0 0.3829750120639801 0.6764000058174133 0.07200600206851959 0.08908800035715103
0 0.2897309958934784 0.35228100419044495 0.09892900288105011 0.11335200071334839
0 0.4168829917907715 0.05493900179862976 0.10301899909973145 0.10288000106811523
0 0.6014549732208252 0.45786499977111816 0.05321500077843666 0.07419800013303757
0 0.48917001485824585 0.10171599686145782 0.09127800166606903 0.12508100271224976
0 0.4524109959602356 0.27043798565864563 0.08304700255393982 0.11251399666070938
0 0.5406110286712646 0.48984000086784363 0.041930001229047775 0.06675700098276138
0 0.5776659846305847 0.5794510245323181 0.05079200118780136 0.0654359981417656
0 0.7064999938011169 0.28894099593162537 0.05324000120162964 0.07792700082063675
0 0.98683100938797 0.8652129769325256 0.02310200035572052 0.038777999579906464
0 0.7843859791755676 0.1626880019903183 0.027150999754667282 0.0406620018184185
0 0.7554640173912048 0.17975899577140808 0.03396200016140938 0.05680200085043907
0 0.7476209998130798 0.27069801092147827 0.04320500046014786 0.07304400205612183
0 0.9913989901542664 0.9061629772186279 0.01720299944281578 0.04048899933695793
0 0.6646950244903564 0.2846420109272003 0.028013000264763832 0.051210999488830566
