0 0.3974840044975281 0.06583700329065323 0.057068001478910446 0.07756099849939346
0 0.3038859963417053 0.2879830002784729 0.05583899840712547 0.07086200267076492
0 0.6426029801368713 0.30464300513267517 0.056418001651763916 0.076494000852108
0 0.19598400592803955 0.5974469780921936 0.062380000948905945 0.07752300053834915
0 0.777899980545044 0.3424629867076874 0.044346000999212265 0.058010000735521317
0 0.24657100439071655 0.26674801111221313 0.057128001004457474 0.0734810009598732
0 0.32583799958229065 0.15268099308013916 0.06258299946784973 0.07560300081968307
0 0.2680540084838867 0.6006479859352112 0.04872199892997742 0.07110200077295303
0 0.7354530096054077 0.3098210096359253 0.04008999839425087 0.05577800050377846
0 0.1605049967765808 0.4760169982910156 0.05423000082373619 0.06810600310564041
0 0.42909398674964905 0.21007700264453888 0.05901399999856949 0.07762999832630157
0 0.5329319834709167 0.4210380017757416 0.050634000450372696 0.07006700336933136
0 0.42988499999046326 0.03404099866747856 0.058775998651981354 0.06759300082921982
0 0.2648870050907135 0.08575300127267838 0.05563199892640114 0.07103300094604492
0 0.08542200177907944 0.19183999300003052 0.043150000274181366 0.06229399889707565
0 0.04292000085115433 0.16346700489521027 0.04502499848604202 0.061705999076366425
0 0.5017120242118835 0.2977460026741028 0.058706000447273254 0.07263600081205368
0 0.33067700266838074 0.20464999973773956 0.06968700140714645 0.07761900126934052
0 0.3745790123939514 0.13742299377918243 0.051635999232530594 0.07670000195503235
0 0.5190349817276001 0.1904750019311905 0.050248999148607254 0.06515099853277206
0 0.9120519757270813 0.2919810116291046 0.04073299840092659 0.06218799948692322
0 0.6822919845581055 0.3446030020713806 0.03761500120162964 0.06097299978137016
0 0.1763249933719635 0.654013991355896 0.05149000138044357 0.06608899682760239
0 0.2789289951324463 0.23151199519634247 0.04358299821615219 0.048002999275922775
0 0.46684399247169495 0.19677400588989258 0.045921001583337784 0.07886599749326706
0 0.29778701066970825 0.1314450055360794 0.04482800140976906 0.06972900032997131
0 0.15715600550174713 0.3288320004940033 0.055445000529289246 0.07489799708127975
0 0.6900339722633362 0.3194369971752167 0.03920000046491623 0.06140400096774101
0 0.023225000128149986 0.5896589756011963 0.046448998153209686 0.06204399839043617
0 0.08550799638032913 0.12129700183868408 0.044929999858140945 0.0552619993686676
0 0.5615500211715698 0.5371829867362976 0.031001999974250793 0.04995400086045265
0 0.3661949932575226 0.2913750112056732 0.05316000059247017 0.07256700098514557
0 0.30768901109695435 0.01261799968779087 0.047449998557567596 0.02523599937558174
0 0.1029909998178482 0.562004029750824 0.041724998503923416 0.050283998250961304
0 0.6274359822273254 0.5708760023117065 0.03621499985456467 0.044477999210357666
0 0.6880829930305481 0.32851099967956543 0.04062899947166443 0.07407599687576294
0 0.42271700501441956 0.016658000648021698 0.06302499771118164 0.03183100000023842
0 0.3185330033302307 0.20730100572109222 0.05017299950122833 0.07198300212621689
0 0.7255470156669617 0.05968699976801872 0.03291400149464607 0.04021500051021576
0 0.743927001953125 0.2048500031232834 0.040463998913764954 0.05464399978518486
