0 0.46860501170158386 0.3140450119972229 0.07394299656152725 0.10470200330018997
2 0.15727299451828003 0.4867030084133148 0.0734810009598732 0.10528100281953812
1 0.41199401021003723 0.37078800797462463 0.06503400206565857 0.08753100037574768
1 0.46768900752067566 0.5545629858970642 0.06736700236797333 0.0873590037226677
1 0.4533790051937103 0.4683699905872345 0.08765300363302231 0.11082100123167038
1 0.35265401005744934 0.12493100017309189 0.06378500163555145 0.07020899653434753
0 0.022738000378012657 0.8786389827728271 0.04276999831199646 0.060474999248981476
1 0.2751230001449585 0.2709819972515106 0.07145199924707413 0.09505400061607361
1 0.26479101181030273 0.6451129913330078 0.09760899841785431 0.12648199498653412
0 0.18215499818325043 0.0701960027217865 0.036625999957323074 0.047192998230457306
0 0.022998999804258347 0.08962800353765488 0.043230000883340836 0.05152500048279762
0 0.18533200025558472 0.2933570146560669 0.06337399780750275 0.09006799757480621
1 0.22095400094985962 0.4400649964809418 0.08179999887943268 0.1009489968419075
0 0.39625000953674316 0.8358060121536255 0.051224999129772186 0.06626299768686295
0 0.021299999207258224 0.9778450131416321 0.04163200035691261 0.04430999979376793
2 0.2657429873943329 0.644370973110199 0.09977199882268906 0.12470000237226486
1 0.7256010174751282 0.6179860234260559 0.042190998792648315 0.06386400014162064
0 0.056279998272657394 0.03854899853467941 0.026796000078320503 0.03593600168824196
1 0.18539400398731232 0.29163500666618347 0.061209000647068024 0.0912259966135025
1 0.39038801193237305 0.19293999671936035 0.05014000087976456 0.07045099884271622
0 0.7463269829750061 0.963949978351593 0.08065500110387802 0.07209999859333038
1 0.7460560202598572 0.9622020125389099 0.07930900156497955 0.07285899668931961
