2 0.8662300109863281 0.5454999804496765 0.0905809998512268 0.1229960024356842
1 0.5229470133781433 0.11299999803304672 0.11095400154590607 0.1603509932756424
1 0.5297750234603882 0.43168899416923523 0.11896800249814987 0.14095300436019897
1 0.7913060188293457 0.39098599553108215 0.08346699923276901 0.10132800042629242
1 0.7343760132789612 0.31166699528694153 0.09471400082111359 0.11376400291919708
2 0.5578489899635315 0.5546140074729919 0.09391000121831894 0.1221809983253479
1 0.4505000114440918 0.2648699879646301 0.11114999651908875 0.13963699340820312
1 0.7284200191497803 0.46619099378585815 0.11748199909925461 0.1270029991865158
1 0.8629649877548218 0.17473000288009644 0.10233400017023087 0.12445700168609619
1 0.586143970489502 0.2370380014181137 0.060541000217199326 0.07383199781179428
1 0.2096019983291626 0.8476079702377319 0.050930000841617584 0.06812600046396255
1 0.4668619930744171 0.7384179830551147 0.09224899858236313 0.11641799658536911
2 0.5380510091781616 0.7964509725570679 0.08495599776506424 0.11564499884843826
1 0.2830980122089386 0.17964400351047516 0.08015500009059906 0.09055200219154358
2 0.2995130121707916 0.8941010236740112 0.05998799949884415 0.07709699869155884
1 0.9446240067481995 0.5550060272216797 0.06203899905085564 0.08320699632167816
1 0.5372610092163086 0.7981889843940735 0.0859140008687973 0.11224500089883804
1 0.8198080062866211 0.13338400423526764 0.08308400213718414 0.12275200337171555
2 0.6438689827919006 0.31154900789260864 0.09885899722576141 0.13298399746418
2 0.4681130051612854 0.7377520203590393 0.09340800344944 0.1188879981637001
1 0.9761719703674316 0.6341999769210815 0.04548199847340584 0.09156499803066254
1 0.7021859884262085 0.12921899557113647 0.09071099758148193 0.09977900236845016
1 0.6431779861450195 0.31450700759887695 0.09775000065565109 0.13712400197982788
1 0.8478050231933594 0.16606800258159637 0.1291539967060089 0.14522899687290192
1 0.23024800419807434 0.9458360075950623 0.05104900151491165 0.06443899869918823
1 0.2993980050086975 0.8953499794006348 0.05703600123524666 0.07511799782514572
2 0.8661500215530396 0.17528200149536133 0.08710700273513794 0.12455599755048752
1 0.7579219937324524 0.47878798842430115 0.07801699638366699 0.12730099260807037
1 0.9039099812507629 0.9310380220413208 0.05152200162410736 0.06682000309228897
