0 0.4743410050868988 0.1371690034866333 0.06710900366306305 0.08874999731779099
0 0.31260401010513306 0.25755399465560913 0.059748001396656036 0.08339600265026093
0 0.9651389718055725 0.15225599706172943 0.06972099840641022 0.10070300102233887
0 0.056306999176740646 0.7964140176773071 0.06236200034618378 0.08633600175380707
0 0.027065999805927277 0.9414190053939819 0.05413199961185455 0.08143900334835052
0 0.852645993232727 0.03574400022625923 0.065591000020504 0.07055199891328812
0 0.7968699932098389 0.6626110076904297 0.06439100205898285 0.08532699942588806
0 0.10223300009965897 0.9722189903259277 0.06486999988555908 0.05556299909949303
0 0.31564000248908997 0.11293900012969971 0.06813199818134308 0.09551099687814713
0 0.4595809876918793 0.20280799269676208 0.06971900165081024 0.07635899633169174
0 0.43931999802589417 0.4162810146808624 0.05969199910759926 0.07881399989128113
0 0.13908599317073822 0.07278499752283096 0.049904998391866684 0.06562600284814835
0 0.9227380156517029 0.028131000697612762 0.09930899739265442 0.05626299977302551
0 0.2724199891090393 0.2936150133609772 0.05285700038075447 0.08325300365686417
0 0.1048550009727478 0.8928070068359375 0.06020500138401985 0.06929600238800049
1 0.2716419994831085 0.292820006608963 0.05316299945116043 0.0807579979300499
0 0.5964589715003967 0.9068139791488647 0.04885299876332283 0.062300000339746475
1 0.9628880023956299 0.25378701090812683 0.0712520033121109 0.10205099731683731
0 0.05112000182271004 0.9829040169715881 0.042931001633405685 0.031915001571178436
0 0.34410199522972107 0.27616700530052185 0.04514700174331665 0.08914099633693695
0 0.9633209705352783 0.2546750009059906 0.07076100260019302 0.10074999928474426
