2 0.6490070223808289 0.8451610207557678 0.09732399880886078 0.12696799635887146
2 0.33754900097846985 0.3630090057849884 0.11471699923276901 0.14602500200271606
2 0.4083620011806488 0.265625 0.09072300046682358 0.12455300241708755
2 0.5550079941749573 0.8253179788589478 0.09455499798059464 0.1198590025305748
2 0.389151006937027 0.0702819973230362 0.11410699784755707 0.1389079988002777
2 0.3098590075969696 0.2268660068511963 0.11179199814796448 0.13528700172901154
2 0.5928879976272583 0.9414259791374207 0.09568300098180771 0.11714799702167511
2 0.2812519967556 0.06704100221395493 0.10183800011873245 0.1250399947166443
2 0.5011000037193298 0.7243989706039429 0.13527800142765045 0.12799200415611267
2 0.5212649703025818 0.6085219979286194 0.08290299773216248 0.0998699963092804
2 0.5216760039329529 0.7150859832763672 0.12125600129365921 0.12876400351524353
2 0.5240190029144287 0.9675809741020203 0.06688500195741653 0.0625699982047081
2 0.4603540003299713 0.4631749987602234 0.0849049985408783 0.11926800012588501
2 0.7045180201530457 0.8919879794120789 0.05571899935603142 0.08341100066900253
2 0.6268280148506165 0.5389450192451477 0.07870800048112869 0.11679200083017349
2 0.43008899688720703 0.603430986404419 0.08340699970722198 0.10591699928045273
1 0.697272002696991 0.2990019917488098 0.12688300013542175 0.14934700727462769
2 0.6248890161514282 0.700344979763031 0.10864300280809402 0.10754399746656418
2 0.7939779758453369 0.18253499269485474 0.07530900090932846 0.11722400039434433
2 0.6635209918022156 0.9669110178947449 0.05262500047683716 0.06617700308561325
2 0.5390610098838806 0.7076190114021301 0.09284400194883347 0.1290159970521927
2 0.48292800784111023 0.7253170013427734 0.09952700138092041 0.11657600104808807
2 0.7404500246047974 0.438944011926651 0.1587660014629364 0.14792500436306
