0 0.2308170050382614 0.0722770020365715 0.054524000734090805 0.07072900235652924
0 0.14329400658607483 0.13040100038051605 0.060488998889923096 0.07366299629211426
0 0.2492000013589859 0.38133901357650757 0.04608500003814697 0.06772899627685547
0 0.5165860056877136 0.8532530069351196 0.14616499841213226 0.17885999381542206
0 0.31116101145744324 0.030059000477194786 0.07239700108766556 0.06011800095438957
0 0.4916900098323822 0.052340999245643616 0.050186000764369965 0.06167199835181236
0 0.2860470116138458 0.09543099999427795 0.05403999984264374 0.0650940015912056
0 0.1419689953327179 0.2690500020980835 0.05372399836778641 0.06374199688434601
0 0.865185022354126 0.19972699880599976 0.04190199822187424 0.060784999281167984
0 0.07607100158929825 0.3696439862251282 0.050526998937129974 0.05275600031018257
0 0.7358099818229675 0.24637199938297272 0.043076999485492706 0.059342000633478165
0 0.18149499595165253 0.37850600481033325 0.045382000505924225 0.05198400095105171
0 0.2644540071487427 0.049341000616550446 0.03785799816250801 0.05365600064396858
0 0.5714769959449768 0.24977299571037292 0.041106998920440674 0.056772999465465546
0 0.5189849734306335 0.2116200029850006 0.038672998547554016 0.06305199861526489
0 0.4098930060863495 0.02727000042796135 0.05496999993920326 0.0545400008559227
0 0.4891839921474457 0.11002200096845627 0.04587699845433235 0.057231999933719635
0 0.6466619968414307 0.24302400648593903 0.03759099915623665 0.05023699998855591
0 0.4450240135192871 0.030729999765753746 0.04548000171780586 0.06145999953150749
0 0.4273749887943268 0.0293550007045269 0.0803849995136261 0.0569939985871315
0 0.6958479881286621 0.21872800588607788 0.03452200070023537 0.04991000145673752
0 0.3465310037136078 0.10811100155115128 0.05527599900960922 0.07021500170230865
0 0.6359580159187317 0.8619790077209473 0.10212700068950653 0.17552100121974945
0 0.37983301281929016 0.9581239819526672 0.13310399651527405 0.08375199884176254
