2 0.3861350119113922 0.8771389722824097 0.07408300042152405 0.10395999997854233
2 0.45882099866867065 0.8969069719314575 0.07559999823570251 0.10657200217247009
2 0.48756200075149536 0.9651520252227783 0.074583999812603 0.06969600170850754
2 0.6223000288009644 0.9543300271034241 0.07512400299310684 0.09133899956941605
2 0.5753740072250366 0.8411809802055359 0.07845599949359894 0.11001399904489517
2 0.3623340129852295 0.7263720035552979 0.06995899975299835 0.10101199895143509
2 0.45413801074028015 0.4746910035610199 0.07781500369310379 0.11444199830293655
2 0.4059920012950897 0.5951489806175232 0.08774600178003311 0.09477400034666061
2 0.4071730077266693 0.0733020007610321 0.061629001051187515 0.0672990009188652
2 0.37288698554039 0.9620029926300049 0.08096899837255478 0.07599399983882904
2 0.8639910221099854 0.09368100017309189 0.05249200016260147 0.07952199876308441
2 0.6725299954414368 0.17736299335956573 0.06195399910211563 0.08772499859333038
2 0.40063899755477905 0.6650689840316772 0.08702799677848816 0.10154599696397781
2 0.9601389765739441 0.0913970023393631 0.05986399948596954 0.08393099904060364
2 0.17485199868679047 0.017162999138236046 0.06841900199651718 0.03399299830198288
1 0.1682939976453781 0.5634769797325134 0.08099900186061859 0.1055769994854927
2 0.28085699677467346 0.020205000415444374 0.0691239982843399 0.04040899872779846
2 0.1702290028333664 0.562004029750824 0.08243999630212784 0.1054219976067543
1 0.40101298689842224 0.6662920117378235 0.08642800152301788 0.10051599889993668
2 0.4415470063686371 0.03861499950289726 0.061496999114751816 0.07097499817609787
2 0.6387779712677002 0.018993999809026718 0.07254400104284286 0.036920998245477676
2 0.013136000372469425 0.4528709948062897 0.02554900012910366 0.07609599828720093
1 0.6402999758720398 0.01840599998831749 0.07886900007724762 0.03652999922633171
0 0.9849960207939148 0.15066799521446228 0.030007999390363693 0.08854199945926666
