1 0.26808100938796997 0.38585299253463745 0.2467460036277771 0.30232399702072144
1 0.6398450136184692 0.12522000074386597 0.1938289999961853 0.25044000148773193
1 0.5964980125427246 0.8956949710845947 0.17917700111865997 0.20860999822616577
1 0.9315509796142578 0.9310050010681152 0.1354919970035553 0.13798899948596954
1 0.8246369957923889 0.2583859860897064 0.23364999890327454 0.30089500546455383
1 0.8207880258560181 0.728430986404419 0.17248600721359253 0.2152319997549057
1 0.4573279917240143 0.5991399884223938 0.24590599536895752 0.292154997587204
1 0.7984229922294617 0.928741991519928 0.1341869980096817 0.1367350071668625
1 0.9530450105667114 0.8251360058784485 0.09249600023031235 0.1083730012178421
1 0.5690799951553345 0.13656200468540192 0.2421330064535141 0.27312400937080383
1 0.21849499642848969 0.6875290274620056 0.17251400649547577 0.26094499230384827
1 0.3369620144367218 0.09826699644327164 0.17641499638557434 0.19653399288654327
1 0.6547189950942993 0.484842985868454 0.21747100353240967 0.2819660007953644
1 0.6482040286064148 0.45219799876213074 0.2567700147628784 0.3132539987564087
1 0.29600000381469727 0.37652701139450073 0.15603700280189514 0.2429250031709671
1 0.022537000477313995 0.3001970052719116 0.045072998851537704 0.1856430023908615
1 0.9399070143699646 0.512319028377533 0.12018699944019318 0.18734799325466156
1 0.18618899583816528 0.6766279935836792 0.2541530132293701 0.30182600021362305
1 0.5400509834289551 0.8937349915504456 0.2105879932641983 0.2125290036201477
1 0.19489499926567078 0.7646160125732422 0.21877099573612213 0.2869729995727539
1 0.35559898614883423 0.08890099823474884 0.12866400182247162 0.17780199646949768
0 0.9385499954223633 0.5133079886436462 0.12289900332689285 0.183788001537323
1 0.036191001534461975 0.61844402551651 0.0706930011510849 0.19242499768733978
1 0.5946170091629028 0.1316079944372177 0.17207899689674377 0.2596369981765747
1 0.8238649964332581 0.2975040078163147 0.1894029974937439 0.2474460005760193
1 0.2509630024433136 0.9549919962882996 0.15806899964809418 0.0900150015950203
1 0.24050800502300262 0.3687550127506256 0.22465500235557556 0.2630409896373749
1 0.43751901388168335 0.6703019738197327 0.23101699352264404 0.28692999482154846
1 0.6259989738464355 0.8952590227127075 0.12491299957036972 0.20948199927806854
