0 0.7227810025215149 0.520645022392273 0.09956499934196472 0.12049999833106995
1 0.4435420036315918 0.7775319814682007 0.07482399791479111 0.09144800156354904
1 0.5398499965667725 0.5537629723548889 0.09451799839735031 0.12104000151157379
1 0.25881901383399963 0.7179319858551025 0.0943249985575676 0.11707600206136703
0 0.9810439944267273 0.5718479752540588 0.03693599998950958 0.08984699845314026
0 0.3038789927959442 0.5935590267181396 0.09191799908876419 0.1123809963464737
0 0.8709570169448853 0.3091369867324829 0.06545600295066833 0.07267899811267853
0 0.4294390082359314 0.9852200150489807 0.07137899845838547 0.02862199954688549
0 0.21384799480438232 0.9671130180358887 0.06164800003170967 0.06577400118112564
1 0.9829850196838379 0.48954200744628906 0.03376999869942665 0.12171699851751328
0 0.9175199866294861 0.15476299822330475 0.05583399906754494 0.05924199894070625
1 0.30514299869537354 0.5939720273017883 0.08989399671554565 0.11155200004577637
