2 0.29196399450302124 0.6547060012817383 0.07946699857711792 0.10418099910020828
0 0.6285269856452942 0.5634160041809082 0.06008300185203552 0.07098700106143951
2 0.04589100182056427 0.5163030028343201 0.08852600306272507 0.11282700300216675
0 0.9365389943122864 0.20793700218200684 0.03734700009226799 0.04609899967908859
2 0.06129999831318855 0.7089300155639648 0.08033200353384018 0.09647300094366074
0 0.8941450119018555 0.23930899798870087 0.04025899991393089 0.05206499993801117
1 0.2242880016565323 0.31471899151802063 0.07474999874830246 0.10016199946403503
1 0.06227999925613403 0.9143549799919128 0.07423900067806244 0.09753300249576569
1 0.203793004155159 0.4558910131454468 0.058549001812934875 0.08437000215053558
1 0.10081999748945236 0.6305570006370544 0.08961399644613266 0.10276500135660172
0 0.7501850128173828 0.01547900028526783 0.04259299859404564 0.030546000227332115
0 0.6147210001945496 0.5031390190124512 0.0589740015566349 0.06043900176882744
1 0.16007600724697113 0.31790000200271606 0.06592799723148346 0.07784800231456757
0 0.6676599979400635 0.6264700293540955 0.0606830008327961 0.07285399734973907
1 0.3664250075817108 0.2657720148563385 0.05625800043344498 0.06556499749422073
2 0.15042400360107422 0.48956701159477234 0.08152399957180023 0.10257799923419952
1 0.2928810119628906 0.33685800433158875 0.07523299753665924 0.10433200001716614
2 0.23137499392032623 0.6055070161819458 0.07417699694633484 0.0940990000963211
0 0.8728899955749512 0.9113590121269226 0.04019299894571304 0.05165800079703331
1 0.23195600509643555 0.6075969934463501 0.07527399808168411 0.09580100327730179
1 0.4476749897003174 0.10338100045919418 0.060743000358343124 0.07519099861383438
2 0.2665660083293915 0.5202929973602295 0.07745400071144104 0.09655900299549103
1 0.26517000794410706 0.519025981426239 0.07701600342988968 0.09318900108337402
1 0.02660899981856346 0.8731930255889893 0.05321900174021721 0.09816399961709976
1 0.8130180239677429 0.8712270259857178 0.05517100170254707 0.06151299923658371
1 0.14995700120925903 0.48826199769973755 0.07707899808883667 0.10285799950361252
0 0.8416659832000732 0.9554550051689148 0.039267998188734055 0.05675100162625313
2 0.20151999592781067 0.9544289708137512 0.05266699939966202 0.06695400178432465
2 0.8321830034255981 0.4410569965839386 0.045855000615119934 0.064751997590065
0 0.9273399710655212 0.010080000385642052 0.05180099979043007 0.01980699971318245
0 0.797527015209198 0.7878829836845398 0.048367999494075775 0.058844998478889465
1 0.0205329991877079 0.8778460025787354 0.04106700047850609 0.09290499985218048
0 0.741346001625061 0.4045119881629944 0.04095200076699257 0.053644001483917236
0 0.845071017742157 0.20601199567317963 0.029519999399781227 0.04022499918937683
1 0.13505800068378448 0.9252529740333557 0.04883300140500069 0.06719999760389328
1 0.26336100697517395 0.21557100117206573 0.06376200169324875 0.062359001487493515
1 0.3357290029525757 0.02089500054717064 0.055601999163627625 0.039760999381542206
0 0.22172799706459045 0.011433999985456467 0.05773499980568886 0.02034199982881546
0 0.22741399705410004 0.01155799999833107 0.07919000089168549 0.022274000570178032
1 0.2011300027370453 0.9541950225830078 0.05142800137400627 0.06710900366306305
