1 0.5052549839019775 0.5546500086784363 0.06431300193071365 0.08588100224733353
1 0.0888419970870018 0.5760930180549622 0.08405700325965881 0.10275600105524063
1 0.4834260046482086 0.6535890102386475 0.06237199902534485 0.08412499725818634
1 0.575078010559082 0.4883880019187927 0.07075099647045135 0.0878399983048439
1 0.3319369852542877 0.11245899647474289 0.08646199852228165 0.10733100026845932
1 0.40834200382232666 0.4040449857711792 0.07444000244140625 0.10059099644422531
1 0.5713210105895996 0.5769280195236206 0.06996499747037888 0.08367200195789337
1 0.06593199819326401 0.7388319969177246 0.08248099684715271 0.10334599763154984
1 0.38295501470565796 0.6045799851417542 0.06979399919509888 0.09356699883937836
1 0.16950200498104095 0.5708490014076233 0.07043000310659409 0.09281499683856964
1 0.3114840090274811 0.594963014125824 0.06130500137805939 0.07749699801206589
1 0.8254489898681641 0.8696770071983337 0.076323002576828 0.09213399887084961
1 0.4349290132522583 0.6946420073509216 0.06141899898648262 0.062143001705408096
1 0.12055499851703644 0.4587650001049042 0.05379699915647507 0.0715700015425682
1 0.42013099789619446 0.8493899703025818 0.051114000380039215 0.07348699867725372
1 0.36858999729156494 0.8694940209388733 0.06906399875879288 0.09053400158882141
1 0.26447299122810364 0.6633269786834717 0.07476300001144409 0.09742099791765213
1 0.41242700815200806 0.7562280297279358 0.07210499793291092 0.09486400336027145
1 0.7143620252609253 0.18452100455760956 0.0712369978427887 0.0937189981341362
1 0.8387380242347717 0.764398992061615 0.07953900098800659 0.10060399770736694
1 0.4918519854545593 0.4758169949054718 0.0360650010406971 0.0701650008559227
1 0.23665699362754822 0.8034319877624512 0.06997399777173996 0.09382899850606918
1 0.37378498911857605 0.784400999546051 0.04361699894070625 0.06836599856615067
1 0.2776539921760559 0.7989810109138489 0.050783999264240265 0.09590499848127365
1 0.28297001123428345 0.7863360047340393 0.04393000155687332 0.12008599936962128
2 0.8387619853019714 0.7653759717941284 0.08043800294399261 0.10361400246620178
1 0.2841689884662628 0.7689070105552673 0.04339199885725975 0.09225499629974365
0 0.26482099294662476 0.6624259948730469 0.07668399810791016 0.0999779999256134
