0 0.280718 0.712090 0.083513 0.116178
0 0.426760 0.798215 0.097747 0.121687
0 0.369179 0.656221 0.075643 0.110208
0 0.099502 0.223552 0.070196 0.093733
0 0.205396 0.645030 0.091775 0.113427
0 0.141412 0.680387 0.058104 0.094265
0 0.142803 0.280738 0.055697 0.084209
0 0.151344 0.125329 0.057126 0.094656
0 0.285128 0.628975 0.067244 0.066069
0 0.182557 0.744954 0.052487 0.079017
0 0.370616 0.493298 0.104137 0.134481
0 0.157675 0.024733 0.072660 0.049466
1 0.898689 0.743830 0.059941 0.077540
0 0.381075 0.401250 0.072291 0.069864
0 0.939792 0.022147 0.098573 0.043216
0 0.386262 0.487883 0.071657 0.125175