1 0.714240 0.061328 0.072585 0.089794
1 0.937633 0.687042 0.064316 0.080804
1 0.615343 0.166462 0.065034 0.085239
1 0.903240 0.497712 0.062717 0.085549
0 0.070227 0.339716 0.048863 0.066348
1 0.603843 0.535330 0.056093 0.074490
1 0.729446 0.158434 0.064404 0.091148
1 0.960678 0.610011 0.067105 0.089563
1 0.566245 0.110912 0.061357 0.080586
1 0.664590 0.118567 0.063263 0.082720
1 0.647353 0.634493 0.057855 0.078524
1 0.962486 0.500360 0.061501 0.088236
1 0.554735 0.206384 0.065067 0.091684
1 0.713193 0.627135 0.057466 0.078878
1 0.435247 0.152612 0.072585 0.092306
1 0.818270 0.125898 0.064291 0.093694
1 0.491992 0.200422 0.064063 0.088189
1 0.646990 0.249589 0.069931 0.089876
1 0.807447 0.031780 0.104443 0.060330
1 0.127184 0.535533 0.064210 0.073299
1 0.496323 0.618559 0.050586 0.058965
1 0.800268 0.655305 0.058050 0.072040
1 0.777040 0.185635 0.055157 0.094924
1 0.534429 0.702019 0.052652 0.069864
1 0.670607 0.521058 0.042305 0.074385
1 0.650495 0.030146 0.060181 0.058250
1 0.198267 0.596869 0.061323 0.072963
1 0.387788 0.190061 0.050040 0.075751
1 0.888844 0.034511 0.061252 0.068850
1 0.580340 0.297019 0.069513 0.085539
1 0.637983 0.028205 0.066887 0.056100
1 0.978405 0.732209 0.040781 0.101631
1 0.180284 0.520014 0.055783 0.071408
0 0.128080 0.534684 0.064537 0.073649
0 0.197492 0.597896 0.061115 0.073298
1 0.794786 0.027886 0.090454 0.055771
1 0.607077 0.668917 0.040089 0.064566
2 0.647084 0.248949 0.070494 0.089796
2 0.411998 0.071277 0.061347 0.078338