0 0.787109 0.443248 0.063913 0.080757
0 0.846219 0.769599 0.058760 0.069140
0 0.825481 0.846447 0.059707 0.078592
0 0.209475 0.046518 0.046282 0.057262
0 0.920927 0.684201 0.055611 0.069936
0 0.768220 0.058021 0.051917 0.064466
0 0.976441 0.552552 0.044700 0.074849
0 0.953581 0.100145 0.057635 0.071461
0 0.874372 0.052968 0.042257 0.059308
0 0.914948 0.081878 0.048281 0.068671
0 0.911070 0.017225 0.076944 0.033428
0 0.913410 0.021614 0.081203 0.043227
0 0.351657 0.299102 0.043960 0.052484
0 0.917062 0.028139 0.074426 0.056278
0 0.886937 0.107589 0.049965 0.067640
0 0.901678 0.015181 0.052509 0.028976