1 0.449539 0.650231 0.075262 0.100024
1 0.307908 0.434875 0.068681 0.095881
1 0.239668 0.335065 0.071302 0.105729
1 0.565853 0.616793 0.066016 0.094926
2 0.633666 0.470226 0.064811 0.085423
1 0.519990 0.672229 0.071756 0.094481
1 0.224384 0.464278 0.078327 0.100958
1 0.417600 0.749063 0.076544 0.095430
1 0.160207 0.411641 0.071146 0.087661
2 0.480485 0.784990 0.052646 0.076266
1 0.348483 0.563760 0.066990 0.084700
2 0.368600 0.470025 0.071031 0.087437
1 0.352530 0.666692 0.076401 0.109975
1 0.367693 0.468086 0.071487 0.089298
2 0.210344 0.590586 0.078466 0.093334
1 0.209565 0.589280 0.076866 0.090359
1 0.516751 0.591372 0.052750 0.067007
1 0.479641 0.579564 0.052847 0.070312
2 0.274518 0.581369 0.057005 0.094257