0 0.127024 0.166202 0.093338 0.128294
0 0.139418 0.890090 0.072819 0.091725
0 0.056660 0.204037 0.101584 0.122288
0 0.377884 0.577553 0.102507 0.131978
0 0.057028 0.692689 0.100023 0.115928
0 0.042215 0.037440 0.084430 0.071744
0 0.169009 0.536045 0.085592 0.112594
0 0.582127 0.115841 0.072633 0.112625
0 0.022013 0.259323 0.044026 0.131712
0 0.362506 0.847068 0.047661 0.084252
0 0.016697 0.587886 0.033394 0.100545
0 0.056262 0.545434 0.071729 0.083136
0 0.072131 0.632435 0.077380 0.081626
0 0.022948 0.237690 0.045652 0.186161
0 0.774151 0.318986 0.050283 0.066720
0 0.012832 0.697001 0.025416 0.116946
0 0.009980 0.705706 0.019225 0.113672