0 0.843813 0.268555 0.069175 0.083935
0 0.791013 0.229529 0.059855 0.082635
0 0.544174 0.237080 0.062726 0.079751
0 0.909369 0.591407 0.078756 0.101528
0 0.943050 0.706546 0.070948 0.089081
1 0.025680 0.633327 0.050578 0.108986
1 0.055343 0.462950 0.094237 0.122012
1 0.101505 0.619134 0.100397 0.123677
0 0.366980 0.643306 0.079224 0.107541
1 0.131934 0.415752 0.088173 0.113225
0 0.291864 0.629702 0.065741 0.082856
1 0.366406 0.643961 0.079264 0.109055
0 0.409122 0.902942 0.049878 0.070024
0 0.456087 0.888130 0.065169 0.074833