0 0.071670 0.174639 0.105260 0.146687
0 0.182605 0.135102 0.079840 0.114528
0 0.901708 0.247846 0.038323 0.046424
0 0.881537 0.362363 0.033138 0.052675
0 0.426988 0.102680 0.109277 0.122141
0 0.931944 0.330854 0.037721 0.055356
0 0.385997 0.217812 0.094314 0.114618
0 0.662990 0.202441 0.063877 0.088360
0 0.935396 0.270460 0.034996 0.043794
0 0.773759 0.463986 0.036135 0.050741
0 0.838885 0.340360 0.044198 0.057588
0 0.481659 0.419558 0.098007 0.160118
0 0.917924 0.411195 0.030398 0.042948
0 0.921960 0.042377 0.042741 0.054695
0 0.491294 0.437452 0.099764 0.136211
0 0.698311 0.345846 0.054617 0.068129
0 0.216557 0.200097 0.072746 0.104839
0 0.946767 0.408234 0.030499 0.042272
0 0.640378 0.315704 0.053649 0.079899
0 0.784718 0.712980 0.047355 0.059206
0 0.815674 0.019322 0.055115 0.038644
0 0.833565 0.489584 0.033048 0.056948
0 0.814583 0.462145 0.031095 0.043172
0 0.752956 0.433600 0.027881 0.040241
0 0.758656 0.509904 0.036555 0.044619
0 0.860525 0.519920 0.033362 0.052231
0 0.911750 0.457220 0.028255 0.039768
0 0.783135 0.365558 0.031468 0.048103
0 0.890120 0.513643 0.029922 0.043573
0 0.829258 0.493807 0.040026 0.058066
0 0.762387 0.505901 0.037168 0.044365