0 0.612002 0.160930 0.078298 0.105306
0 0.661498 0.057690 0.084141 0.103613
0 0.034722 0.260522 0.069445 0.089179
0 0.175346 0.807638 0.075529 0.094382
0 0.224494 0.870182 0.072661 0.084217
0 0.714149 0.728100 0.079002 0.100348
0 0.515210 0.859726 0.060711 0.076492
0 0.134457 0.889320 0.078953 0.100080
0 0.659607 0.715181 0.053391 0.078433
0 0.035672 0.344647 0.070463 0.117738
0 0.015596 0.637185 0.031192 0.099148
0 0.716054 0.075020 0.053910 0.107476
0 0.633949 0.812041 0.055828 0.073512
0 0.021918 0.762684 0.043836 0.081105
0 0.777969 0.511137 0.074970 0.075678
0 0.094304 0.338559 0.065417 0.102284
0 0.218430 0.745447 0.051693 0.087052
1 0.575170 0.580664 0.077970 0.101143
0 0.100697 0.858755 0.043085 0.067925
1 0.497509 0.286627 0.072033 0.093248
0 0.090712 0.949931 0.052303 0.064455
2 0.574773 0.582971 0.076105 0.098814
2 0.496874 0.285298 0.072154 0.093836