2 0.239349 0.578814 0.080801 0.093874
2 0.193889 0.414302 0.100941 0.129459
1 0.349622 0.302715 0.090215 0.120885
1 0.123441 0.057728 0.106368 0.107579
1 0.348710 0.066635 0.081549 0.116234
0 0.971842 0.132359 0.049198 0.068589
1 0.311150 0.445179 0.080999 0.110656
1 0.268664 0.186170 0.056688 0.074902
2 0.311228 0.446667 0.080427 0.112168
0 0.932459 0.232212 0.069489 0.083399
1 0.256511 0.043218 0.066514 0.082823
1 0.226218 0.260139 0.099245 0.133182
1 0.221097 0.140304 0.067219 0.089445
1 0.139105 0.204652 0.103466 0.149536
1 0.281440 0.263192 0.059932 0.114675