2 0.291964 0.654706 0.079467 0.104181
0 0.628527 0.563416 0.060083 0.070987
2 0.045891 0.516303 0.088526 0.112827
0 0.936539 0.207937 0.037347 0.046099
2 0.061300 0.708930 0.080332 0.096473
0 0.894145 0.239309 0.040259 0.052065
1 0.224288 0.314719 0.074750 0.100162
1 0.062280 0.914355 0.074239 0.097533
1 0.203793 0.455891 0.058549 0.084370
1 0.100820 0.630557 0.089614 0.102765
0 0.750185 0.015479 0.042593 0.030546
0 0.614721 0.503139 0.058974 0.060439
1 0.160076 0.317900 0.065928 0.077848
0 0.667660 0.626470 0.060683 0.072854
1 0.366425 0.265772 0.056258 0.065565
2 0.150424 0.489567 0.081524 0.102578
1 0.292881 0.336858 0.075233 0.104332
2 0.231375 0.605507 0.074177 0.094099
0 0.872890 0.911359 0.040193 0.051658
1 0.231956 0.607597 0.075274 0.095801
1 0.447675 0.103381 0.060743 0.075191
2 0.266566 0.520293 0.077454 0.096559
1 0.265170 0.519026 0.077016 0.093189
1 0.026609 0.873193 0.053219 0.098164
1 0.813018 0.871227 0.055171 0.061513
1 0.149957 0.488262 0.077079 0.102858
0 0.841666 0.955455 0.039268 0.056751
2 0.201520 0.954429 0.052667 0.066954
2 0.832183 0.441057 0.045855 0.064752
0 0.927340 0.010080 0.051801 0.019807
0 0.797527 0.787883 0.048368 0.058845
1 0.020533 0.877846 0.041067 0.092905
0 0.741346 0.404512 0.040952 0.053644
0 0.845071 0.206012 0.029520 0.040225
1 0.135058 0.925253 0.048833 0.067200
1 0.263361 0.215571 0.063762 0.062359
1 0.335729 0.020895 0.055602 0.039761
0 0.221728 0.011434 0.057735 0.020342
0 0.227414 0.011558 0.079190 0.022274
1 0.201130 0.954195 0.051428 0.067109