0 0.666864 0.855912 0.102632 0.133237
0 0.432985 0.703951 0.091071 0.118841
0 0.511056 0.768515 0.090310 0.111577
0 0.590433 0.706042 0.075697 0.101411
0 0.312991 0.284089 0.065028 0.087189
0 0.363998 0.743714 0.056203 0.084488
0 0.365181 0.189298 0.060572 0.100651
0 0.366836 0.062592 0.074405 0.100321
0 0.357723 0.341318 0.053022 0.082086
0 0.400199 0.800138 0.056021 0.079487
0 0.613683 0.545446 0.083706 0.134151
0 0.504349 0.679483 0.066690 0.073787
0 0.437145 0.011450 0.066367 0.021898
0 0.435667 0.012645 0.050856 0.024997
0 0.444317 0.010079 0.071773 0.018349
0 0.599242 0.550170 0.121481 0.127478
0 0.617192 0.966806 0.063121 0.066388