0 0.238374 0.052027 0.061475 0.073409
0 0.069904 0.609592 0.057769 0.072003
0 0.783391 0.183005 0.067072 0.085814
0 0.925692 0.724524 0.057829 0.072727
0 0.050640 0.673136 0.055735 0.064437
0 0.976330 0.749709 0.047340 0.072415
0 0.487146 0.257202 0.054746 0.073248
0 0.294071 0.408687 0.052567 0.073608
0 0.834622 0.917528 0.054479 0.071600
0 0.025481 0.758413 0.049819 0.063769
0 0.308571 0.338042 0.053096 0.065573
0 0.567136 0.030845 0.042670 0.053764
0 0.985136 0.649351 0.029729 0.085587
0 0.955542 0.553703 0.047729 0.064085
0 0.391960 0.793051 0.048707 0.065242
0 0.986199 0.274960 0.027602 0.088936
0 0.986637 0.461805 0.026725 0.092383
0 0.034707 0.806827 0.050352 0.053574
0 0.981041 0.593797 0.037918 0.058926
0 0.065404 0.896453 0.054189 0.068253
0 0.610455 0.027794 0.052723 0.055588
0 0.468782 0.167475 0.047615 0.058783
0 0.379133 0.252415 0.050238 0.056976
0 0.775355 0.956128 0.045926 0.059804
0 0.432482 0.139743 0.042998 0.065979
0 0.844353 0.759424 0.051559 0.059065
0 0.965593 0.680554 0.046892 0.055258
0 0.932210 0.370984 0.040858 0.042772
0 0.983612 0.631478 0.032776 0.106909
0 0.039874 0.801114 0.051109 0.059024
0 0.375666 0.259416 0.044863 0.061911
0 0.692547 0.603053 0.046289 0.061734
0 0.839141 0.762086 0.050240 0.070963
0 0.521466 0.125560 0.042062 0.042533
0 0.771262 0.650709 0.034559 0.039624
0 0.683709 0.609653 0.048427 0.062903
0 0.973724 0.677736 0.046323 0.060796