0 0.468605 0.314045 0.073943 0.104702
2 0.157273 0.486703 0.073481 0.105281
1 0.411994 0.370788 0.065034 0.087531
1 0.467689 0.554563 0.067367 0.087359
1 0.453379 0.468370 0.087653 0.110821
1 0.352654 0.124931 0.063785 0.070209
0 0.022738 0.878639 0.042770 0.060475
1 0.275123 0.270982 0.071452 0.095054
1 0.264791 0.645113 0.097609 0.126482
0 0.182155 0.070196 0.036626 0.047193
0 0.022999 0.089628 0.043230 0.051525
0 0.185332 0.293357 0.063374 0.090068
1 0.220954 0.440065 0.081800 0.100949
0 0.396250 0.835806 0.051225 0.066263
0 0.021300 0.977845 0.041632 0.044310
2 0.265743 0.644371 0.099772 0.124700
1 0.725601 0.617986 0.042191 0.063864
0 0.056280 0.038549 0.026796 0.035936
1 0.185394 0.291635 0.061209 0.091226
1 0.390388 0.192940 0.050140 0.070451
0 0.746327 0.963950 0.080655 0.072100
1 0.746056 0.962202 0.079309 0.072859