1 0.290458 0.307383 0.075296 0.103047
1 0.305728 0.212427 0.067265 0.084261
1 0.390234 0.058344 0.085686 0.100778
1 0.761623 0.441034 0.083980 0.116464
1 0.554030 0.401284 0.099960 0.130417
1 0.357194 0.273150 0.066525 0.103384
1 0.675131 0.367810 0.089202 0.113599
1 0.846856 0.305976 0.086295 0.101976
1 0.613031 0.486587 0.076127 0.113795
1 0.218938 0.342122 0.072656 0.106268
1 0.413241 0.195290 0.076418 0.100186
0 0.165641 0.408474 0.084346 0.105360
1 0.816852 0.377540 0.067903 0.108068
1 0.685728 0.492915 0.080503 0.123082
1 0.956206 0.391071 0.075281 0.112305
1 0.144252 0.307166 0.067824 0.091151
1 0.220659 0.235487 0.074845 0.096240
1 0.591706 0.619627 0.082106 0.112099
1 0.686096 0.621620 0.097702 0.114633
1 0.856958 0.232598 0.084289 0.076450
1 0.881696 0.445470 0.074970 0.124543
1 0.798907 0.549609 0.084907 0.116072
1 0.434275 0.323541 0.078916 0.106522
1 0.466738 0.458906 0.102435 0.150003
1 0.732112 0.250890 0.072353 0.102029
1 0.967583 0.280234 0.062661 0.109542
1 0.719986 0.967701 0.081596 0.064184
1 0.478353 0.470045 0.082265 0.149575
1 0.518866 0.177506 0.079082 0.112733
1 0.619806 0.205508 0.076798 0.107699
1 0.464185 0.605106 0.116988 0.131574
1 0.483391 0.586447 0.099889 0.101623
1 0.453284 0.613749 0.091454 0.116039
1 0.446436 0.436258 0.083341 0.108034
2 0.799462 0.549294 0.081903 0.115419
1 0.165787 0.410942 0.086891 0.111874
1 0.434270 0.434751 0.056823 0.103416
1 0.562857 0.981283 0.093044 0.037435