2 0.898127 0.541883 0.087730 0.118658
2 0.407271 0.924849 0.085451 0.128990
2 0.965731 0.800949 0.068077 0.099253
2 0.192826 0.903142 0.077083 0.104942
2 0.833792 0.347710 0.096380 0.127963
2 0.946528 0.393996 0.093525 0.128316
2 0.751860 0.795225 0.073535 0.098613
2 0.839012 0.516719 0.058845 0.088098
2 0.754536 0.344464 0.090990 0.121075
2 0.044637 0.700467 0.088005 0.115402
1 0.045372 0.699374 0.084467 0.109368
1 0.748144 0.220416 0.090658 0.121724
2 0.748126 0.219577 0.090515 0.117128
1 0.751563 0.795951 0.072853 0.096547
1 0.039687 0.606851 0.079374 0.087971
1 0.742320 0.962077 0.051271 0.067998
2 0.041563 0.605713 0.079432 0.088246
2 0.096860 0.950429 0.041706 0.087057
1 0.701937 0.985732 0.069609 0.025494