2 0.575277 0.494176 0.088104 0.123914
2 0.501015 0.591500 0.118297 0.148050
2 0.413037 0.127874 0.089549 0.139855
2 0.671165 0.845434 0.096390 0.101103
2 0.477727 0.451478 0.116011 0.143302
2 0.487023 0.183214 0.111739 0.141801
2 0.567815 0.291782 0.114223 0.155915
2 0.451760 0.280378 0.090713 0.133399
2 0.578023 0.892344 0.066334 0.092351
2 0.610117 0.951476 0.073850 0.097048
2 0.595422 0.155167 0.106602 0.130706
2 0.682206 0.943080 0.104697 0.113841
2 0.563770 0.820308 0.091319 0.106398
2 0.628326 0.952126 0.114212 0.094539
0 0.025586 0.542873 0.051173 0.069797
2 0.946170 0.416084 0.077910 0.114456
1 0.846155 0.526432 0.135227 0.143541
2 0.588281 0.674433 0.071913 0.110217
2 0.774639 0.942370 0.104933 0.115134
1 0.944132 0.414766 0.079935 0.114704
2 0.586739 0.886544 0.072269 0.088020