0 0.458283 0.798037 0.092901 0.112969
0 0.256796 0.287585 0.070337 0.093836
0 0.609403 0.894748 0.099253 0.125673
0 0.310682 0.191037 0.058460 0.098423
0 0.316607 0.063017 0.078936 0.104680
0 0.377335 0.733372 0.092498 0.119280
0 0.529916 0.729976 0.075560 0.097270
0 0.302188 0.345586 0.057620 0.086450
0 0.295863 0.741450 0.060059 0.098560
0 0.570903 0.580742 0.069067 0.130392
0 0.332569 0.808791 0.049005 0.070498
0 0.636427 0.783376 0.082688 0.100567
0 0.443827 0.706154 0.068139 0.075605
0 0.390804 0.013425 0.072029 0.025617