0 0.681180 0.335296 0.065891 0.075469
0 0.929955 0.573543 0.066165 0.082546
0 0.721521 0.241229 0.065358 0.077056
0 0.676492 0.402339 0.059535 0.072013
0 0.777214 0.328819 0.062191 0.076838
0 0.097228 0.432647 0.048657 0.058998
0 0.733390 0.362347 0.064767 0.096135
0 0.817414 0.776405 0.048631 0.060662
0 0.744768 0.636248 0.055565 0.070841
0 0.961671 0.757732 0.036390 0.058778
0 0.725519 0.203786 0.061107 0.058090
0 0.706855 0.577353 0.052268 0.062089
0 0.666485 0.547822 0.047365 0.070848
0 0.093789 0.596395 0.055242 0.083255
0 0.704564 0.638636 0.052915 0.072048
0 0.523748 0.014768 0.070826 0.027767
0 0.814124 0.546130 0.049041 0.067653
0 0.529910 0.011773 0.074300 0.022031
0 0.654128 0.357486 0.030843 0.057275
0 0.544469 0.009290 0.046414 0.016541