2 0.843698 0.190340 0.069570 0.106498
2 0.919373 0.190894 0.070294 0.107975
2 0.922528 0.892911 0.079152 0.104748
2 0.696763 0.534462 0.071253 0.097774
2 0.892262 0.067493 0.072451 0.103303
2 0.894268 0.972022 0.073307 0.055956
2 0.728184 0.204580 0.082037 0.106505
2 0.820835 0.879945 0.080987 0.110667
2 0.798784 0.124907 0.068290 0.106713
2 0.722361 0.429447 0.075937 0.101524
2 0.740874 0.105559 0.070387 0.101183
2 0.752286 0.872311 0.067848 0.095989
2 0.642972 0.265577 0.057272 0.081951
2 0.738062 0.781105 0.079951 0.100929
2 0.982236 0.765533 0.035528 0.101196
2 0.848385 0.937753 0.049942 0.057331
2 0.098391 0.044966 0.058529 0.064428
2 0.991554 0.667025 0.016891 0.107394