0 0.957977 0.034943 0.084047 0.064857
0 0.275514 0.303809 0.089255 0.115988
0 0.861497 0.766389 0.066366 0.084068
0 0.753205 0.779951 0.065808 0.083739
0 0.959747 0.861758 0.065637 0.083019
0 0.024264 0.415687 0.048529 0.105446
0 0.772117 0.894813 0.066207 0.082544
0 0.138810 0.601144 0.066940 0.087807
0 0.854582 0.697469 0.074436 0.072769
0 0.470699 0.953221 0.062339 0.080564
0 0.331106 0.560050 0.047300 0.077916
0 0.108041 0.273678 0.071356 0.093025
0 0.035006 0.372919 0.068128 0.078244
0 0.693336 0.795568 0.051414 0.087073
0 0.030783 0.364391 0.061567 0.066549
0 0.742389 0.094566 0.036181 0.048118
0 0.768742 0.052704 0.039601 0.048939
0 0.043186 0.374877 0.056346 0.087943
0 0.929792 0.741541 0.035277 0.086849