2 0.573099 0.724252 0.123673 0.154968
2 0.693486 0.871368 0.125240 0.164694
2 0.428341 0.273979 0.158057 0.188430
2 0.567186 0.848982 0.120609 0.131145
2 0.539435 0.571875 0.122279 0.135864
2 0.475118 0.717602 0.117228 0.158068
2 0.395503 0.627162 0.111430 0.149093
2 0.740846 0.333617 0.115154 0.143765
2 0.425926 0.092291 0.166751 0.184582
2 0.626601 0.958803 0.122984 0.082395
2 0.341858 0.524134 0.123355 0.151371
2 0.535284 0.136999 0.104135 0.169450
2 0.718529 0.160915 0.130244 0.166729
2 0.802521 0.053015 0.104484 0.101273
2 0.636844 0.666212 0.077316 0.130468
2 0.521335 0.985482 0.110979 0.029036