2 0.970918 0.403872 0.056265 0.089468
2 0.685333 0.748004 0.063434 0.091696
2 0.524185 0.870783 0.062762 0.086799
2 0.162378 0.614373 0.062815 0.087007
2 0.861597 0.286713 0.063431 0.086501
2 0.878738 0.615988 0.057510 0.072840
2 0.050656 0.533038 0.060230 0.083392
2 0.192685 0.246055 0.055551 0.079047
2 0.922832 0.279942 0.068999 0.090727
2 0.467846 0.915322 0.066071 0.089764
2 0.248538 0.820983 0.060531 0.080250
2 0.217969 0.582766 0.055248 0.076238
2 0.406903 0.842766 0.049911 0.069935
2 0.256524 0.603078 0.066894 0.110553
2 0.981897 0.299088 0.036205 0.104426
2 0.921172 0.395563 0.052033 0.069064
2 0.850743 0.205854 0.064517 0.088630
2 0.527945 0.768185 0.058348 0.080170
2 0.831152 0.841653 0.047076 0.064045
2 0.395236 0.654277 0.065985 0.079207