0 0.896013 0.404364 0.074374 0.096324
0 0.333797 0.166714 0.067854 0.088717
0 0.707701 0.064160 0.066455 0.093338
0 0.957444 0.391480 0.066839 0.106211
0 0.650530 0.690080 0.061959 0.082555
0 0.175792 0.136953 0.069491 0.087074
0 0.298875 0.442491 0.061390 0.077702
0 0.773989 0.046917 0.083939 0.092000
0 0.815899 0.187529 0.072415 0.099119
0 0.317331 0.233127 0.069133 0.077037
0 0.130483 0.319624 0.054778 0.085581
0 0.915568 0.041495 0.070263 0.081830
0 0.170109 0.284333 0.057347 0.084146
0 0.195742 0.302474 0.061036 0.089757
0 0.180285 0.291523 0.078339 0.096490
0 0.814559 0.287629 0.076488 0.097286
1 0.459036 0.936440 0.047121 0.059623
0 0.295449 0.768193 0.044561 0.051117
0 0.458560 0.935166 0.046045 0.057786