1 0.237322 0.526174 0.094327 0.118984
1 0.191575 0.394947 0.114571 0.137745
1 0.336275 0.466332 0.093435 0.128820
1 0.360650 0.159759 0.137741 0.174380
1 0.600971 0.746793 0.133105 0.171957
1 0.854998 0.774007 0.113944 0.137249
1 0.056941 0.557947 0.102543 0.142415
1 0.772823 0.699161 0.144853 0.168099
1 0.876570 0.593857 0.134656 0.163038
1 0.118070 0.683133 0.114326 0.139529
1 0.721295 0.461211 0.126476 0.163318
1 0.615125 0.573750 0.149733 0.182925
1 0.770620 0.337082 0.133921 0.157628
1 0.441906 0.479586 0.125394 0.156191
1 0.793211 0.521067 0.081643 0.129686
0 0.560527 0.440246 0.130472 0.159199
1 0.560049 0.440175 0.134275 0.158480
1 0.130923 0.490040 0.095461 0.109622
1 0.033318 0.765240 0.063783 0.127130
1 0.670184 0.357061 0.066839 0.084235
1 0.014244 0.468997 0.028487 0.100049
1 0.623642 0.947517 0.118509 0.100780
1 0.503800 0.801806 0.091965 0.168948
1 0.757470 0.944984 0.060216 0.094886
1 0.678287 0.963059 0.107344 0.073446
1 0.053177 0.316023 0.073305 0.108705
1 0.653059 0.360820 0.081153 0.094409
1 0.111335 0.317442 0.064090 0.131260
1 0.095501 0.320221 0.088695 0.127709