0 0.615561 0.746142 0.042622 0.055091
0 0.643153 0.683004 0.046899 0.056403
0 0.487117 0.489385 0.041596 0.055480
0 0.574900 0.856330 0.039429 0.053731
0 0.559187 0.531179 0.043571 0.056777
0 0.499932 0.780463 0.042382 0.056078
0 0.612410 0.843840 0.041287 0.053814
0 0.736042 0.727107 0.034279 0.042247
0 0.032488 0.856402 0.036699 0.050699
0 0.063809 0.828553 0.044620 0.058152
0 0.409865 0.832776 0.037772 0.048456
0 0.384610 0.807831 0.038084 0.050329
0 0.622706 0.368878 0.030041 0.032531
0 0.721652 0.751881 0.042714 0.060628
0 0.147946 0.209751 0.044752 0.053509
0 0.625786 0.798944 0.030154 0.040214
0 0.021667 0.388750 0.043256 0.069280
0 0.561116 0.777853 0.039293 0.063514
0 0.989472 0.658139 0.021056 0.073710
0 0.033697 0.874523 0.038869 0.076277
0 0.718902 0.186992 0.035162 0.049625
0 0.008595 0.751636 0.014589 0.042626
0 0.356232 0.868220 0.031001 0.052133
0 0.027995 0.850795 0.035566 0.057281
0 0.586745 0.802243 0.032541 0.044204
0 0.731978 0.735655 0.039872 0.058642