0 0.295995 0.647084 0.084708 0.112330
0 0.370703 0.524331 0.089200 0.117521
0 0.179169 0.505997 0.089902 0.121429
0 0.866014 0.835075 0.050794 0.062257
0 0.958923 0.716909 0.051249 0.062074
0 0.374599 0.410024 0.088143 0.109843
0 0.841334 0.912908 0.050363 0.061682
0 0.574547 0.110260 0.045860 0.057462
0 0.368339 0.620748 0.079753 0.090301
0 0.982211 0.180669 0.035075 0.069961
0 0.860392 0.197436 0.029851 0.037266
0 0.874480 0.222674 0.028326 0.039379
0 0.299520 0.985188 0.066242 0.029625
0 0.076436 0.562580 0.093615 0.120380