0 0.474341 0.137169 0.067109 0.088750
0 0.312604 0.257554 0.059748 0.083396
0 0.965139 0.152256 0.069721 0.100703
0 0.056307 0.796414 0.062362 0.086336
0 0.027066 0.941419 0.054132 0.081439
0 0.852646 0.035744 0.065591 0.070552
0 0.796870 0.662611 0.064391 0.085327
0 0.102233 0.972219 0.064870 0.055563
0 0.315640 0.112939 0.068132 0.095511
0 0.459581 0.202808 0.069719 0.076359
0 0.439320 0.416281 0.059692 0.078814
0 0.139086 0.072785 0.049905 0.065626
0 0.922738 0.028131 0.099309 0.056263
0 0.272420 0.293615 0.052857 0.083253
0 0.104855 0.892807 0.060205 0.069296
1 0.271642 0.292820 0.053163 0.080758
0 0.596459 0.906814 0.048853 0.062300
1 0.962888 0.253787 0.071252 0.102051
0 0.051120 0.982904 0.042931 0.031915
0 0.344102 0.276167 0.045147 0.089141
0 0.963321 0.254675 0.070761 0.100750