1 0.505255 0.554650 0.064313 0.085881
1 0.088842 0.576093 0.084057 0.102756
1 0.483426 0.653589 0.062372 0.084125
1 0.575078 0.488388 0.070751 0.087840
1 0.331937 0.112459 0.086462 0.107331
1 0.408342 0.404045 0.074440 0.100591
1 0.571321 0.576928 0.069965 0.083672
1 0.065932 0.738832 0.082481 0.103346
1 0.382955 0.604580 0.069794 0.093567
1 0.169502 0.570849 0.070430 0.092815
1 0.311484 0.594963 0.061305 0.077497
1 0.825449 0.869677 0.076323 0.092134
1 0.434929 0.694642 0.061419 0.062143
1 0.120555 0.458765 0.053797 0.071570
1 0.420131 0.849390 0.051114 0.073487
1 0.368590 0.869494 0.069064 0.090534
1 0.264473 0.663327 0.074763 0.097421
1 0.412427 0.756228 0.072105 0.094864
1 0.714362 0.184521 0.071237 0.093719
1 0.838738 0.764399 0.079539 0.100604
1 0.491852 0.475817 0.036065 0.070165
1 0.236657 0.803432 0.069974 0.093829
1 0.373785 0.784401 0.043617 0.068366
1 0.277654 0.798981 0.050784 0.095905
1 0.282970 0.786336 0.043930 0.120086
2 0.838762 0.765376 0.080438 0.103614
1 0.284169 0.768907 0.043392 0.092255
0 0.264821 0.662426 0.076684 0.099978