0 0.571757 0.263137 0.067569 0.097452
0 0.922592 0.470757 0.079829 0.108866
0 0.347862 0.776902 0.084645 0.101187
0 0.839293 0.470866 0.088093 0.114204
0 0.389592 0.857469 0.073531 0.100328
0 0.539444 0.448019 0.080082 0.107451
0 0.824987 0.372426 0.078615 0.097672
0 0.380390 0.630375 0.086970 0.110760
0 0.107056 0.350256 0.066202 0.084766
0 0.636486 0.245424 0.075923 0.100339
0 0.792378 0.274793 0.078977 0.106218
0 0.062448 0.554090 0.067782 0.089428
0 0.730742 0.406486 0.086693 0.106026
0 0.535369 0.352054 0.068082 0.090458
0 0.196912 0.504855 0.063440 0.077827
0 0.385886 0.296696 0.070797 0.092721
0 0.309689 0.550502 0.076741 0.102702
0 0.092916 0.434314 0.085457 0.098372
0 0.476480 0.323158 0.069886 0.101231
0 0.611157 0.529381 0.063891 0.103658
0 0.728074 0.043900 0.069189 0.083287
0 0.737480 0.492239 0.088354 0.089284
0 0.422351 0.364634 0.060269 0.084134
0 0.788968 0.546200 0.084002 0.109026
0 0.117176 0.658207 0.052951 0.071090
0 0.970601 0.267465 0.053408 0.096461
0 0.313679 0.419778 0.057433 0.081914
0 0.019465 0.048996 0.037400 0.088138
0 0.206352 0.387181 0.086121 0.089503
0 0.273543 0.369921 0.057034 0.086738
0 0.640251 0.466526 0.055670 0.086898
0 0.672061 0.067498 0.060070 0.093205
0 0.654394 0.817171 0.054203 0.073776
0 0.149860 0.577338 0.053539 0.072734
0 0.146285 0.501343 0.049821 0.081778
0 0.194913 0.572342 0.053674 0.072504
0 0.256017 0.531763 0.047608 0.082894
0 0.193286 0.678702 0.049875 0.069790
0 0.335142 0.282838 0.047045 0.082393
0 0.447904 0.441575 0.054581 0.078944
0 0.023027 0.031091 0.043936 0.062182
0 0.301661 0.597159 0.066451 0.080337
0 0.693326 0.149007 0.086281 0.115132
0 0.116716 0.128933 0.056594 0.066490
0 0.373339 0.453746 0.058341 0.109151