2 0.6271012425422668 0.8093429803848267 0.15331995487213135 0.1478259563446045
2 0.5128162503242493 0.2421800196170807 0.12039124965667725 0.11577500402927399
2 0.2058662474155426 0.5615180134773254 0.10707873106002808 0.10252201557159424
2 0.4492812752723694 0.1417279988527298 0.10826504230499268 0.11283999681472778
2 0.33101123571395874 0.2292110025882721 0.09792622923851013 0.10286301374435425
2 0.035824693739414215 0.382438987493515 0.07164938747882843 0.10767197608947754
2 0.24155250191688538 0.49978700280189514 0.10151499509811401 0.0870019793510437
2 0.3671075105667114 0.8701419830322266 0.12461626529693604 0.12590503692626953
0 0.9247750043869019 0.8666800260543823 0.1406887173652649 0.14769196510314941
2 0.2579212486743927 0.026475250720977783 0.11224377155303955 0.052950501441955566
