2 0.3546912670135498 0.869234025478363 0.05711627006530762 0.057569026947021484
2 0.7363599538803101 0.4192740023136139 0.08287370204925537 0.0846329927444458
2 0.33965998888015747 0.7313590049743652 0.06612622737884521 0.06848597526550293
2 0.05543875694274902 0.35314300656318665 0.06154501438140869 0.062349021434783936
1 0.6538974642753601 0.6419900059700012 0.06947743892669678 0.0703040361404419
1 0.24263623356819153 0.5359979867935181 0.06052500009536743 0.06213796138763428
2 0.07526125013828278 0.5064359903335571 0.05505374073982239 0.05851101875305176
1 0.9800349473953247 0.3173080086708069 0.039930105209350586 0.07731401920318604
1 0.9215799570083618 0.2747980058193207 0.07978129386901855 0.09030598402023315
1 0.8383537530899048 0.897695004940033 0.0597987174987793 0.05651497840881348
1 0.9617388248443604 0.6762239933013916 0.06391239166259766 0.06577301025390625
1 0.7856349945068359 0.18769200146198273 0.0738450288772583 0.07750600576400757
2 0.4428187608718872 0.16465599834918976 0.06759119033813477 0.06951698660850525
1 0.2768537402153015 0.587116003036499 0.06053876876831055 0.06340396404266357
2 0.25049999356269836 0.6916069984436035 0.061612486839294434 0.06106400489807129
2 0.3886075019836426 0.7979549765586853 0.05315998196601868 0.0577850341796875
2 0.49606502056121826 0.08380100131034851 0.06474876403808594 0.06871099770069122
2 0.8635150194168091 0.37992098927497864 0.07424622774124146 0.07397902011871338
1 0.46063125133514404 0.6116229891777039 0.06658244132995605 0.07348799705505371
1 0.6090250015258789 0.5815489888191223 0.07375872135162354 0.07046699523925781
1 0.6944199800491333 0.7243189811706543 0.07935500144958496 0.08544600009918213
1 0.9143987894058228 0.6653810143470764 0.0525975227355957 0.06466400623321533
2 0.75043123960495 0.08864600211381912 0.07657122611999512 0.08480899035930634
2 0.08727750182151794 0.4526990056037903 0.05575498938560486 0.05258399248123169
1 0.8574937582015991 0.6139510273933411 0.06932497024536133 0.07751500606536865
1 0.9902750253677368 0.5194169878959656 0.019449949264526367 0.07181701064109802
2 0.17407751083374023 0.38299399614334106 0.055071234703063965 0.06612199544906616
1 0.6680487394332886 0.5273450016975403 0.058907508850097656 0.083173006772995
1 0.7366174459457397 0.33704400062561035 0.06780004501342773 0.06892400979995728
1 0.8000500202178955 0.6393229961395264 0.0738987922668457 0.07977604866027832
2 0.3668687343597412 0.09157100319862366 0.06435373425483704 0.06236600503325462
2 0.22771376371383667 0.6313660144805908 0.06046247482299805 0.06451904773712158
1 0.3302587568759918 0.5762749910354614 0.058783769607543945 0.06462597846984863
1 0.7101062536239624 0.2799299955368042 0.07568871974945068 0.0783969908952713
1 0.8490149974822998 0.30949801206588745 0.061670005321502686 0.0637589693069458
1 0.7907312512397766 0.31876400113105774 0.05193626880645752 0.07198399305343628
1 0.940732479095459 0.5977439880371094 0.07667994499206543 0.07691097259521484
1 0.5055537223815918 0.6758059859275818 0.07246625423431396 0.0773320198059082
2 0.20000874996185303 0.6523339748382568 0.05533498525619507 0.06625497341156006
2 0.9407488107681274 0.598484992980957 0.07829618453979492 0.07957303524017334
1 0.4273175001144409 0.10595899820327759 0.06412124633789062 0.06170600652694702
1 0.260842502117157 0.49594902992248535 0.06286877393722534 0.054492026567459106
2 0.42554253339767456 0.4108799993991852 0.07711255550384521 0.08109897375106812
1 0.7251649498939514 0.18562200665473938 0.0723874568939209 0.08047500252723694
2 0.5042150020599365 0.674813985824585 0.07516002655029297 0.0794069766998291
1 0.7165499925613403 0.6626650094985962 0.05796623229980469 0.05247998237609863
2 0.9471275806427002 0.47311800718307495 0.07743501663208008 0.07848599553108215
2 0.09256500005722046 0.38271498680114746 0.04276874661445618 0.04501199722290039
2 0.48840248584747314 0.1744070053100586 0.058168768882751465 0.06794199347496033
1 0.9488412141799927 0.47637900710105896 0.07781863212585449 0.07731097936630249
1 0.6659274697303772 0.24462401866912842 0.05811750888824463 0.06334801018238068
1 0.7441137433052063 0.7270399928092957 0.05034744739532471 0.06874394416809082
1 0.9866031408309937 0.3968200087547302 0.026793718338012695 0.08309298753738403
1 0.09677375853061676 0.2463490068912506 0.06378999352455139 0.05945499241352081
2 0.12501373887062073 0.4711030125617981 0.04291874170303345 0.05259501934051514
2 0.012162506580352783 0.4418390095233917 0.024325013160705566 0.03563499450683594
2 0.4273187518119812 0.1054069995880127 0.06473374366760254 0.061223000288009644
2 0.40954500436782837 0.04338499903678894 0.06612253189086914 0.06997299194335938
2 0.41609126329421997 0.6568160057067871 0.06780755519866943 0.08086001873016357
1 0.41197121143341064 0.043306998908519745 0.06872248649597168 0.07194499671459198
1 0.20502999424934387 0.4923360049724579 0.05717498064041138 0.05876702070236206
2 0.3246912658214569 0.6249409914016724 0.05327749252319336 0.04873502254486084
1 0.07224249839782715 0.284619003534317 0.04539501667022705 0.04163098335266113
2 0.6672875285148621 0.24624499678611755 0.05919003486633301 0.0659639835357666
1 0.47720247507095337 0.008914000354707241 0.08777749538421631 0.01705699972808361
2 0.05502626299858093 0.4359689950942993 0.04052498936653137 0.038124024868011475
2 0.9858646988868713 0.39705801010131836 0.028270602226257324 0.07960599660873413
1 0.4144750237464905 0.6574299931526184 0.06362748146057129 0.08041501045227051
1 0.8627462387084961 0.3811199963092804 0.07469868659973145 0.07620298862457275
2 0.12827500700950623 0.3866159915924072 0.047677502036094666 0.04655200242996216
2 0.07288874685764313 0.2834619879722595 0.04666748642921448 0.04141497611999512
1 0.425068736076355 0.41200101375579834 0.07777869701385498 0.08261102437973022
2 0.3303075134754181 0.5765460133552551 0.05751001834869385 0.06447994709014893
1 0.6887862682342529 0.9693269729614258 0.04558002948760986 0.04529297351837158
2 0.7979750037193298 0.6405019760131836 0.07936501502990723 0.08296394348144531
1 0.4763674736022949 0.014585000462830067 0.08599746227264404 0.029170000925660133
