2 0.711986243724823 0.4475730061531067 0.08211743831634521 0.083778977394104
2 0.3386074900627136 0.8972100019454956 0.05509376525878906 0.05618405342102051
2 0.7264150381088257 0.11832500249147415 0.07475996017456055 0.08376000821590424
2 0.3209324777126312 0.7589399814605713 0.0618249773979187 0.06652295589447021
2 0.9232499599456787 0.5011399984359741 0.0800013542175293 0.07994496822357178
1 0.8944599628448486 0.3028010129928589 0.07791250944137573 0.08929097652435303
2 0.4864925146102905 0.7020630240440369 0.0711287260055542 0.07303202152252197
2 0.8376237154006958 0.40762999653816223 0.07352995872497559 0.07474297285079956
1 0.9654077887535095 0.3452549874782562 0.06918442249298096 0.077938973903656
2 0.43951499462127686 0.6385120153427124 0.06664001941680908 0.07361805438995361
1 0.6326137781143188 0.6664000153541565 0.06788754463195801 0.06817197799682617
2 0.47338998317718506 0.1138869971036911 0.0672612190246582 0.07128900289535522
2 0.03771500289440155 0.38440901041030884 0.06208124756813049 0.062232017517089844
1 0.22530996799468994 0.5652199983596802 0.06129997968673706 0.061213016510009766
1 0.9996293783187866 0.3194130063056946 0.0007412433624267578 0.07970499992370605
1 0.760008692741394 0.21819600462913513 0.07438874244689941 0.0756949931383133
2 0.41878753900527954 0.19531600177288055 0.06780993938446045 0.0676790177822113
2 0.37153375148773193 0.8250759840011597 0.050431251525878906 0.058241963386535645
1 0.2566087543964386 0.6156749725341797 0.05504000186920166 0.06273794174194336
1 0.9381150007247925 0.7015849947929382 0.06462240219116211 0.06802403926849365
2 0.3849400281906128 0.07411199808120728 0.06524121761322021 0.06840300559997559
1 0.24147748947143555 0.5248649716377258 0.059813737869262695 0.05194902420043945
2 0.7758587002754211 0.6656839847564697 0.0754936933517456 0.08004796504974365
2 0.4045199751853943 0.4398390054702759 0.075926274061203 0.08004599809646606
2 0.6733987927436829 0.7481579780578613 0.08607625961303711 0.07949602603912354
1 0.9770956039428711 0.5463929772377014 0.04580879211425781 0.0710519552230835
2 0.7123174667358398 0.36570799350738525 0.07057750225067139 0.06630498170852661
2 0.9178987741470337 0.6246349811553955 0.07903385162353516 0.07705605030059814
2 0.40345126390457153 0.13777600228786469 0.06051251292228699 0.05931800603866577
2 0.6423499584197998 0.2751680016517639 0.058936238288879395 0.06647598743438721
1 0.6436349749565125 0.5555030107498169 0.0620499849319458 0.08134400844573975
2 0.1548362374305725 0.4132139980792999 0.0552937388420105 0.06559997797012329
2 0.6849474906921387 0.30821800231933594 0.0689549446105957 0.07426202297210693
1 0.6753324866294861 0.9873457551002502 0.06466376781463623 0.02530848979949951
2 0.34478747844696045 0.122748002409935 0.06046876311302185 0.05995899438858032
1 0.7241812944412231 0.754269003868103 0.04678630828857422 0.063446044921875
2 0.20805251598358154 0.6590489745140076 0.06512874364852905 0.061292052268981934
2 0.3102800250053406 0.6052690148353577 0.05791747570037842 0.06264102458953857
1 0.8915637731552124 0.6909599900245667 0.05217248201370239 0.06373405456542969
1 0.44915372133255005 0.027559999376535416 0.07602870464324951 0.05511999875307083
1 0.0787312388420105 0.27602100372314453 0.05265873670578003 0.058830007910728455
2 0.972779393196106 0.4233889877796173 0.054441213607788086 0.0805709958076477
2 0.7011325359344482 0.21768799424171448 0.07188248634338379 0.08115798234939575
2 0.059122487902641296 0.5381860136985779 0.05638626217842102 0.05776405334472656
1 0.18884500861167908 0.5203049778938293 0.05631750822067261 0.05619898438453674
2 0.3893187642097473 0.6829609870910645 0.05743122100830078 0.07661604881286621
1 0.8365950584411621 0.638496994972229 0.06630504131317139 0.07267200946807861
2 0.18388250470161438 0.6792889833450317 0.05338001251220703 0.06096994876861572
1 0.6842237114906311 0.3076939880847931 0.07005620002746582 0.07716500759124756
2 0.4650387763977051 0.20713099837303162 0.05303752422332764 0.06720900535583496
1 0.5880762338638306 0.6068869829177856 0.07320499420166016 0.07417094707489014
1 0.8174625635147095 0.9214829802513123 0.0602724552154541 0.05546104907989502
1 0.7130037546157837 0.3677929937839508 0.07002496719360352 0.06634801626205444
1 0.21000877022743225 0.657692015171051 0.05978626012802124 0.05809497833251953
1 0.3453174829483032 0.12307099997997284 0.06321623921394348 0.06637999415397644
2 0.23170876502990723 0.7184309959411621 0.056387484073638916 0.05988895893096924
2 0.5877275466918945 0.6088200211524963 0.07518506050109863 0.0733189582824707
1 0.7673249840736389 0.34754300117492676 0.05157124996185303 0.0686749815940857
2 0.06851498782634735 0.48250097036361694 0.055443763732910156 0.04904899001121521
1 0.916353702545166 0.6247599720954895 0.07784509658813477 0.07667100429534912
1 0.40444499254226685 0.1380150020122528 0.06280374526977539 0.06025499105453491
2 0.6438712477684021 0.5546489953994751 0.05970501899719238 0.08014404773712158
2 0.6421474814414978 0.7427440285682678 0.04019749164581299 0.0768589973449707
2 0.004344061017036438 0.4728020131587982 0.008688122034072876 0.034220993518829346
1 0.05409625172615051 0.31411799788475037 0.042465001344680786 0.04031097888946533
2 0.8244400024414062 0.33841100335121155 0.060886263847351074 0.06179100275039673
1 0.3863549828529358 0.07434400171041489 0.06817877292633057 0.06921499967575073
1 0.6422100067138672 0.27411898970603943 0.05572998523712158 0.06535398960113525
1 0.7763524651527405 0.6634190082550049 0.07546126842498779 0.08296799659729004
1 0.6752500534057617 0.7495139837265015 0.07547378540039062 0.07682299613952637
1 0.25616997480392456 0.48176899552345276 0.044417500495910645 0.04831498861312866
2 0.6493987441062927 0.7436590194702148 0.05672621726989746 0.0828789472579956
1 0.3105449974536896 0.6043310165405273 0.05762249231338501 0.0624539852142334
1 0.10746625810861588 0.5014119744300842 0.039250001311302185 0.05278801918029785
2 0.0545087605714798 0.3138430118560791 0.04240000247955322 0.03929400444030762
