2 0.6709162592887878 0.41370001435279846 0.08189249038696289 0.08715301752090454
1 0.5845212340354919 0.6348789930343628 0.06837749481201172 0.06662404537200928
2 0.2768012285232544 0.8606910109519958 0.055779993534088135 0.05818605422973633
2 0.26300251483917236 0.7219060063362122 0.06336498260498047 0.06896305084228516
2 0.881561279296875 0.47231000661849976 0.07826495170593262 0.08088302612304688
1 0.9303500652313232 0.3169429898262024 0.07363367080688477 0.0782809853553772
1 0.8573262691497803 0.2725430130958557 0.08063870668411255 0.09065598249435425
2 0.17499500513076782 0.6805260181427002 0.06296002864837646 0.062240004539489746
2 0.004707813262939453 0.3364500105381012 0.009415626525878906 0.06413900852203369
1 0.7243112921714783 0.18353700637817383 0.07400500774383545 0.07679900527000427
1 0.8881813287734985 0.6739270091056824 0.06310504674911499 0.06495797634124756
1 0.9818884134292603 0.29240500926971436 0.03622317314147949 0.0819540023803711
2 0.3111937642097473 0.7875739932060242 0.05192875862121582 0.06090402603149414
2 0.6912212371826172 0.08342300355434418 0.07394874095916748 0.08148300647735596
1 0.36374497413635254 0.09202399849891663 0.06215497851371765 0.05804799497127533
2 0.1501062512397766 0.6198520064353943 0.06590749323368073 0.0658489465713501
2 0.8729012608528137 0.5962409973144531 0.0776287317276001 0.07714498043060303
2 0.4351999759674072 0.6663179993629456 0.07502877712249756 0.07934904098510742
1 0.6457237601280212 0.2720089852809906 0.07404506206512451 0.07981498539447784
2 0.12625250220298767 0.639549970626831 0.05787123739719391 0.06621599197387695
1 0.171711266040802 0.5245100259780884 0.06270748376846313 0.06412199139595032
2 0.7987262606620789 0.37639299035072327 0.07370376586914062 0.07470297813415527
1 0.34604623913764954 0.035013001412153244 0.07392126321792603 0.07002600282430649
2 0.34595000743865967 0.6469650268554688 0.0697699785232544 0.08391797542572021
1 0.2035275101661682 0.5756700038909912 0.05717623233795166 0.06338298320770264
1 0.9405649900436401 0.5180180072784424 0.060637474060058594 0.07429301738739014
1 0.762151300907135 0.8925700187683105 0.0594712495803833 0.0576930046081543
2 0.01271812617778778 0.49039900302886963 0.02543625235557556 0.05772101879119873
1 0.8427387475967407 0.6626780033111572 0.054690003395080566 0.06207001209259033
2 0.10223124921321869 0.3667980134487152 0.053036242723464966 0.0666850209236145
1 0.6710262298583984 0.3325349986553192 0.07271003723144531 0.06704598665237427
2 0.3899500370025635 0.5999739766120911 0.06574627757072449 0.0686720609664917
2 0.3781324625015259 0.15382599830627441 0.06707751750946045 0.07069599628448486
2 0.36098623275756836 0.4034709930419922 0.07664752006530762 0.08245998620986938
2 0.9448287487030029 0.3968159854412079 0.080780029296875 0.0849040150642395
2 0.728888750076294 0.6355260014533997 0.07491004467010498 0.08135294914245605
1 0.601485013961792 0.5207539796829224 0.059897541999816895 0.08153602480888367
2 0.2594425082206726 0.5663560032844543 0.05967998504638672 0.06234097480773926
1 0.7265524864196777 0.31520500779151917 0.050992488861083984 0.07130801677703857
1 0.6266613006591797 0.719078004360199 0.07525002956390381 0.07719099521636963
1 0.5429400205612183 0.5753239989280701 0.07508623600006104 0.07143604755401611
1 0.025590628385543823 0.22678999602794647 0.051181256771087646 0.05996599793434143
1 0.30262625217437744 0.0788159966468811 0.06572997570037842 0.06748399138450623
1 0.7900174856185913 0.6094740033149719 0.06616878509521484 0.07315897941589355
1 0.6036524772644043 0.2405499964952469 0.060727477073669434 0.06780001521110535
2 0.30275750160217285 0.0776280015707016 0.06631124019622803 0.06471399962902069
1 0.4325687289237976 0.0722690001130104 0.06485497951507568 0.06920699775218964
1 0.7852500081062317 0.3060440123081207 0.06380248069763184 0.06483501195907593
2 0.42208123207092285 0.164669007062912 0.051511287689208984 0.0685490071773529
1 0.19002249836921692 0.4792700409889221 0.05583876371383667 0.053602010011672974
1 0.670692503452301 0.7219229936599731 0.04843246936798096 0.06502795219421387
2 0.13630500435829163 0.6347969770431519 0.07687251269817352 0.07208895683288574
2 0.05846250057220459 0.3535259962081909 0.058654993772506714 0.06837600469589233
2 0.018774062395095825 0.4369310140609741 0.03754812479019165 0.05185598134994507
1 0.729640007019043 0.6334019899368286 0.07472372055053711 0.08416998386383057
2 0.05579999089241028 0.3615860044956207 0.052424997091293335 0.05921298265457153
2 0.432592511177063 0.07248599827289581 0.06444871425628662 0.06954500079154968
2 0.006001561880111694 0.26379600167274475 0.012003123760223389 0.04057599604129791
1 0.6619137525558472 0.18173100054264069 0.07203125953674316 0.0787229835987091
2 0.6621187329292297 0.17935599386692047 0.07313752174377441 0.0843459963798523
1 0.019059374928474426 0.4360310137271881 0.03811874985694885 0.05407297611236572
1 0.3778049945831299 0.15448999404907227 0.06914499402046204 0.06921198964118958
2 0.6206299662590027 0.7168390154838562 0.08949005603790283 0.08282995223999023
2 0.5885362029075623 0.7078409790992737 0.04551994800567627 0.07729101181030273
1 0.39115750789642334 0.6007969975471497 0.06804001331329346 0.06939101219177246
1 0.3605424761772156 0.4018769860267639 0.07830128073692322 0.08646100759506226
1 0.6446124911308289 0.656711995601654 0.0538787841796875 0.05178499221801758
2 0.017628438770771027 0.36933600902557373 0.03525687754154205 0.0468900203704834
1 0.1295424997806549 0.4780060052871704 0.05737251043319702 0.06248602271080017
2 0.24844250082969666 0.6119840145111084 0.050981223583221436 0.04865396022796631
2 0.13016000390052795 0.4777370095252991 0.05793750286102295 0.06361901760101318
