2 0.31352999806404114 0.785863995552063 0.0773574709892273 0.07313704490661621
2 0.21974250674247742 0.8043109774589539 0.0757325291633606 0.08713400363922119
2 0.8647924661636353 0.7038149833679199 0.07608628273010254 0.07869303226470947
2 0.3178650140762329 0.7202050089836121 0.07539999485015869 0.0785679817199707
2 0.8065274953842163 0.6384789943695068 0.07072627544403076 0.07316195964813232
2 0.8931000232696533 0.45783600211143494 0.0875849723815918 0.09490197896957397
2 0.37075626850128174 0.5388820171356201 0.07675251364707947 0.0785839855670929
2 0.2564150094985962 0.7420200109481812 0.06235748529434204 0.07320702075958252
1 0.9969016313552856 0.4721580147743225 0.006196737289428711 0.07614803314208984
2 0.4196375012397766 0.617455005645752 0.07965505123138428 0.08548104763031006
2 0.6341112852096558 0.7023059725761414 0.06137371063232422 0.06668698787689209
2 0.911506175994873 0.6625990271568298 0.059137582778930664 0.06342101097106934
1 0.5919086933135986 0.503587007522583 0.07503128051757812 0.07295098900794983
2 0.805878758430481 0.8132039904594421 0.05947256088256836 0.06448495388031006
2 0.27527377009391785 0.6068869829177856 0.07020121812820435 0.07485401630401611
2 0.9711568355560303 0.6274750232696533 0.05768632888793945 0.06604397296905518
2 0.8384387493133545 0.5486469864845276 0.06860995292663574 0.07721102237701416
2 0.9935100078582764 0.4194909930229187 0.012979984283447266 0.06421101093292236
2 0.04557625949382782 0.2103929966688156 0.08454373478889465 0.07816100120544434
2 0.2882150113582611 0.5238959789276123 0.07528126239776611 0.08086800575256348
2 0.3726537525653839 0.4835420250892639 0.07225126028060913 0.05525901913642883
2 0.33763372898101807 0.5497980117797852 0.054491281509399414 0.07232403755187988
1 0.7603950500488281 0.8358820080757141 0.06312251091003418 0.0612870454788208
1 0.7577287554740906 0.7776479721069336 0.0654374361038208 0.06459105014801025
2 0.8533875942230225 0.6294040083885193 0.05467253923416138 0.06362605094909668
2 0.5951950550079346 0.6801580190658569 0.051890015602111816 0.05862104892730713
2 0.7575550079345703 0.777741014957428 0.06452369689941406 0.06443798542022705
