2 0.6298249959945679 0.3614349961280823 0.10292744636535645 0.10120701789855957
2 0.3372499942779541 0.5884510278701782 0.09155622124671936 0.08730602264404297
2 0.5974500179290771 0.1648010015487671 0.10257995128631592 0.10728800296783447
2 0.6343062520027161 0.6615859866142273 0.08899998664855957 0.08160901069641113
2 0.9450497031211853 0.9631860256195068 0.1099005937576294 0.07362699508666992
2 0.11418375372886658 0.5982019901275635 0.08362376689910889 0.08665502071380615
2 0.7004337310791016 0.4455209970474243 0.06683754920959473 0.07388299703598022
2 0.25219249725341797 0.513962984085083 0.10776251554489136 0.09672701358795166
2 0.6585450172424316 0.2604140043258667 0.09876620769500732 0.09894098341464996
2 0.697475016117096 0.8391730189323425 0.09247994422912598 0.07848596572875977
1 0.1872900128364563 0.5736380219459534 0.08781623840332031 0.08991003036499023
1 0.9580890536308289 0.878620982170105 0.08382189273834229 0.09605097770690918
2 0.23695501685142517 0.5094460248947144 0.11394000053405762 0.09618601202964783
1 0.7083487510681152 0.19297100603580475 0.11206746101379395 0.10668200254440308
2 0.7586500644683838 0.8101940155029297 0.04507124423980713 0.06047499179840088
1 0.7520625591278076 0.8554080128669739 0.055956244468688965 0.058987975120544434
