2 0.692579984664917 0.447174996137619 0.08149504661560059 0.0834919810295105
2 0.302590012550354 0.7585960030555725 0.06404626369476318 0.06796503067016602
2 0.3197374939918518 0.8964279890060425 0.05447876453399658 0.05676400661468506
1 0.6125137805938721 0.6673139929771423 0.06808245182037354 0.06815898418426514
1 0.8757749795913696 0.3040589988231659 0.07854002714157104 0.09053802490234375
1 0.20680749416351318 0.5653449892997742 0.06357002258300781 0.062294960021972656
2 0.7057799696922302 0.1197810024023056 0.07872378826141357 0.08362700790166855
2 0.8176687955856323 0.40841400623321533 0.0725250244140625 0.07335501909255981
1 0.9506487846374512 0.34673500061035156 0.06963491439819336 0.07627302408218384
1 0.988795280456543 0.320699006319046 0.022409439086914062 0.08020901679992676
2 0.35195499658584595 0.8248159885406494 0.05239877104759216 0.05870699882507324
2 0.4012637734413147 0.19526199996471405 0.06732499599456787 0.0671440064907074
2 0.03934749960899353 0.5367709994316101 0.060083746910095215 0.05815303325653076
1 0.9178438186645508 0.7013859748840332 0.06147003173828125 0.06493794918060303
2 0.9013199806213379 0.5022950172424316 0.07704752683639526 0.08138099312782288
2 0.02403687685728073 0.3840779960155487 0.04807375371456146 0.06229299306869507
2 0.3854075074195862 0.4394510090351105 0.07520747184753418 0.07891201972961426
2 0.3260287642478943 0.1238669902086258 0.06043499708175659 0.06105499714612961
1 0.8154200315475464 0.6392719745635986 0.068581223487854 0.07556605339050293
2 0.21303001046180725 0.7189080119132996 0.05952751636505127 0.060932040214538574
1 0.23602372407913208 0.6162769794464111 0.05447125434875488 0.06152606010437012
2 0.6245662569999695 0.2758220136165619 0.059834957122802734 0.06717099249362946
2 0.896763801574707 0.6237019896507263 0.07564753293991089 0.07785594463348389
1 0.6567424535751343 0.9868260025978088 0.06597375869750977 0.026347994804382324
2 0.4196612238883972 0.6364290118217468 0.06501626968383789 0.07168102264404297
1 0.9655362367630005 0.5458729863166809 0.06421613693237305 0.0719139575958252
2 0.3739975094795227 0.681555986404419 0.06457877159118652 0.0785900354385376
2 0.1668737530708313 0.6773369908332825 0.06593126058578491 0.07276999950408936
1 0.5674275159835815 0.6082080006599426 0.07230126857757568 0.07577800750732422
2 0.962145984172821 0.4246880114078522 0.07570803165435791 0.08276700973510742
1 0.740646243095398 0.21816200017929077 0.07476246356964111 0.07763499021530151
2 0.693072497844696 0.364793986082077 0.069985032081604 0.06977498531341553
1 0.22418248653411865 0.522691011428833 0.0595250129699707 0.04713401198387146
1 0.05765751004219055 0.27644801139831543 0.060222506523132324 0.058100998401641846
2 0.6669512987136841 0.30915701389312744 0.0698399543762207 0.07652097940444946
1 0.4302024841308594 0.02791599929332733 0.06884253025054932 0.05583199858665466
2 0.45631998777389526 0.11488600075244904 0.06491374969482422 0.06912800669670105
2 0.46681374311447144 0.7014579772949219 0.07224118709564209 0.07634997367858887
2 0.29163622856140137 0.6033679842948914 0.05912375450134277 0.06225001811981201
1 0.42029625177383423 0.6384710073471069 0.06440997123718262 0.07431399822235107
1 0.6558250188827515 0.749809980392456 0.07532370090484619 0.07691800594329834
1 0.872198760509491 0.6895620226860046 0.05511629581451416 0.06470096111297607
1 0.6941449642181396 0.3678379952907562 0.06923246383666992 0.0679360032081604
2 0.36780375242233276 0.07491300255060196 0.06454122066497803 0.06902199983596802
2 0.6815450191497803 0.2175689935684204 0.06728005409240723 0.08037000894546509
1 0.46543121337890625 0.7035679817199707 0.06929504871368408 0.07464802265167236
1 0.7022438049316406 0.7533490061759949 0.05010998249053955 0.0643080472946167
2 0.7542325258255005 0.6657220125198364 0.07517874240875244 0.08068299293518066
1 0.7964375019073486 0.920458972454071 0.06073498725891113 0.05681800842285156
1 0.7568912506103516 0.6640989780426025 0.07352375984191895 0.08208596706390381
1 0.746892511844635 0.3483999967575073 0.05391120910644531 0.06926602125167847
2 0.18446499109268188 0.6595060229301453 0.07320249080657959 0.06487703323364258
1 0.6234162449836731 0.5551000237464905 0.05960500240325928 0.08126604557037354
2 0.3850674629211426 0.13839100301265717 0.06102871894836426 0.05983099341392517
1 0.18625125288963318 0.6561819911003113 0.07009625434875488 0.060067057609558105
2 0.4465875029563904 0.2073030024766922 0.05362999439239502 0.06515899300575256
2 0.6498612761497498 0.7491869926452637 0.0919337272644043 0.08519303798675537
1 0.049291253089904785 0.48230600357055664 0.053047508001327515 0.05088302493095398
2 0.623921275138855 0.5550199747085571 0.06160128116607666 0.08105003833770752
1 0.6670125126838684 0.3083209991455078 0.07090377807617188 0.07855701446533203
1 0.3692362308502197 0.07489799708127975 0.06803750991821289 0.07030799984931946
1 0.676001250743866 0.686864972114563 0.05395495891571045 0.05211496353149414
2 0.8062787652015686 0.3394719958305359 0.0638575553894043 0.06300598382949829
1 0.13830751180648804 0.41053301095962524 0.05190373957157135 0.06692701578140259
2 0.0557674914598465 0.41244301199913025 0.04256999492645264 0.04569101333618164
2 0.17584127187728882 0.6684510111808777 0.07940500974655151 0.07905197143554688
1 0.38693124055862427 0.13858799636363983 0.06232750415802002 0.06036600470542908
1 0.4819899797439575 0.5456609725952148 0.06045997142791748 0.06300997734069824
2 0.13656875491142273 0.41158899664878845 0.05609375238418579 0.06987899541854858
2 0.03532126545906067 0.31396201252937317 0.04239374399185181 0.03984600305557251
2 0.6233699917793274 0.7414609789848328 0.046808719635009766 0.07775604724884033
2 0.09069374203681946 0.4131230115890503 0.046528756618499756 0.05044001340866089
2 0.0492900013923645 0.48201799392700195 0.053407490253448486 0.050505995750427246
1 0.16708874702453613 0.5185279846191406 0.0498812198638916 0.056650012731552124
