2 0.40833497047424316 0.40223801136016846 0.08078372478485107 0.08363997936248779
2 0.6142925024032593 0.46566200256347656 0.07869744300842285 0.08114397525787354
2 0.02635844051837921 0.7733799815177917 0.05271688103675842 0.0590670108795166
2 0.006994061172008514 0.7050639986991882 0.013988122344017029 0.07236301898956299
2 0.6787999868392944 0.39097899198532104 0.07664370536804199 0.08030301332473755
2 0.008223436772823334 0.8476499915122986 0.016446873545646667 0.058184027671813965
2 0.6020837426185608 0.5874410271644592 0.0741112232208252 0.07739102840423584
2 0.11800500750541687 0.5825790166854858 0.06727373600006104 0.07099795341491699
2 0.07421624660491943 0.6316840052604675 0.06774625182151794 0.07833802700042725
2 0.5355474948883057 0.3694469928741455 0.07255244255065918 0.07172101736068726
1 0.5958924889564514 0.269320011138916 0.07895004749298096 0.0876309871673584
2 0.9602662324905396 0.5742560029029846 0.07559871673583984 0.0815969705581665
1 0.31640875339508057 0.6222140192985535 0.0698699951171875 0.06740701198577881
1 0.3205050230026245 0.9518910050392151 0.05061250925064087 0.05020701885223389
2 0.11229623854160309 0.12865999341011047 0.07219001650810242 0.07095599174499512
2 0.1609174907207489 0.6522870063781738 0.07626749575138092 0.08048903942108154
1 0.4663125276565552 0.17507000267505646 0.07570004463195801 0.07666799426078796
2 0.45917749404907227 0.6233010292053223 0.07606744766235352 0.08103799819946289
1 0.48093003034591675 0.8796250224113464 0.058203697204589844 0.05712294578552246
1 0.6696249842643738 0.31515198945999146 0.07257246971130371 0.07585799694061279
2 0.09848625957965851 0.0697610005736351 0.06836250424385071 0.06276099383831024
2 0.00589124858379364 0.5479580163955688 0.01178249716758728 0.06611394882202148
2 0.4093787670135498 0.3184869885444641 0.07274997234344482 0.07017302513122559
1 0.7372812628746033 0.2921060025691986 0.07840502262115479 0.08080500364303589
2 0.36670124530792236 0.7061859965324402 0.0855562686920166 0.08233201503753662
1 0.6118999719619751 0.6646609902381897 0.06463503837585449 0.06535696983337402
2 0.3893987536430359 0.26214399933815 0.07161247730255127 0.0791429877281189
1 0.27989497780799866 0.5603960156440735 0.07780873775482178 0.0716320276260376
2 0.9830759167671204 0.5208830237388611 0.03384816646575928 0.06617900729179382
2 0.08387500047683716 0.020778000354766846 0.07507875561714172 0.04155600070953369
1 0.38843250274658203 0.2628450095653534 0.06913876533508301 0.0783969908952713
1 0.40448498725891113 0.1699250042438507 0.06965497136116028 0.08177599310874939
1 0.4369199872016907 0.07231499999761581 0.07437252998352051 0.08073499798774719
1 0.3382225036621094 0.5103330016136169 0.06290876865386963 0.07919299602508545
1 0.19455498456954956 0.48950299620628357 0.0637962818145752 0.06730800867080688
2 0.1609712541103363 0.14367300271987915 0.061916232109069824 0.06892199069261551
2 0.2802962362766266 0.5604770183563232 0.07716375589370728 0.07379603385925293
2 0.3149687349796295 0.6955230236053467 0.0479925274848938 0.07767999172210693
1 0.40977001190185547 0.32131001353263855 0.07222875952720642 0.06731396913528442
1 0.3633050322532654 0.9868007898330688 0.0467812716960907 0.02639847993850708
2 0.037554994225502014 0.049949005246162415 0.07023251056671143 0.06362000107765198
2 0.17045998573303223 0.051079995930194855 0.07100123167037964 0.07005800306797028
2 0.5213137269020081 0.29943299293518066 0.062033772468566895 0.06510800123214722
2 0.1002425029873848 0.3820370137691498 0.08195249736309052 0.08326202630996704
2 0.854200005531311 0.015893999487161636 0.08707743883132935 0.03178799897432327
1 0.4630500078201294 0.6236550211906433 0.07132494449615479 0.07923197746276855
1 0.1001099944114685 0.38273200392723083 0.08269250392913818 0.08708798885345459
1 0.4642599821090698 0.30607500672340393 0.05332624912261963 0.0696139931678772
1 0.34376251697540283 0.22533200681209564 0.05785876512527466 0.06766101717948914
1 0.5207149982452393 0.5973280072212219 0.0677175521850586 0.0746760368347168
2 0.3395662307739258 0.5108950138092041 0.05827373266220093 0.08167803287506104
0 0.9899916052818298 0.9599310159683228 0.020016789436340332 0.06206703186035156
1 0.9904106259346008 0.9595649838447571 0.01917874813079834 0.061614036560058594
1 0.3704162538051605 0.6411370038986206 0.05484122037887573 0.04774200916290283
1 0.8552587032318115 0.012930000200867653 0.08416128158569336 0.025513000786304474
