2 0.30316126346588135 0.7397699952125549 0.06474626064300537 0.06939196586608887
2 0.7005687355995178 0.4295009970664978 0.08234620094299316 0.0865280032157898
1 0.959263801574707 0.3307119905948639 0.07008004188537598 0.07606500387191772
2 0.03755873441696167 0.5131499767303467 0.0584312379360199 0.05612501502037048
1 0.8846324682235718 0.2868790030479431 0.07773619890213013 0.08747798204421997
1 0.6184725165367126 0.6500089764595032 0.06853377819061279 0.06557595729827881
2 0.3190400004386902 0.8783910274505615 0.055530011653900146 0.05672597885131836
2 0.024223126471042633 0.36177200078964233 0.048446252942085266 0.0629580020904541
2 0.3524937629699707 0.8060389757156372 0.05252125859260559 0.05823695659637451
1 0.23839375376701355 0.5972909927368164 0.057887494564056396 0.0634690523147583
1 0.7501499652862549 0.19927099347114563 0.07826375961303711 0.08101600408554077
1 0.9947268962860107 0.3041520118713379 0.010546207427978516 0.08316999673843384
2 0.9119137525558472 0.48607900738716125 0.07805752754211426 0.07936698198318481
2 0.42329251766204834 0.6179260015487671 0.06581628322601318 0.07018804550170898
2 0.2125212550163269 0.6989499926567078 0.061908721923828125 0.06279802322387695
1 0.9230811595916748 0.6848999857902527 0.0655050277709961 0.06734204292297363
1 0.5743625164031982 0.592752993106842 0.07434999942779541 0.06958794593811035
2 0.4061962366104126 0.17396600544452667 0.06405249238014221 0.06988099217414856
1 0.4406599998474121 0.015705998986959457 0.08828997611999512 0.03141099959611893
2 0.13665997982025146 0.38910800218582153 0.055821239948272705 0.06930398941040039
2 0.7160824537277222 0.10202900320291519 0.07510876655578613 0.08450599014759064
2 0.38023751974105835 0.6658599972724915 0.06789124011993408 0.08319294452667236
2 0.33115875720977783 0.1016009971499443 0.06339502334594727 0.06352300941944122
2 0.1749812662601471 0.6501709818840027 0.07983750104904175 0.08016097545623779
1 0.7999537587165833 0.9053500294685364 0.05926251411437988 0.05894005298614502
2 0.18196874856948853 0.6427900195121765 0.07625997066497803 0.07142603397369385
2 0.8275375366210938 0.39093801379203796 0.074737548828125 0.07478100061416626
1 0.6746699810028076 0.2884109914302826 0.07517755031585693 0.08039999008178711
1 0.8230924606323242 0.6229649782180786 0.06702256202697754 0.07228195667266846
1 0.9713137745857239 0.5295389890670776 0.057372450828552246 0.07096898555755615
2 0.46695375442504883 0.6840760111808777 0.07544755935668945 0.07884705066680908
1 0.20879876613616943 0.5448669791221619 0.06400251388549805 0.061460018157958984
1 0.7624937295913696 0.6470990180969238 0.07623875141143799 0.08358001708984375
2 0.371391236782074 0.05306300148367882 0.065482497215271 0.07024700194597244
2 0.6742812395095825 0.2900960147380829 0.07114124298095703 0.0784040093421936
1 0.9043362140655518 0.6091700196266174 0.07922369241714478 0.07718396186828613
2 0.6584512591362 0.7317140102386475 0.08684873580932617 0.08044898509979248
1 0.46060502529144287 0.09363900125026703 0.06382250785827637 0.06783799082040787
1 0.6889075040817261 0.19694800674915314 0.07001376152038574 0.08034798502922058
2 0.04848375916481018 0.4599890112876892 0.052691251039505005 0.053848981857299805
1 0.7004862427711487 0.34894299507141113 0.06987500190734863 0.06557399034500122
1 0.7063912153244019 0.7363499999046326 0.04932999610900879 0.06620299816131592
1 0.8762800693511963 0.6746760010719299 0.05418872833251953 0.0647439956665039
2 0.3917900323867798 0.4219819903373718 0.07860374450683594 0.08207100629806519
1 0.6803961992263794 0.6700909733772278 0.05364120006561279 0.050012946128845215
1 0.6315125226974487 0.5364959836006165 0.06233870983123779 0.08112800121307373
2 0.7618700265884399 0.6478430032730103 0.07650375366210938 0.0820159912109375
1 0.3912374973297119 0.42261698842048645 0.07813751697540283 0.08309197425842285
1 0.05729249119758606 0.25366801023483276 0.060526251792907715 0.058987006545066833
2 0.2940099835395813 0.5849220156669617 0.05912250280380249 0.0611109733581543
2 0.05532124638557434 0.38902199268341064 0.04178375005722046 0.0461919903755188
2 0.9677543640136719 0.4076850116252899 0.06449127197265625 0.07989799976348877
1 0.9678499698638916 0.4080139994621277 0.0643000602722168 0.08111101388931274
2 0.09127625823020935 0.39153099060058594 0.04655376076698303 0.05435401201248169
2 0.016580000519752502 0.44178101420402527 0.033160001039505005 0.03750497102737427
1 0.3912400007247925 0.1154559999704361 0.06505873799324036 0.05641200393438339
2 0.4617375135421753 0.09349699318408966 0.06593120098114014 0.06725098937749863
2 0.3889937400817871 0.11535199731588364 0.06494498252868652 0.0575840026140213
1 0.4524725079536438 0.1845490038394928 0.05875873565673828 0.06667199730873108
1 0.2281862497329712 0.5054060220718384 0.061391234397888184 0.05606302618980408
2 0.9030275344848633 0.6091399788856506 0.08332628011703491 0.0798640251159668
1 0.6490949988365173 0.9778299927711487 0.043068766593933105 0.043884992599487305
2 0.03311249613761902 0.288675993680954 0.043967485427856445 0.044004976749420166
1 0.9118587970733643 0.48585599660873413 0.0769074559211731 0.08052897453308105
2 0.09493875503540039 0.3690670132637024 0.05352124571800232 0.04974299669265747
1 0.756953775882721 0.33038198947906494 0.05134999752044678 0.07039499282836914
1 0.8139937520027161 0.3208720088005066 0.0633687973022461 0.06413698196411133
2 0.6323624849319458 0.5364580154418945 0.058922529220581055 0.07889699935913086
1 0.47969377040863037 0.01613200083374977 0.04473245143890381 0.03134699910879135
1 0.38670504093170166 0.6651279926300049 0.07079002261161804 0.07479202747344971
2 0.6277750134468079 0.7254599928855896 0.04674124717712402 0.0777590274810791
1 0.511650025844574 0.9423859715461731 0.05463874340057373 0.04404902458190918
2 0.6293449997901917 0.2581019997596741 0.05655252933502197 0.06919300556182861
