2 0.4205150008201599 0.39510899782180786 0.08324873447418213 0.08716297149658203
2 0.6270700097084045 0.4590570032596588 0.07609879970550537 0.07799798250198364
2 0.9683988094329834 0.5677549839019775 0.0632023811340332 0.08065998554229736
2 0.012437500059604645 0.699753999710083 0.02487500011920929 0.07050395011901855
2 0.1720462441444397 0.6448889970779419 0.07568126916885376 0.07940804958343506
2 0.08961126208305359 0.6251819729804993 0.07693374156951904 0.08215606212615967
2 0.013179682195186615 0.8401209712028503 0.02635936439037323 0.059481024742126465
2 0.6923311948776245 0.38243401050567627 0.0742349624633789 0.08306002616882324
2 0.4729650020599365 0.6183369755744934 0.07798624038696289 0.08271706104278564
2 0.6121461987495422 0.5803099870681763 0.07804751396179199 0.07787096500396729
1 0.6813062429428101 0.30737999081611633 0.07401502132415771 0.07928800582885742
2 0.5483500361442566 0.360819011926651 0.07391750812530518 0.07534903287887573
1 0.6084962487220764 0.2597070038318634 0.0793999433517456 0.08680999279022217
2 0.2902262508869171 0.5528550148010254 0.07604873180389404 0.07199597358703613
2 0.13031625747680664 0.5750790238380432 0.06921875476837158 0.07132196426391602
2 0.03568124771118164 0.7664740085601807 0.055480003356933594 0.061630964279174805
1 0.4781774878501892 0.165474995970726 0.07395493984222412 0.07805401086807251
2 0.44812124967575073 0.06461600214242935 0.07402503490447998 0.08398699760437012
1 0.3996162414550781 0.25151699781417847 0.07223376631736755 0.07938700914382935
2 0.012340620160102844 0.5419800281524658 0.02468124032020569 0.06646203994750977
2 0.3740425109863281 0.7020390033721924 0.08013126254081726 0.08313095569610596
1 0.750971257686615 0.28442099690437317 0.07783997058868408 0.0800510048866272
1 0.3340800106525421 0.944366991519928 0.05290877819061279 0.051841020584106445
1 0.4219449758529663 0.3124710023403168 0.07223498821258545 0.0666080117225647
2 0.9894700050354004 0.5155190229415894 0.02105998992919922 0.0659250020980835
2 0.34858375787734985 0.5024679899215698 0.059267520904541016 0.07830402255058289
1 0.32691001892089844 0.6149219870567322 0.0732412338256836 0.06995594501495361
2 0.12421000003814697 0.12265300005674362 0.06437498331069946 0.06959299743175507
2 0.32718750834465027 0.6893510222434998 0.04972124099731445 0.07921898365020752
2 0.11014748364686966 0.37557199597358704 0.08286748826503754 0.08396100997924805
1 0.6230025291442871 0.6570900082588196 0.06386494636535645 0.0664900541305542
2 0.04679875075817108 0.04262399673461914 0.06987124681472778 0.06475099921226501
1 0.419768750667572 0.1619279980659485 0.06589877605438232 0.08266400545835495
2 0.1119612455368042 0.06103299930691719 0.06531751155853271 0.06008800119161606
1 0.10999125987291336 0.3765920102596283 0.0831025093793869 0.08524000644683838
2 0.3995025157928467 0.25254499912261963 0.07110121846199036 0.07876898348331451
2 0.17118874192237854 0.1347620040178299 0.054549992084503174 0.06770598888397217
2 0.5356824398040771 0.291034996509552 0.061501264572143555 0.06424897909164429
1 0.49439501762390137 0.87357497215271 0.059012532234191895 0.05845904350280762
1 0.5303162336349487 0.5928099751472473 0.06942379474639893 0.07815098762512207
2 0.4216962456703186 0.3109610080718994 0.07213747501373291 0.06997901201248169
1 0.9964456558227539 0.9532679915428162 0.0071086883544921875 0.05816197395324707
2 0.3568287491798401 0.21509400010108948 0.05886748433113098 0.06254100799560547
2 0.09266625344753265 0.015056999400258064 0.0779699981212616 0.03011300042271614
1 0.47679752111434937 0.29927700757980347 0.05166494846343994 0.07363098859786987
1 0.18257251381874084 0.04258999973535538 0.065559983253479 0.06715899705886841
2 0.003412500023841858 0.5915489792823792 0.006825000047683716 0.0525660514831543
2 0.13824373483657837 0.12767499685287476 0.08951999247074127 0.07097399234771729
