2 0.003851562738418579 0.46468299627304077 0.007703125476837158 0.09273198246955872
2 0.10193125903606415 0.4209989905357361 0.0866987407207489 0.08714097738265991
2 0.7188712358474731 0.5180850028991699 0.08045625686645508 0.08058297634124756
2 0.20136499404907227 0.5191299915313721 0.0855100154876709 0.088096022605896
2 0.26339998841285706 0.4374319911003113 0.08503252267837524 0.09112399816513062
2 0.6097012162208557 0.6038399934768677 0.08103501796722412 0.0903160572052002
2 0.7061700224876404 0.5895730257034302 0.08217251300811768 0.08074498176574707
1 0.025546252727508545 0.20253199338912964 0.05109250545501709 0.0874210000038147
2 0.7896937727928162 0.3264159858226776 0.07624626159667969 0.07621598243713379
2 0.8374737501144409 0.4109170138835907 0.0848436951637268 0.08705902099609375
2 0.9923152923583984 0.5314909815788269 0.015369415283203125 0.07119402289390564
2 0.20987749099731445 0.6403099894523621 0.08508121967315674 0.08494997024536133
1 0.16565999388694763 0.2991200089454651 0.08561748266220093 0.09395802021026611
2 0.04653126001358032 0.6921709775924683 0.08884251117706299 0.09174597263336182
1 0.23797625303268433 0.35496100783348083 0.08117252588272095 0.09036600589752197
2 0.0037174969911575317 0.36325401067733765 0.0074349939823150635 0.08203297853469849
2 0.7448049783706665 0.34186699986457825 0.05063629150390625 0.06949502229690552
2 0.7012762427330017 0.30674898624420166 0.08083629608154297 0.08380800485610962
2 0.6496949791908264 0.543474018573761 0.06625628471374512 0.07718896865844727
2 0.783887505531311 0.2777180075645447 0.07550621032714844 0.06831099092960358
2 0.09759251028299332 0.33159899711608887 0.06888501346111298 0.07567399740219116
1 0.3140462636947632 0.3288609981536865 0.0907825231552124 0.09341901540756226
2 0.0014809370040893555 0.09543099999427795 0.002961874008178711 0.0935019925236702
2 0.2598312497138977 0.6977199912071228 0.06794875860214233 0.06953096389770508
2 0.6824049949645996 0.3917289972305298 0.06173503398895264 0.06862998008728027
2 0.031949058175086975 0.3403190076351166 0.06389811635017395 0.08510398864746094
1 0.7250999808311462 0.9733970165252686 0.08333003520965576 0.053202033042907715
1 0.0019943788647651672 0.09628800302743912 0.0039887577295303345 0.09436000883579254
1 0.002642497420310974 0.3671790063381195 0.005284994840621948 0.07559597492218018
2 0.9833194017410278 0.3081760108470917 0.033361196517944336 0.07812398672103882
2 0.29706627130508423 0.5453640222549438 0.07325875759124756 0.07859396934509277
1 0.12153124064207077 0.6599429845809937 0.07858623564243317 0.08259999752044678
2 0.024886250495910645 0.20329199731349945 0.04977250099182129 0.08988898992538452
