2 0.8274099826812744 0.5364390015602112 0.11534494161605835 0.12000799179077148
2 0.011974066495895386 0.439859002828598 0.02394813299179077 0.10727298259735107
2 0.6187074780464172 0.387239009141922 0.11643874645233154 0.11601698398590088
2 0.13532376289367676 0.07586999982595444 0.12142501771450043 0.11573399603366852
2 0.7876625061035156 0.7525690197944641 0.10730504989624023 0.10321402549743652
2 0.9059487581253052 0.6573020219802856 0.1273137927055359 0.12607800960540771
2 0.2720724940299988 0.9165589809417725 0.11191624402999878 0.1066579818725586
2 0.7059424519538879 0.6154090166091919 0.10289502143859863 0.10961604118347168
2 0.6307387351989746 0.9001880288124084 0.11302626132965088 0.09763598442077637
2 0.38946622610092163 0.7804459929466248 0.1202850341796875 0.10944294929504395
2 0.6040837168693542 0.962805986404419 0.09481000900268555 0.07218003273010254
1 0.38667500019073486 0.7791879773139954 0.12000623345375061 0.11477804183959961
