2 0.313414990901947 0.3769110143184662 0.08400499820709229 0.08520001173019409
1 0.22024375200271606 0.5962989926338196 0.07533127069473267 0.07309997081756592
2 0.521611213684082 0.43960100412368774 0.07826995849609375 0.07998400926589966
2 0.8682537078857422 0.5468950271606445 0.07407122850418091 0.08015704154968262
2 0.06372751295566559 0.6277580261230469 0.0774487555027008 0.08274197578430176
2 0.5080387592315674 0.5615490078926086 0.07432126998901367 0.07891702651977539
2 0.5861849784851074 0.3654809892177582 0.0776662826538086 0.08546596765518188
1 0.5210949778556824 0.6366289854049683 0.06567621231079102 0.06489396095275879
2 0.01161561906337738 0.6080380082130432 0.02323123812675476 0.08889102935791016
2 0.4412987232208252 0.3433609902858734 0.07303619384765625 0.0768740177154541
2 0.02804812788963318 0.5585200190544128 0.05609625577926636 0.07160794734954834
1 0.5022437572479248 0.24030399322509766 0.07849252223968506 0.0915449857711792
2 0.02403905987739563 0.09906399995088577 0.04807811975479126 0.07205100357532501
2 0.9720059633255005 0.4670560359954834 0.05598807334899902 0.07304802536964417
2 0.9554499387741089 0.5310500264167786 0.07658743858337402 0.08390998840332031
2 0.9690024852752686 0.27223899960517883 0.06199502944946289 0.07457500696182251
1 0.6438400149345398 0.26429399847984314 0.07876622676849365 0.08092498779296875
2 0.3402262330055237 0.044854000210762024 0.0776437520980835 0.08474400639533997
2 0.015651248395442963 0.041113000363111496 0.031302496790885925 0.060409002006053925
2 0.18308749794960022 0.5367599725723267 0.0779075026512146 0.07633399963378906
1 0.42773497104644775 0.574059009552002 0.06629002094268799 0.07760298252105713
2 0.22231000661849976 0.6700469851493835 0.054007530212402344 0.07884800434112549
1 0.5775562524795532 0.28661200404167175 0.06917500495910645 0.077472984790802
1 0.38974249362945557 0.8554379940032959 0.05991747975349426 0.056532979011535645
2 0.2704724967479706 0.6834890246391296 0.08438748121261597 0.0842130184173584
2 0.07058998942375183 0.029004249721765518 0.07307124137878418 0.058008499443531036
1 0.3702987730503082 0.1482129991054535 0.078366219997406 0.07782599329948425
2 0.9043949842453003 0.49389299750328064 0.05811500549316406 0.06410998106002808
1 0.2771099805831909 0.9690549969673157 0.045523762702941895 0.04978597164154053
1 0.3105437755584717 0.1418749988079071 0.06934249401092529 0.08432799577713013
2 0.05970001220703125 0.11586300283670425 0.05757749080657959 0.06857399642467499
2 0.2932087779045105 0.2333800196647644 0.07534873485565186 0.08103801310062408
2 0.3667075037956238 0.5993340015411377 0.08023127913475037 0.08483397960662842
1 0.23307502269744873 0.9296600222587585 0.05081498622894287 0.04852795600891113
2 0.31322750449180603 0.29141101241111755 0.07435375452041626 0.07376402616500854
1 0.31429749727249146 0.29295098781585693 0.07347500324249268 0.06995201110839844
1 0.9179649353027344 0.9304360151290894 0.06183123588562012 0.06003904342651367
1 0.36775127053260803 0.5966349840164185 0.07902246713638306 0.08918297290802002
1 0.47739624977111816 0.6289539933204651 0.05302751064300537 0.06658804416656494
1 0.09784499555826187 0.4642600119113922 0.06491874158382416 0.06766700744628906
2 0.4292437434196472 0.2722890079021454 0.06302130222320557 0.06446899473667145
1 0.29346001148223877 0.23211200535297394 0.0750887393951416 0.07985100150108337
1 0.021457500755786896 0.35714098811149597 0.04291500151157379 0.0892990231513977
2 0.007464379072189331 0.40924298763275146 0.014928758144378662 0.0627639889717102
2 0.02136187255382538 0.3573249876499176 0.04272374510765076 0.08558100461959839
2 0.9927484393119812 0.30750900506973267 0.014503121376037598 0.06283903121948242
1 0.5748087167739868 0.48542600870132446 0.05949878692626953 0.07606497406959534
1 0.24168625473976135 0.4855319857597351 0.06353002786636353 0.08495903015136719
1 0.9834946990013123 0.9174039959907532 0.03301060199737549 0.06063199043273926
2 0.36981749534606934 0.14780299365520477 0.07612752914428711 0.07516799122095108
