2 0.6996662616729736 0.4548400044441223 0.08187127113342285 0.08612000942230225
2 0.9098474979400635 0.5062659978866577 0.0787000060081482 0.08090102672576904
2 0.3264849781990051 0.9019740223884583 0.054504990577697754 0.05706799030303955
1 0.9551012516021729 0.3524160087108612 0.07233619689941406 0.07827097177505493
2 0.4281424880027771 0.6428020000457764 0.0672374963760376 0.07016301155090332
1 0.8810887336730957 0.3094620108604431 0.07653254270553589 0.08708298206329346
2 0.31206998229026794 0.7655869722366333 0.06143498420715332 0.06935501098632812
2 0.7122437357902527 0.12703700363636017 0.07622754573822021 0.08171799778938293
1 0.9922634363174438 0.32633399963378906 0.015473127365112305 0.08083099126815796
2 0.2211262583732605 0.7250970005989075 0.05904501676559448 0.06088995933532715
1 0.6206387281417847 0.6731879711151123 0.06795501708984375 0.0712900161743164
2 0.9049186706542969 0.6292669773101807 0.07830119132995605 0.07972705364227295
2 0.4725637435913086 0.7076820135116577 0.07138752937316895 0.07524597644805908
2 0.04760374128818512 0.5437520146369934 0.0561237633228302 0.056596994400024414
2 0.02818000316619873 0.39141198992729187 0.05636000633239746 0.06144899129867554
2 0.17195874452590942 0.6888830065727234 0.054007530212402344 0.06383895874023438
2 0.19817373156547546 0.6679180264472961 0.059416234493255615 0.06531405448913574
1 0.21359625458717346 0.5723400115966797 0.05813497304916382 0.061285972595214844
1 0.7457887530326843 0.2237740010023117 0.07529747486114502 0.07859399914741516
1 0.8228274583816528 0.644307017326355 0.06588494777679443 0.07303404808044434
2 0.8244149684906006 0.4140230119228363 0.07322502136230469 0.07438302040100098
1 0.9264575242996216 0.7063530087471008 0.06424498558044434 0.06524395942687988
2 0.3596000075340271 0.8307240009307861 0.05163252353668213 0.0576169490814209
2 0.333213746547699 0.1315079927444458 0.06306123733520508 0.0628030002117157
2 0.3916662335395813 0.44691601395606995 0.07451748847961426 0.07931703329086304
2 0.9664881229400635 0.4295940101146698 0.06702375411987305 0.08220100402832031
2 0.3022787570953369 0.6104810237884521 0.0568925142288208 0.06251299381256104
2 0.40734875202178955 0.20206600427627563 0.06139373779296875 0.0678040087223053
1 0.4360687732696533 0.03147900104522705 0.07537627220153809 0.06295700371265411
2 0.3782837390899658 0.688273012638092 0.05901750922203064 0.07878196239471436
1 0.7124137282371521 0.7583159804344177 0.052097439765930176 0.0686349868774414
2 0.14439499378204346 0.41871199011802673 0.05675375461578369 0.06810396909713745
1 0.06842625141143799 0.28154900670051575 0.05526250600814819 0.05922502279281616
1 0.24524623155593872 0.6219980120658875 0.058321237564086914 0.06064403057098389
2 0.6602799892425537 0.7535539865493774 0.08835506439208984 0.08513104915618896
1 0.7654887437820435 0.6710360050201416 0.07362997531890869 0.08073794841766357
1 0.5752787590026855 0.6146469712257385 0.07468128204345703 0.07071399688720703
2 0.37285876274108887 0.08372499793767929 0.06353875994682312 0.06892000138759613
2 0.5752550363540649 0.6135269999504089 0.07452630996704102 0.07702100276947021
1 0.8063662052154541 0.927636981010437 0.05824124813079834 0.05826699733734131
2 0.46179497241973877 0.1225460022687912 0.06544256210327148 0.06796801090240479
1 0.9702777862548828 0.548134982585907 0.059444427490234375 0.07126998901367188
2 0.6992875337600708 0.3708609938621521 0.06927001476287842 0.06983697414398193
1 0.2292887568473816 0.531262993812561 0.060727477073669434 0.05095803737640381
2 0.7627962827682495 0.670756995677948 0.07454371452331543 0.08394503593444824
1 0.698553740978241 0.371506005525589 0.06603872776031494 0.06658297777175903
2 0.6322737336158752 0.5596370100975037 0.05679500102996826 0.07805895805358887
1 0.8809574842453003 0.69622802734375 0.05401498079299927 0.06597495079040527
1 0.6718275547027588 0.3134410083293915 0.07014501094818115 0.07808399200439453
1 0.4616650342941284 0.12236999720335007 0.06414997577667236 0.06880401074886322
1 0.39116376638412476 0.145346999168396 0.0665137767791748 0.057938992977142334
1 0.05941750109195709 0.4902309775352478 0.05289626121520996 0.05270299315452576
1 0.6831587553024292 0.6945509910583496 0.05681753158569336 0.053060054779052734
1 0.6623625159263611 0.9897639751434326 0.0638962984085083 0.020472049713134766
2 0.29493874311447144 0.6584510207176208 0.05062127113342285 0.05025899410247803
2 0.45315873622894287 0.21230599284172058 0.05142378807067871 0.06596100330352783
2 0.6872950196266174 0.22121798992156982 0.06912505626678467 0.07968698441982269
2 0.6720162630081177 0.31378600001335144 0.06830251216888428 0.07756102085113525
1 0.8113037347793579 0.3437489867210388 0.06412994861602783 0.06317901611328125
1 0.6611100435256958 0.7552499771118164 0.07643377780914307 0.08389401435852051
2 0.2893974781036377 0.160644993185997 0.04805499315261841 0.04500898718833923
1 0.6317287087440491 0.5612710118293762 0.06005251407623291 0.08006894588470459
2 0.00038499385118484497 0.48010098934173584 0.0007699877023696899 0.03711801767349243
2 0.6310300230979919 0.2840920090675354 0.0628662109375 0.06917399168014526
2 0.18557876348495483 0.6725050210952759 0.07749998569488525 0.0763169527053833
2 0.38822752237319946 0.6864550113677979 0.06270751357078552 0.07531595230102539
1 0.6879450082778931 0.22115999460220337 0.0708625316619873 0.07837800681591034
1 0.3746111989021301 0.08343499898910522 0.06659623980522156 0.0692020058631897
2 0.05879749357700348 0.49032101035118103 0.05217251181602478 0.05299001932144165
2 0.045399993658065796 0.32172998785972595 0.04189249873161316 0.04069000482559204
2 0.7561399936676025 0.3528270125389099 0.04824495315551758 0.07154500484466553
2 0.6337687969207764 0.7481560111045837 0.050362467765808105 0.08260798454284668
1 0.7546337246894836 0.3526110053062439 0.05020880699157715 0.07058000564575195
1 0.17877376079559326 0.5262510180473328 0.05744999647140503 0.0546259880065918
2 0.06594875454902649 0.4211049973964691 0.04259499907493591 0.04482299089431763
1 0.6282162070274353 0.282353013753891 0.05630624294281006 0.06676101684570312
2 0.3910762071609497 0.14517900347709656 0.06352996826171875 0.05550099164247513
2 0.24496248364448547 0.622052013874054 0.05883997678756714 0.05917394161224365
