2 0.16480624675750732 0.06408999860286713 0.06511998176574707 0.07308299839496613
2 0.5823987126350403 0.6282020211219788 0.08639752864837646 0.08787298202514648
2 0.7990311980247498 0.6777030229568481 0.08056998252868652 0.08313095569610596
2 0.2368374764919281 0.2171580046415329 0.0677187442779541 0.07423999905586243
2 0.2761100232601166 0.34897100925445557 0.06687623262405396 0.0755230188369751
2 0.5923612713813782 0.290571004152298 0.08076751232147217 0.08754301071166992
2 0.711438775062561 0.5862079858779907 0.07529628276824951 0.07574105262756348
2 0.05142250657081604 0.8375470042228699 0.08794623613357544 0.08531403541564941
2 0.9928296804428101 0.16941800713539124 0.014340639114379883 0.07719498872756958
1 0.7694162726402283 0.4748530089855194 0.07975625991821289 0.08779901266098022
2 0.3013250231742859 0.15944400429725647 0.07791376113891602 0.07767900824546814
1 0.8438699841499329 0.5285559892654419 0.07858502864837646 0.0807110071182251
2 0.18663248419761658 0.9074109792709351 0.06245124340057373 0.06869995594024658
1 0.9172899723052979 0.5030670166015625 0.08100008964538574 0.08293497562408447
2 0.5702987909317017 0.38152098655700684 0.07385122776031494 0.08023202419281006
2 0.30236750841140747 0.812578022480011 0.07262623310089111 0.08250999450683594
2 0.19631749391555786 0.26951101422309875 0.0666775107383728 0.07188600301742554
2 0.5824887156486511 0.5368120074272156 0.07498252391815186 0.07351899147033691
2 0.25760501623153687 0.28547200560569763 0.06436002254486084 0.0645800232887268
2 0.32343748211860657 0.3493260145187378 0.05302250385284424 0.06459599733352661
2 0.7945075035095215 0.792926013469696 0.08314752578735352 0.07665503025054932
1 0.35084250569343567 0.8736220002174377 0.07514125108718872 0.07841503620147705
2 0.14231500029563904 0.02105800062417984 0.04825873672962189 0.04211500287055969
2 0.5539950132369995 0.9280229806900024 0.07852625846862793 0.08173394203186035
1 0.5215499997138977 0.7466049790382385 0.05333876609802246 0.07656896114349365
2 0.33188000321388245 0.25392699241638184 0.0703049898147583 0.07517999410629272
2 0.8640275001525879 0.6003400087356567 0.07787126302719116 0.0845409631729126
1 0.5048699975013733 0.8446300029754639 0.06817746162414551 0.07206106185913086
1 0.7118687629699707 0.8111289739608765 0.06995499134063721 0.07706093788146973
2 0.6348350048065186 0.5102739930152893 0.061707496643066406 0.07250902056694031
2 0.6297462582588196 0.3904399871826172 0.07626497745513916 0.07948601245880127
2 0.5516300201416016 0.4817039966583252 0.07653498649597168 0.08169102668762207
2 0.6984387636184692 0.5059049725532532 0.06344878673553467 0.06842800974845886
2 0.2737849950790405 0.12760500609874725 0.054570019245147705 0.06008400768041611
2 0.1530437469482422 0.29259198904037476 0.053902506828308105 0.05697000026702881
2 0.04231375455856323 0.635138988494873 0.06034499406814575 0.05846905708312988
2 0.4558812379837036 0.801268994808197 0.07517874240875244 0.07905197143554688
2 0.0944487452507019 0.8681010007858276 0.058825016021728516 0.06405401229858398
1 0.6528962850570679 0.8457379937171936 0.07868373394012451 0.08405005931854248
1 0.11548375338315964 0.7868549823760986 0.06364251673221588 0.07169103622436523
2 0.26262375712394714 0.8886899948120117 0.08526122570037842 0.08358705043792725
2 0.26314249634742737 0.6438660025596619 0.08205872774124146 0.09085702896118164
2 0.17034125328063965 0.7705249786376953 0.06533372402191162 0.0716700553894043
1 0.8176000118255615 0.8522539734840393 0.06297755241394043 0.06120502948760986
2 0.24130001664161682 0.954846978187561 0.05414623022079468 0.05793201923370361
1 0.08007125556468964 0.730417013168335 0.06919625401496887 0.06771695613861084
2 0.5092074871063232 0.44595399498939514 0.06699621677398682 0.07849001884460449
2 0.014894060790538788 0.5547749996185303 0.029788121581077576 0.0784449577331543
1 0.5701475143432617 0.8417720198631287 0.05202627182006836 0.06050693988800049
1 0.4553775191307068 0.8019109964370728 0.07492005825042725 0.07380294799804688
2 0.4860362410545349 0.5708190202713013 0.055721282958984375 0.05693399906158447
1 0.583666205406189 0.5411990284919739 0.07479619979858398 0.07015395164489746
1 0.5064724683761597 0.4493130147457123 0.06741869449615479 0.07835501432418823
2 0.13550123572349548 0.10382500290870667 0.04420500993728638 0.04452100396156311
1 0.7962988018989563 0.7930099964141846 0.08000123500823975 0.07601296901702881
2 0.1147262454032898 0.7864189743995667 0.0640912652015686 0.07064104080200195
1 0.2631725072860718 0.8894400000572205 0.08457249402999878 0.08377504348754883
1 0.6295574903488159 0.38845399022102356 0.07743000984191895 0.08377301692962646
2 0.135756254196167 0.21882599592208862 0.04216374456882477 0.0483970046043396
1 0.5503687858581543 0.4811890125274658 0.07634246349334717 0.08172202110290527
2 0.6508399844169617 0.845553994178772 0.0789562463760376 0.0911940336227417
1 0.0954974815249443 0.6763560175895691 0.061599984765052795 0.05672597885131836
2 0.11168499290943146 0.3844299912452698 0.0506262481212616 0.05956900119781494
2 0.35137373208999634 0.8726639747619629 0.07567623257637024 0.07913994789123535
1 0.30300623178482056 0.8131930232048035 0.06928253173828125 0.07801902294158936
2 0.43897372484207153 0.4592689871788025 0.055818796157836914 0.06272101402282715
2 0.0700874924659729 0.17310799658298492 0.03998500108718872 0.0406700074672699
1 0.636584997177124 0.5128840208053589 0.05688369274139404 0.07236802577972412
2 0.01294437050819397 0.5541179776191711 0.02588874101638794 0.08297204971313477
2 0.6387787461280823 0.008590999990701675 0.09231376647949219 0.017181001603603363
1 0.7681100368499756 0.8344870209693909 0.0533750057220459 0.06934595108032227
1 0.04289624094963074 0.634706974029541 0.06024250388145447 0.05763900279998779
