2 0.5254049897193909 0.3074510097503662 0.0737612247467041 0.07547402381896973
1 0.05840998888015747 0.25798100233078003 0.0798025131225586 0.08042198419570923
2 0.20892876386642456 0.42763200402259827 0.07303500175476074 0.07740896940231323
1 0.19264626502990723 0.3052409887313843 0.06538623571395874 0.07254600524902344
1 0.1252637505531311 0.3171679973602295 0.0807800143957138 0.07880902290344238
2 0.45691877603530884 0.21644800901412964 0.07416248321533203 0.07679601013660431
2 0.26121997833251953 0.4568609893321991 0.06172752380371094 0.07005196809768677
2 0.8314337134361267 0.9372810125350952 0.05994749069213867 0.059854984283447266
1 0.20048874616622925 0.24197301268577576 0.0700874924659729 0.06217600405216217
1 0.8061062693595886 0.8267549872398376 0.05880880355834961 0.05373704433441162
1 0.8030962347984314 0.7765759825706482 0.0729912519454956 0.053598999977111816
2 0.0800049901008606 0.4620479941368103 0.07289749383926392 0.07627096772193909
2 0.0639449954032898 0.2119469940662384 0.0759199857711792 0.07106101512908936
1 0.510854959487915 0.7135180234909058 0.0629262924194336 0.05638301372528076
1 0.016186252236366272 0.49974000453948975 0.032372504472732544 0.06976699829101562
1 0.45817500352859497 0.21588200330734253 0.07415127754211426 0.07579201459884644
1 0.6065249443054199 0.7279000282287598 0.06269001960754395 0.06007397174835205
2 0.16607248783111572 0.3784480094909668 0.06660497188568115 0.06828397512435913
1 0.7826536893844604 0.9285110235214233 0.061147451400756836 0.0635000467300415
2 0.48423248529434204 0.13617399334907532 0.07570004463195801 0.07002800703048706
1 0.16627749800682068 0.37986698746681213 0.06521624326705933 0.06910198926925659
2 0.016382500529289246 0.5002530217170715 0.03276500105857849 0.0690310001373291
1 0.06623125076293945 0.21003499627113342 0.07964625954627991 0.06878000497817993
1 0.5520125031471252 0.7177839875221252 0.044113755226135254 0.05312001705169678
2 0.5651475191116333 0.7842779755592346 0.05767619609832764 0.061581969261169434
1 0.148389995098114 0.23588499426841736 0.05129374563694 0.06070399284362793
1 0.7846675515174866 0.7783960103988647 0.08903253078460693 0.05806899070739746
1 0.8138112425804138 0.775871992111206 0.04977869987487793 0.054128050804138184
