2 0.13321250677108765 0.18624000251293182 0.11292624473571777 0.10105699300765991
2 0.8788812160491943 0.07230599969625473 0.11360621452331543 0.11102600395679474
2 0.5481700301170349 0.6040269732475281 0.11146998405456543 0.10821497440338135
2 0.27136877179145813 0.17642399668693542 0.09687250852584839 0.0981680154800415
2 0.8573399782180786 0.640159010887146 0.106228768825531 0.09578597545623779
2 0.892683744430542 0.579941987991333 0.10415869951248169 0.08882701396942139
2 0.9578181505203247 0.3001289963722229 0.08436369895935059 0.10665298998355865
2 0.6599962115287781 0.47413501143455505 0.11380994319915771 0.10445600748062134
2 0.1663137674331665 0.12655700743198395 0.09450751543045044 0.08201799541711807
2 0.9809771776199341 0.9513400197029114 0.038045644760131836 0.09731900691986084
2 0.9928537607192993 0.42244499921798706 0.014292478561401367 0.12087398767471313
2 0.0005312487483024597 0.25095200538635254 0.0010624974966049194 0.09338800609111786
2 0.9946218729019165 0.4031510055065155 0.010756254196166992 0.08684200048446655
