2 0.9883722066879272 0.32370901107788086 0.023255586624145508 0.06396502256393433
2 0.8732236623764038 0.4970800280570984 0.04105871915817261 0.039639025926589966
2 0.8430324792861938 0.4031980037689209 0.03924870491027832 0.04102998971939087
2 0.8325150012969971 0.5602179765701294 0.03627371788024902 0.03636002540588379
2 0.6059937477111816 0.29126501083374023 0.035083770751953125 0.03143298625946045
2 0.9125999212265015 0.3521910011768341 0.03814244270324707 0.03837299346923828
2 0.9262675046920776 0.6664080023765564 0.03854990005493164 0.03955495357513428
2 0.5749050378799438 0.3741999864578247 0.0343012809753418 0.03140300512313843
2 0.5445512533187866 0.3992120027542114 0.028693795204162598 0.031215012073516846
2 0.45986872911453247 0.2543709874153137 0.03420126438140869 0.03275799751281738
2 0.2529112696647644 0.5153710246086121 0.03297001123428345 0.029245972633361816
2 0.5931925177574158 0.29235801100730896 0.03846120834350586 0.031126976013183594
2 0.2234475016593933 0.5223000049591064 0.031757473945617676 0.028525948524475098
2 0.26166248321533203 0.5599390268325806 0.02543872594833374 0.02689504623413086
2 0.5062400102615356 0.3503040075302124 0.029739975929260254 0.027921020984649658
1 0.9826481342315674 0.22675299644470215 0.034703731536865234 0.036184996366500854
2 0.8316274881362915 0.07266700267791748 0.033666253089904785 0.02930399775505066
