2 0.709331214427948 0.4488449990749359 0.07957124710083008 0.08223497867584229
2 0.33796748518943787 0.8994179964065552 0.055832505226135254 0.05717802047729492
2 0.31997251510620117 0.7608090043067932 0.06135749816894531 0.06736099720001221
2 0.7246749997138977 0.12160799652338028 0.07476377487182617 0.08271999657154083
2 0.9214999675750732 0.5031440258026123 0.07930374145507812 0.08052301406860352
1 0.8926500082015991 0.30422699451446533 0.07883375883102417 0.0890200138092041
1 0.2250799834728241 0.5685539841651917 0.06203871965408325 0.06168794631958008
1 0.9981169104576111 0.3213140070438385 0.003766179084777832 0.07953101396560669
2 0.03664250671863556 0.38773399591445923 0.06170374155044556 0.06211298704147339
1 0.9647203087806702 0.34696000814437866 0.07055938243865967 0.07690298557281494
2 0.4827237129211426 0.7039729952812195 0.07438254356384277 0.07858097553253174
2 0.8358399868011475 0.4088590145111084 0.07527494430541992 0.07309001684188843
2 0.43863749504089355 0.6399210095405579 0.06695497035980225 0.07231903076171875
1 0.6308612823486328 0.6688089966773987 0.06877124309539795 0.06891095638275146
2 0.4187150001525879 0.19794400036334991 0.0669562816619873 0.06832200288772583
2 0.915603756904602 0.6258959770202637 0.07776618003845215 0.07641100883483887
2 0.4727487564086914 0.1162939965724945 0.06493747234344482 0.0697219967842102
1 0.24011999368667603 0.5262510180473328 0.05868500471115112 0.052551984786987305
1 0.9356087446212769 0.7028430104255676 0.06156492233276367 0.06572902202606201
1 0.2558724880218506 0.6175810098648071 0.05581498146057129 0.06281495094299316
2 0.37077999114990234 0.8272929787635803 0.05092000961303711 0.05857396125793457
2 0.38289874792099 0.07819599658250809 0.06458628177642822 0.06998001039028168
2 0.38958126306533813 0.6849610209465027 0.05903124809265137 0.08099603652954102
2 0.6838587522506714 0.3103120028972626 0.0690774917602539 0.0748090147972107
2 0.15375125408172607 0.4149709939956665 0.05504250526428223 0.06589698791503906
2 0.9711287617683411 0.4253099858760834 0.05774247646331787 0.08295798301696777
2 0.34255251288414 0.1265220046043396 0.06222498416900635 0.06230100244283676
1 0.8905313014984131 0.69343101978302 0.0540887713432312 0.06644701957702637
2 0.6698399782180786 0.7497450113296509 0.08825123310089111 0.08336198329925537
1 0.9765509366989136 0.5460889935493469 0.04689812660217285 0.07283997535705566
1 0.6424550414085388 0.5572999715805054 0.06155753135681152 0.07934200763702393
2 0.7097212672233582 0.3664259910583496 0.07182121276855469 0.0705689787864685
2 0.6414987444877625 0.2780269980430603 0.06036245822906494 0.06656801700592041
2 0.3099324703216553 0.6067119836807251 0.05875122547149658 0.06317901611328125
1 0.8342399597167969 0.6406620144844055 0.0668712854385376 0.07495498657226562
2 0.05900000035762787 0.5398430228233337 0.05580750107765198 0.056481003761291504
2 0.7737475037574768 0.6685389876365662 0.07534253597259521 0.07839596271514893
1 0.6731013059616089 0.98819500207901 0.06249129772186279 0.02360999584197998
2 0.40227752923965454 0.44218000769615173 0.07346248626708984 0.07974100112915039
1 0.4471612572669983 0.028734000399708748 0.07405745983123779 0.057468000799417496
2 0.2056112289428711 0.6620979905128479 0.06691998243331909 0.06260097026824951
1 0.7582374811172485 0.22016799449920654 0.07327628135681152 0.07660101354122162
2 0.4020875096321106 0.1407500058412552 0.061846256256103516 0.059327997267246246
2 0.7000137567520142 0.2200550138950348 0.07090997695922852 0.08072800934314728
1 0.18869373202323914 0.5226609706878662 0.05667376518249512 0.055094003677368164
1 0.7223812937736511 0.7545890212059021 0.04745125770568848 0.06496894359588623
1 0.5851887464523315 0.6095709800720215 0.07231128215789795 0.07403600215911865
2 0.1808987557888031 0.6845139861106873 0.04766249656677246 0.06151700019836426
1 0.0777062475681305 0.2782129943370819 0.0496862530708313 0.056828007102012634
2 0.46388375759124756 0.2096009999513626 0.05173754692077637 0.06665298342704773
2 0.5846387147903442 0.6101409792900085 0.0716562271118164 0.07570898532867432
2 0.756378710269928 0.21942001581192017 0.07477378845214844 0.0768280178308487
2 0.23107624053955078 0.7210289835929871 0.05654877424240112 0.05889403820037842
2 0.06819373369216919 0.4845370054244995 0.05416375398635864 0.04887402057647705
2 0.8233525156974792 0.3410530090332031 0.06128120422363281 0.06131398677825928
2 0.18662750720977783 0.6788190007209778 0.05983877182006836 0.06403505802154541
2 0.05438500642776489 0.3164359927177429 0.04268500208854675 0.041287004947662354
2 0.6565749645233154 0.7454929947853088 0.07394373416900635 0.08445501327514648
2 0.7649787664413452 0.35033199191093445 0.050937533378601074 0.07097101211547852
2 0.07627876102924347 0.4161199927330017 0.04243499040603638 0.043700993061065674
1 0.8158625364303589 0.9228489995002747 0.06010746955871582 0.05576801300048828
1 0.7114825248718262 0.36796998977661133 0.07239377498626709 0.06684798002243042
1 0.674336314201355 0.7523040175437927 0.07670998573303223 0.07852602005004883
2 0.642472505569458 0.5565080046653748 0.057669997215270996 0.07735300064086914
1 0.7761074900627136 0.6653770208358765 0.07369124889373779 0.0812150239944458
1 0.2085075080394745 0.6608080267906189 0.059119999408721924 0.05965101718902588
1 0.6840749979019165 0.30941399931907654 0.07102751731872559 0.07830202579498291
2 0.004046879708766937 0.47502100467681885 0.008093759417533875 0.03510397672653198
1 0.7640737295150757 0.35051199793815613 0.052230000495910645 0.07139599323272705
1 0.06784623861312866 0.4858109951019287 0.05419498682022095 0.05143299698829651
2 0.19821500778198242 0.6696460247039795 0.07411748170852661 0.07483994960784912
