2 0.08393499255180359 0.3263149857521057 0.10497123003005981 0.10359197854995728
2 0.6654237508773804 0.25074198842048645 0.10958504676818848 0.09910298883914948
2 0.3909025192260742 0.9401299953460693 0.10361123085021973 0.10183203220367432
2 0.7823100090026855 0.43995898962020874 0.11281371116638184 0.10287898778915405
2 0.6074112057685852 0.12143199890851974 0.1076962947845459 0.10069899260997772
2 0.685748815536499 0.5884789824485779 0.10609126091003418 0.10895299911499023
2 0.5181162357330322 0.890516996383667 0.09862875938415527 0.10110104084014893
2 0.05289468914270401 0.1296350061893463 0.10578937828540802 0.11008799076080322
2 0.08953249454498291 0.6342229843139648 0.0864112377166748 0.08430004119873047
1 0.4162750244140625 0.8362320065498352 0.09589624404907227 0.0855870246887207
2 0.12165498733520508 0.22574099898338318 0.11218124628067017 0.09984798729419708
2 0.16184499859809875 0.41943100094795227 0.07348001003265381 0.07148599624633789
1 0.16750624775886536 0.159403994679451 0.10976123809814453 0.10889899730682373
2 0.15531125664710999 0.8133429884910583 0.09593124687671661 0.07922697067260742
2 0.41636747121810913 0.8369070291519165 0.09639251232147217 0.08971703052520752
1 0.20675376057624817 0.8330100178718567 0.049681246280670166 0.05500900745391846
1 0.15227875113487244 0.8181849718093872 0.0945025086402893 0.08347702026367188
