2 0.9258537292480469 0.422993004322052 0.0722663402557373 0.07577097415924072
2 0.5662862658500671 0.8859789967536926 0.06587874889373779 0.06843805313110352
2 0.4370650053024292 0.6130660176277161 0.040634989738464355 0.04196500778198242
2 0.3582836985588074 0.6443099975585938 0.04210624098777771 0.043370962142944336
2 0.9797137379646301 0.6554579734802246 0.040572524070739746 0.07640194892883301
2 0.8900938034057617 0.3781740069389343 0.055783748626708984 0.06116098165512085
2 0.5992175340652466 0.7507740259170532 0.061493754386901855 0.0703049898147583
2 0.5952074527740479 0.5111910104751587 0.040987491607666016 0.03848600387573242
2 0.9191474914550781 0.675661027431488 0.07019877433776855 0.07919597625732422
2 0.5875362753868103 0.47319498658180237 0.03846001625061035 0.039743006229400635
2 0.5633774995803833 0.5226370096206665 0.037621259689331055 0.038208961486816406
2 0.24854376912117004 0.7880859971046448 0.034036219120025635 0.0343780517578125
2 0.4219624996185303 0.8989179730415344 0.042212486267089844 0.04331505298614502
2 0.847923755645752 0.3459320068359375 0.043967485427856445 0.045363008975982666
2 0.8395050168037415 0.011040999554097652 0.03603005409240723 0.022081999108195305
2 0.6203862428665161 0.8749549984931946 0.04307126998901367 0.049726009368896484
2 0.38310372829437256 0.7518360018730164 0.041409969329833984 0.04169201850891113
2 0.2826412320137024 0.4252069890499115 0.03457123041152954 0.03291100263595581
2 0.5919625163078308 0.38822799921035767 0.04157745838165283 0.0418509840965271
1 0.720395028591156 0.9430580139160156 0.09178376197814941 0.08331000804901123
2 0.900323748588562 0.2824789881706238 0.0452725887298584 0.04805099964141846
2 0.8807849884033203 0.3198930025100708 0.049619972705841064 0.0481410026550293
2 0.06847375631332397 0.4879950284957886 0.036188751459121704 0.03375402092933655
0 0.040262505412101746 0.06935299932956696 0.03302249312400818 0.029197003692388535
2 0.028021246194839478 0.4957689940929413 0.03241124749183655 0.03348499536514282
2 0.1073324978351593 0.39468199014663696 0.032436251640319824 0.029618024826049805
2 0.03523249924182892 0.49624601006507874 0.036473751068115234 0.03354400396347046
0 0.08278624713420868 0.6373149752616882 0.030052512884140015 0.028717041015625
2 0.594944953918457 0.9834340214729309 0.05624997615814209 0.033131957054138184
1 0.8170812129974365 0.9892947673797607 0.06927752494812012 0.021410465240478516
2 0.9428975582122803 0.36667600274086 0.05833005905151367 0.05414098501205444
2 0.5230637192726135 0.45589300990104675 0.03753626346588135 0.03851199150085449
2 0.22469252347946167 0.6806939840316772 0.03172999620437622 0.034683942794799805
2 0.6015612483024597 0.9492319822311401 0.04497504234313965 0.04725301265716553
1 0.6917737722396851 0.9891420006752014 0.06254005432128906 0.021715998649597168
2 0.33345749974250793 0.8053179979324341 0.04042750597000122 0.04305899143218994
