2 0.7062637209892273 0.45068299770355225 0.08155369758605957 0.08301699161529541
2 0.32996252179145813 0.898701012134552 0.055209994316101074 0.058161020278930664
2 0.3149600028991699 0.7607290148735046 0.0644800066947937 0.06785202026367188
2 0.9161663055419922 0.504859983921051 0.07818007469177246 0.07777297496795654
2 0.7211400270462036 0.12418600171804428 0.07562375068664551 0.08420000970363617
1 0.6263737678527832 0.6702700257301331 0.06850755214691162 0.06890201568603516
2 0.8319687247276306 0.41122499108314514 0.07472503185272217 0.07395601272583008
2 0.4786837100982666 0.7038969993591309 0.07180130481719971 0.07476401329040527
1 0.21931874752044678 0.568556010723114 0.06068497896194458 0.06239604949951172
2 0.031441256403923035 0.3853690028190613 0.05752626061439514 0.05988401174545288
1 0.9616515636444092 0.35071301460266113 0.07669687271118164 0.08027201890945435
1 0.8893387317657471 0.30778899788856506 0.08037751913070679 0.08812600374221802
2 0.4688125252723694 0.11720599979162216 0.0651099681854248 0.0711749941110611
2 0.432919979095459 0.6376749873161316 0.0656362771987915 0.06700503826141357
2 0.9103587865829468 0.6279410123825073 0.07730245590209961 0.08095204830169678
1 0.9964718818664551 0.32503700256347656 0.007056236267089844 0.08134996891021729
2 0.41593247652053833 0.1998939961194992 0.0681837797164917 0.07150799036026001
1 0.9314262866973877 0.7052040100097656 0.06216883659362793 0.06576895713806152
2 0.9687706232070923 0.4280659854412079 0.06245875358581543 0.083437979221344
1 0.8265262246131897 0.6430720090866089 0.06836879253387451 0.07679200172424316
2 0.6797487735748291 0.31223800778388977 0.07052624225616455 0.07705497741699219
2 0.3852737545967102 0.6844339966773987 0.05973002314567566 0.07664895057678223
2 0.3993537425994873 0.4424850046634674 0.07382127642631531 0.07855302095413208
2 0.22582000494003296 0.7206090092658997 0.059668779373168945 0.06016194820404053
2 0.36300498247146606 0.8269860148429871 0.04972374439239502 0.056730031967163086
2 0.05085499584674835 0.5386589765548706 0.055821239948272705 0.05823695659637451
2 0.6956262588500977 0.21984601020812988 0.07475876808166504 0.08225400745868683
2 0.7062475085258484 0.36853501200675964 0.07070004940032959 0.07098597288131714
1 0.23503375053405762 0.5241219997406006 0.055665016174316406 0.049428969621658325
1 0.2501175105571747 0.6171789765357971 0.0546262264251709 0.06018805503845215
1 0.4435000419616699 0.029628999531269073 0.07483506202697754 0.05925799906253815
2 0.3046587407588959 0.6060929894447327 0.06006497144699097 0.06313204765319824
2 0.18782123923301697 0.6684529781341553 0.0766187310218811 0.07401299476623535
1 0.6394624710083008 0.5594339966773987 0.06070375442504883 0.0797649621963501
2 0.38036125898361206 0.07894899696111679 0.06455123424530029 0.0720369964838028
2 0.17814373970031738 0.6792500019073486 0.06043499708175659 0.06924700736999512
1 0.8859624862670898 0.6946009993553162 0.05711627006530762 0.06796801090240479
2 0.6384475231170654 0.278779000043869 0.060935020446777344 0.06507301330566406
1 0.6653037071228027 0.9883409738540649 0.058798789978027344 0.023318052291870117
2 0.2004675269126892 0.6608309745788574 0.06342625617980957 0.06392502784729004
1 0.580913782119751 0.6111689805984497 0.07334625720977783 0.07273495197296143
2 0.3408399820327759 0.1269879937171936 0.06160247325897217 0.062105000019073486
1 0.8091437220573425 0.9257299900054932 0.057070016860961914 0.05690205097198486
2 0.6605899333953857 0.7474340200424194 0.09397375583648682 0.08643996715545654
2 0.7676112055778503 0.6689220070838928 0.07781004905700684 0.08164095878601074
2 0.15037250518798828 0.41226300597190857 0.05516248941421509 0.06842899322509766
2 0.4605412483215332 0.20912900567054749 0.05071878433227539 0.06801700592041016
1 0.0706624984741211 0.27723899483680725 0.05524376034736633 0.054940998554229736
1 0.9745550155639648 0.5478529930114746 0.05088996887207031 0.07037198543548584
2 0.4006887674331665 0.1410990059375763 0.06483125686645508 0.0596889927983284
1 0.3989637494087219 0.14075399935245514 0.06280001997947693 0.05904900282621384
2 0.5815925002098083 0.6104720234870911 0.07125997543334961 0.0755009651184082
2 0.7538174986839294 0.22081899642944336 0.07461130619049072 0.0790410041809082
1 0.7556800246238708 0.22047200798988342 0.07307994365692139 0.07822300493717194
1 0.06259375810623169 0.484607994556427 0.05208873748779297 0.05367302894592285
2 0.6358237862586975 0.7439650297164917 0.04732251167297363 0.08119797706604004
1 0.7698937654495239 0.667385995388031 0.07264375686645508 0.08230102062225342
2 0.06269875168800354 0.48462098836898804 0.051813751459121704 0.0528559684753418
1 0.18121376633644104 0.5222809910774231 0.053257524967193604 0.054579973220825195
1 0.7160311937332153 0.7547659873962402 0.048842549324035645 0.06645894050598145
2 0.760777473449707 0.35114800930023193 0.053259968757629395 0.07051700353622437
1 0.6805824637413025 0.3115130066871643 0.07285630702972412 0.0781090259552002
2 0.8189150094985962 0.3433789908885956 0.06350505352020264 0.06379801034927368
1 0.04634624719619751 0.3154999911785126 0.03969874978065491 0.04164499044418335
1 0.7069849967956543 0.3717840015888214 0.07007873058319092 0.06595200300216675
2 0.06831999123096466 0.4152509868144989 0.04113999009132385 0.04765498638153076
2 0.6400712132453918 0.5583429932594299 0.057373762130737305 0.07920706272125244
2 0.04637375473976135 0.31516599655151367 0.04003626108169556 0.04068303108215332
1 0.5175812840461731 0.9630900025367737 0.04543495178222656 0.0428999662399292
1 0.2534099817276001 0.4850429892539978 0.041096270084381104 0.04656001925468445
2 0.027187496423721313 0.46939900517463684 0.03857624530792236 0.04058802127838135
1 0.6662412285804749 0.750357985496521 0.08301246166229248 0.08166897296905518
1 0.687248706817627 0.6923459768295288 0.05460500717163086 0.051506996154785156
