2 0.6990675330162048 0.6316019892692566 0.08263123035430908 0.08597004413604736
1 0.47495001554489136 0.8804590106010437 0.07070374488830566 0.07550299167633057
2 0.9084137678146362 0.6833360195159912 0.07614254951477051 0.07992100715637207
2 0.29840126633644104 0.1142520010471344 0.06180375814437866 0.06621599197387695
2 0.9059375524520874 0.7978010177612305 0.07873749732971191 0.08051097393035889
2 0.4061887264251709 0.376444011926651 0.0646049976348877 0.07038497924804688
2 0.706443727016449 0.3076469898223877 0.07456254959106445 0.08285897970199585
1 0.8774349689483643 0.48684996366500854 0.0773962140083313 0.08468899130821228
2 0.026837818324565887 0.548658013343811 0.053675636649131775 0.05851602554321289
1 0.9528287649154663 0.5328570008277893 0.07010626792907715 0.07734596729278564
2 0.8223674893379211 0.593940019607544 0.07308745384216309 0.07703697681427002
1 0.9902437329292297 0.507489025592804 0.019512534141540527 0.08005598187446594
2 0.0482650101184845 0.6971859931945801 0.05773875117301941 0.05794405937194824
1 0.6233024597167969 0.8461970090866089 0.06659495830535889 0.07010102272033691
2 0.6714312434196472 0.9305859804153442 0.07502877712249756 0.08001196384429932
1 0.39020001888275146 0.879967987537384 0.0773550271987915 0.0828700065612793
2 0.9658218622207642 0.6074380278587341 0.06835627555847168 0.08079993724822998
2 0.31585127115249634 0.925370991230011 0.06172502040863037 0.06592905521392822
2 0.1878737509250641 0.8459420204162598 0.07806497812271118 0.07804298400878906
1 0.2144862711429596 0.744268000125885 0.05878502130508423 0.06396102905273438
1 0.8257449865341187 0.8160439729690552 0.06814873218536377 0.07693099975585938
2 0.36724376678466797 0.25227099657058716 0.06499373912811279 0.0702509880065918
2 0.6982775330543518 0.5469779968261719 0.06878995895385742 0.07029199600219727
2 0.45572996139526367 0.2883470058441162 0.0631113052368164 0.06839698553085327
2 0.045103758573532104 0.4345870018005371 0.050607502460479736 0.04631197452545166
1 0.4301437735557556 0.8166630268096924 0.06671369075775146 0.0750279426574707
2 0.32644498348236084 0.3029949963092804 0.06089252233505249 0.06319397687911987
2 0.3865925073623657 0.31560900807380676 0.06316253542900085 0.060468971729278564
2 0.8107324838638306 0.5187579989433289 0.06428754329681396 0.06931602954864502
2 0.17825376987457275 0.8553060293197632 0.06260502338409424 0.07413804531097412
2 0.2807849943637848 0.07219900190830231 0.05148625373840332 0.05089300498366356
2 0.4291599988937378 0.8166999816894531 0.06820368766784668 0.075996994972229
2 0.6681936979293823 0.49388399720191956 0.06876122951507568 0.07388001680374146
1 0.7423137426376343 0.4039880037307739 0.07359504699707031 0.07629001140594482
1 0.7688500285148621 0.8465800285339355 0.07520246505737305 0.07895505428314209
1 0.6389025449752808 0.7414950132369995 0.05065000057220459 0.08106493949890137
1 0.3015049695968628 0.7822049856185913 0.05992627143859863 0.0667949914932251
2 0.7295512557029724 0.027067000046372414 0.11567747592926025 0.05413400009274483
1 0.6872137188911438 0.8564810156822205 0.05225872993469238 0.058361053466796875
1 0.2296162247657776 0.6956660151481628 0.05867624282836914 0.05390894412994385
2 0.6823512315750122 0.4023599922657013 0.06180751323699951 0.0761759877204895
1 0.5787338018417358 0.7987809777259827 0.07400250434875488 0.07467997074127197
2 0.14443626999855042 0.5823779702186584 0.05428874492645264 0.06542599201202393
2 0.39280998706817627 0.6397910118103027 0.07600247859954834 0.08011198043823242
2 0.4306337833404541 0.1973540037870407 0.07841002941131592 0.07472699880599976
2 0.22342747449874878 0.8872630000114441 0.054804980754852295 0.05880594253540039
2 0.7677375078201294 0.8446919918060303 0.0746999979019165 0.0807030200958252
2 0.6263812184333801 0.46055200695991516 0.06042623519897461 0.06919199228286743
1 0.24777501821517944 0.7971400022506714 0.05965125560760498 0.06308794021606445
1 0.667226254940033 0.4945780038833618 0.06886875629425049 0.07474997639656067
1 0.69770747423172 0.5509799718856812 0.06882870197296143 0.06619405746459961
2 0.0575374960899353 0.6484419703483582 0.05479499697685242 0.054293036460876465
2 0.7524887919425964 0.5277829766273499 0.05080246925354004 0.07337900996208191
1 0.4280962347984314 0.19597899913787842 0.07604122161865234 0.0787929892539978
2 0.4481624960899353 0.3780690133571625 0.0498812198638916 0.06495702266693115
1 0.9286712408065796 0.8659980297088623 0.0629887580871582 0.06351804733276367
2 0.06261248886585236 0.5330020189285278 0.04101875424385071 0.044096946716308594
1 0.9707325100898743 0.7155460119247437 0.058534979820251465 0.06978797912597656
2 0.5783087015151978 0.7987340092658997 0.07392871379852295 0.07650601863861084
2 0.12497249245643616 0.6819279789924622 0.03696000576019287 0.040148019790649414
2 0.40850502252578735 0.17430700361728668 0.06361377239227295 0.0679900050163269
2 0.2837262749671936 0.32739099860191345 0.05003875494003296 0.049440979957580566
1 0.3923349976539612 0.6384549736976624 0.07761374115943909 0.08234202861785889
1 0.6246062517166138 0.4610620141029358 0.058362483978271484 0.06847399473190308
2 0.050352513790130615 0.4424099922180176 0.0581049919128418 0.05686599016189575
2 0.8092074990272522 0.010263999924063683 0.06431376934051514 0.020527999848127365
2 0.6307075023651123 0.9105070233345032 0.0389399528503418 0.06305801868438721
2 0.03266875445842743 0.2588469982147217 0.031116247177124023 0.030349984765052795
1 0.1770625114440918 0.6746500134468079 0.05841624736785889 0.0598750114440918
2 0.0983324944972992 0.6613699793815613 0.04343876242637634 0.05371594429016113
2 0.2629750072956085 0.1903820037841797 0.03933626413345337 0.03916099667549133
