2 0.3980012536048889 0.5832930207252502 0.07881999015808105 0.08485603332519531
2 0.5776662826538086 0.6588659882545471 0.07790124416351318 0.07793796062469482
2 0.5364124774932861 0.7782359719276428 0.07641875743865967 0.07963705062866211
2 0.07476750016212463 0.28873100876808167 0.07888874411582947 0.07823300361633301
2 0.10150249302387238 0.5833050012588501 0.07340249419212341 0.08151102066040039
2 0.6519137620925903 0.5937460064888 0.07652127742767334 0.0789719820022583
2 0.9645237922668457 0.7136459946632385 0.0630338191986084 0.0716249942779541
2 0.05758875608444214 0.2172510027885437 0.0678737461566925 0.06823499500751495
2 0.09744125604629517 0.7977330088615417 0.08997124433517456 0.09350299835205078
2 0.4175962209701538 0.4933069944381714 0.07363247871398926 0.07883599400520325
2 0.25856247544288635 0.7983620166778564 0.08837252855300903 0.07664501667022705
2 0.03993874788284302 0.15150700509548187 0.07773500680923462 0.07694500684738159
2 0.14076250791549683 0.5406500101089478 0.08616375923156738 0.08843198418617249
2 0.014586873352527618 0.19346800446510315 0.029173746705055237 0.07243099808692932
2 0.8539212942123413 0.7811830043792725 0.064761221408844 0.07850801944732666
2 0.12127624452114105 0.20748500525951385 0.06931373476982117 0.07402899861335754
2 0.2763124704360962 0.7313399910926819 0.07915496826171875 0.07435202598571777
2 0.04886125028133392 0.7533640265464783 0.07299873232841492 0.08414602279663086
2 0.42060625553131104 0.8097190260887146 0.06627249717712402 0.06866300106048584
2 0.9258188009262085 0.778901994228363 0.06077384948730469 0.06426095962524414
2 0.4014500379562378 0.35385799407958984 0.06395876407623291 0.08301198482513428
2 0.19091251492500305 0.8778529763221741 0.07663249969482422 0.08337700366973877
1 0.7199212312698364 0.5020480155944824 0.078643798828125 0.07832098007202148
1 0.6527512669563293 0.5169749855995178 0.06841754913330078 0.07075798511505127
2 0.45323503017425537 0.26452499628067017 0.07996499538421631 0.08051998913288116
2 0.11897625774145126 0.10897299647331238 0.07553751766681671 0.0734809935092926
1 0.5703712701797485 0.4663439989089966 0.0899512767791748 0.08513200283050537
2 0.5184799432754517 0.5577509999275208 0.0685187578201294 0.06543397903442383
2 0.46421003341674805 0.3663620054721832 0.07168126106262207 0.0739169716835022
2 0.30501997470855713 0.8877180218696594 0.07482373714447021 0.08022105693817139
1 0.19052252173423767 0.8772619962692261 0.08059626817703247 0.085440993309021
2 0.48664623498916626 0.4912329912185669 0.06061375141143799 0.0629349946975708
1 0.25055500864982605 0.892570972442627 0.058656275272369385 0.07232701778411865
1 0.3048137426376343 0.88817298412323 0.0766262412071228 0.07967996597290039
1 0.45622003078460693 0.26345500349998474 0.08042621612548828 0.0805559903383255
2 0.06803874671459198 0.08233600109815598 0.061411261558532715 0.06807400286197662
