1 0.6260312795639038 0.6486819982528687 0.06866371631622314 0.06674802303314209
2 0.3129187524318695 0.74031001329422 0.06479376554489136 0.06954801082611084
2 0.7060275077819824 0.4278610050678253 0.08342504501342773 0.08584600687026978
1 0.963897168636322 0.3268339931964874 0.07220566272735596 0.07709997892379761
1 0.8907961845397949 0.2838340103626251 0.081540048122406 0.0854179859161377
2 0.028007499873638153 0.36184999346733093 0.056014999747276306 0.06342899799346924
2 0.32676374912261963 0.8770779967308044 0.05583000183105469 0.05712604522705078
2 0.22206875681877136 0.6987500190734863 0.059057533740997314 0.061576008796691895
1 0.9324462413787842 0.6821060180664062 0.06236886978149414 0.06636297702789307
2 0.47811877727508545 0.6837530136108398 0.07449877262115479 0.07750594615936279
2 0.04773248732089996 0.5145620107650757 0.058943748474121094 0.05856099724769592
1 0.9981159567832947 0.30147698521614075 0.0037680864334106445 0.08107602596282959
1 0.6795674562454224 0.2862969934940338 0.07313752174377441 0.07887899875640869
2 0.19767749309539795 0.639178991317749 0.06488126516342163 0.06479203701019287
2 0.3890037536621094 0.6650729775428772 0.07243373990058899 0.081307053565979
2 0.36007124185562134 0.8059189915657043 0.051830023527145386 0.05937397480010986
1 0.7564874887466431 0.1949719935655594 0.07368874549865723 0.07863101363182068
2 0.6615375280380249 0.7309479713439941 0.09298872947692871 0.08665204048156738
2 0.918276309967041 0.4832899570465088 0.07887125015258789 0.08005699515342712
2 0.7219924926757812 0.09882699698209763 0.07281124591827393 0.08216200768947601
2 0.17236626148223877 0.6592580080032349 0.05711627006530762 0.06688797473907471
1 0.8286849856376648 0.620760977268219 0.06814754009246826 0.07617294788360596
1 0.7701724767684937 0.6461589932441711 0.0736762285232544 0.07975304126739502
2 0.414196252822876 0.1756889969110489 0.06635499000549316 0.07101300358772278
2 0.3971725106239319 0.4208439886569977 0.07532623410224915 0.07933002710342407
2 0.43029123544692993 0.6163730025291443 0.0636436939239502 0.0667799711227417
1 0.5800924897193909 0.5899069905281067 0.07105505466461182 0.07200098037719727
1 0.3787999749183655 0.051732998341321945 0.06413626670837402 0.06647399812936783
1 0.9111287593841553 0.6051049828529358 0.0795750617980957 0.07989394664764404
2 0.3024674952030182 0.5839759707450867 0.059702515602111816 0.06034696102142334
1 0.7073950171470642 0.34784600138664246 0.06970870494842529 0.06342297792434692
1 0.3979625105857849 0.11488699913024902 0.06589996814727783 0.05773499608039856
1 0.44761621952056885 0.015797000378370285 0.09078001976013184 0.03159400075674057
2 0.05714625120162964 0.46179500222206116 0.05526125431060791 0.05506598949432373
1 0.6388112306594849 0.5350130200386047 0.05892372131347656 0.08099901676177979
2 0.466363787651062 0.09310899674892426 0.06517505645751953 0.06843200325965881
1 0.21483376622200012 0.5445709824562073 0.059828758239746094 0.06361603736877441
2 0.8338350057601929 0.38826099038124084 0.07240128517150879 0.07414299249649048
2 0.1446787714958191 0.38806501030921936 0.05475999414920807 0.06953799724578857
1 0.819733738899231 0.31881600618362427 0.06478750705718994 0.06436097621917725
1 0.23077374696731567 0.5039259791374207 0.05912375450134277 0.0520709753036499
1 0.6972074508666992 0.19394899904727936 0.06805622577667236 0.08098700642585754
1 0.7163100242614746 0.7360590100288391 0.04963994026184082 0.06771302223205566
1 0.06743000447750092 0.25109100341796875 0.05848625302314758 0.057412996888160706
1 0.9745296239852905 0.5255740284919739 0.050940752029418945 0.07269001007080078
1 0.809288740158081 0.9043750166893005 0.05913376808166504 0.05704796314239502
1 0.24630123376846313 0.596472978591919 0.057092487812042236 0.061177968978881836
1 0.7610450387001038 0.32759401202201843 0.0550537109375 0.06854599714279175
1 0.3372437357902527 0.10231199860572815 0.06402122974395752 0.06517399102449417
1 0.5194987654685974 0.9417189955711365 0.05633246898651123 0.04563701152801514
2 0.3373487591743469 0.10157900303602219 0.0638124942779541 0.064845010638237
2 0.9710106253623962 0.40493398904800415 0.05797874927520752 0.08159202337265015
1 0.8854774236679077 0.6728649735450745 0.053816258907318115 0.06698596477508545
2 0.1875537633895874 0.643559992313385 0.07964998483657837 0.0741720199584961
1 0.6869724988937378 0.6680759787559509 0.05339252948760986 0.05091094970703125
2 0.024587512016296387 0.444148987531662 0.04220500588417053 0.03938102722167969
2 0.9108737707138062 0.6059889793395996 0.07884246110916138 0.07970702648162842
1 0.4578237533569336 0.18317900598049164 0.054795026779174805 0.06589701771736145
2 0.6791224479675293 0.28660300374031067 0.0698775053024292 0.0761060118675232
2 0.06502625346183777 0.3896839916706085 0.0423087477684021 0.04799699783325195
1 0.659637451171875 0.9763910174369812 0.04613626003265381 0.044689059257507324
2 0.24737125635147095 0.5963919758796692 0.057913780212402344 0.06351804733276367
2 0.6341249942779541 0.7225639820098877 0.04726254940032959 0.08129703998565674
2 0.04395750164985657 0.2913219928741455 0.04341000318527222 0.04287499189376831
1 0.46512001752853394 0.09252800047397614 0.06463873386383057 0.06865400075912476
2 0.293007493019104 0.6300089955329895 0.05424875020980835 0.053804993629455566
1 0.3972712755203247 0.42106500267982483 0.07644376158714294 0.07985597848892212
2 0.457916259765625 0.1831589937210083 0.054026246070861816 0.06653100252151489
1 0.6361662149429321 0.2548620104789734 0.05858874320983887 0.06452201306819916
2 0.24969500303268433 0.4599669873714447 0.040880024433135986 0.0483819842338562
