2 0.09164625406265259 0.4423460066318512 0.1193000078201294 0.11321401596069336
2 0.23325753211975098 0.4017150104045868 0.10939371585845947 0.10737502574920654
2 0.8664124608039856 0.9505599737167358 0.10732877254486084 0.09888005256652832
2 0.5317937135696411 0.8873239755630493 0.11247622966766357 0.11131501197814941
2 0.8930100202560425 0.355446994304657 0.11766505241394043 0.1149669885635376
2 0.4080749750137329 0.047269999980926514 0.11874127388000488 0.09453999996185303
2 0.8951349258422852 0.87465500831604 0.11745744943618774 0.10100901126861572
2 0.9631693363189697 0.5915830135345459 0.07366132736206055 0.10838794708251953
2 0.6502337455749512 0.752144992351532 0.11819875240325928 0.11072194576263428
2 0.11991749703884125 0.3492560088634491 0.10553374886512756 0.10008198022842407
1 0.6486749649047852 0.7511249780654907 0.11747503280639648 0.11134898662567139
