2 0.5745824575424194 0.7876330018043518 0.10023629665374756 0.10107505321502686
2 0.2292337417602539 0.2385530024766922 0.06524747610092163 0.0689069926738739
2 0.8214675188064575 0.24668699502944946 0.07720625400543213 0.07696801424026489
2 0.6326925158500671 0.9617469906806946 0.09538745880126953 0.07650494575500488
1 0.6997936964035034 0.8167970180511475 0.1010512113571167 0.09687495231628418
2 0.6442137360572815 0.8777790069580078 0.10992002487182617 0.09083294868469238
2 0.7069087028503418 0.04015500098466873 0.07242250442504883 0.06383000314235687
1 0.7080787420272827 0.04022800177335739 0.07088255882263184 0.06504599750041962
2 0.7796587347984314 0.012494999915361404 0.07444751262664795 0.024424999952316284
2 0.21138998866081238 0.11789199709892273 0.06169372797012329 0.05901700258255005
2 0.01577875018119812 0.1449970006942749 0.03155750036239624 0.049897998571395874
