2 0.4155612587928772 0.6126700043678284 0.08514750003814697 0.088858962059021
2 0.6293975114822388 0.6620929837226868 0.07643246650695801 0.08162498474121094
2 0.6254174709320068 0.7775200009346008 0.07844626903533936 0.07677996158599854
2 0.4228125214576721 0.2734439969062805 0.08012998104095459 0.08774298429489136
2 0.9819303154945374 0.747734010219574 0.03613936901092529 0.08188199996948242
2 0.10554000735282898 0.3323630094528198 0.06780248880386353 0.07446897029876709
2 0.3837699890136719 0.915028989315033 0.0794299840927124 0.08319902420043945
1 0.6746699810028076 0.5126280188560486 0.07358372211456299 0.07824897766113281
2 0.029595941305160522 0.2522589862346649 0.059191882610321045 0.07147498428821564
2 0.0675325095653534 0.1987680047750473 0.0689462423324585 0.07330000400543213
1 0.461006224155426 0.3735570013523102 0.07502996921539307 0.07861202955245972
2 0.014451563358306885 0.041301000863313675 0.02890312671661377 0.07322400063276291
2 0.16220125555992126 0.23654299974441528 0.07144498825073242 0.07733799517154694
1 0.6008987426757812 0.46083301305770874 0.07696247100830078 0.08754098415374756
2 0.48357874155044556 0.8289160132408142 0.07655251026153564 0.08039700984954834
2 0.5445837378501892 0.5703799724578857 0.07512128353118896 0.07931196689605713
1 0.18446499109268188 0.861611008644104 0.07436501979827881 0.07765305042266846
2 0.6936712861061096 0.5871379971504211 0.07718002796173096 0.08170497417449951
2 0.8598275184631348 0.1576240062713623 0.07964754104614258 0.07447099685668945
1 0.7458462715148926 0.4877690076828003 0.0798337459564209 0.08177998661994934
2 0.130628764629364 0.14076900482177734 0.08285748958587646 0.07900398969650269
2 0.15403375029563904 0.3263840079307556 0.04900002479553223 0.05747699737548828
1 0.09115251153707504 0.8776800036430359 0.08286125957965851 0.08488595485687256
2 0.10483750700950623 0.10777600109577179 0.06421500444412231 0.06973099708557129
2 0.08781000971794128 0.2666989862918854 0.06626999378204346 0.06295299530029297
1 0.3833425045013428 0.4678199887275696 0.07184001803398132 0.0777900218963623
2 0.02285875380039215 0.8986690044403076 0.0457175076007843 0.0668710470199585
2 0.1331312656402588 0.7991210222244263 0.07181000709533691 0.07705497741699219
1 0.08936875313520432 0.6281880140304565 0.0842912346124649 0.0890580415725708
1 0.3372425138950348 0.8320109844207764 0.06816375255584717 0.06867802143096924
1 0.3517637252807617 0.7312899827957153 0.05433127284049988 0.07697498798370361
1 0.1330987513065338 0.7998359799385071 0.0705912709236145 0.07855403423309326
1 0.41315627098083496 0.523697018623352 0.0728600025177002 0.06699299812316895
2 0.07333749532699585 0.9460279941558838 0.05399125814437866 0.0581059455871582
2 0.0035393759608268738 0.27524998784065247 0.0070787519216537476 0.05638200044631958
2 0.3997275233268738 0.3682520091533661 0.06793248653411865 0.0811079740524292
2 0.4132687449455261 0.5214909911155701 0.07148873805999756 0.07045301795005798
1 0.28609248995780945 0.7887870073318481 0.07838624715805054 0.07236099243164062
2 0.34118375182151794 0.42813199758529663 0.061436235904693604 0.07124602794647217
1 0.46939873695373535 0.49803298711776733 0.05699753761291504 0.07587501406669617
1 0.5313987731933594 0.4898509979248047 0.06660997867584229 0.06954097747802734
1 0.015207186341285706 0.7620880007743835 0.03041437268257141 0.07752704620361328
2 0.5309575200080872 0.48956799507141113 0.06758379936218262 0.06844198703765869
2 0.33754003047943115 0.8322139978408813 0.06667375564575195 0.06588494777679443
2 0.014855310320854187 0.7641220092773438 0.029710620641708374 0.08180201053619385
1 0.5446025133132935 0.795153021812439 0.0715937614440918 0.07715702056884766
1 0.39868998527526855 0.3700079917907715 0.06702876091003418 0.07661998271942139
1 0.6490099430084229 0.8369749784469604 0.06317126750946045 0.06257104873657227
2 0.4684849977493286 0.496878981590271 0.059074997901916504 0.074552983045578
1 0.3396012485027313 0.4299499988555908 0.06099247932434082 0.0709649920463562
