2 0.42953622341156006 0.378710001707077 0.08518505096435547 0.08694297075271606
1 0.33796876668930054 0.600517988204956 0.07081127166748047 0.06655704975128174
2 0.019686557352542877 0.8241000175476074 0.039373114705085754 0.05879104137420654
2 0.9756331443786621 0.5488920211791992 0.04873371124267578 0.08271598815917969
2 0.01941843330860138 0.6846519708633423 0.03883686661720276 0.07155299186706543
2 0.6386987566947937 0.4404140114784241 0.07941997051239014 0.08196401596069336
2 0.7035137414932251 0.3642440140247345 0.0780949592590332 0.08586001396179199
2 0.5595200061798096 0.34287500381469727 0.07432126998901367 0.07562398910522461
2 0.1811862587928772 0.6292129755020142 0.07670128345489502 0.08223402500152588
2 0.6256762742996216 0.5634139776229858 0.07784748077392578 0.07828295230865479
1 0.6197337508201599 0.24006900191307068 0.07762002944946289 0.0908690094947815
2 0.1390712559223175 0.5599449872970581 0.06794500350952148 0.07045602798461914
2 0.13277125358581543 0.10289999842643738 0.06846249103546143 0.07182800769805908
1 0.6901049613952637 0.2859390079975128 0.07600629329681396 0.08040700852870941
2 0.11636624485254288 0.04272399842739105 0.06772749125957489 0.06209799647331238
1 0.7628699541091919 0.26398199796676636 0.0781550407409668 0.08054500818252563
2 0.09668873995542526 0.6074640154838562 0.07551874220371246 0.08446800708770752
1 0.6377612352371216 0.6409599781036377 0.06303000450134277 0.06456804275512695
2 0.048423752188682556 0.7513629794120789 0.054011255502700806 0.06003105640411377
2 0.117032490670681 0.35848501324653625 0.08288998901844025 0.08192098140716553
2 0.4574662446975708 0.04243699833750725 0.07933878898620605 0.08487299829721451
2 0.05569000542163849 0.029194999486207962 0.07125374674797058 0.058389000594615936
2 0.48524749279022217 0.5992209911346436 0.07758378982543945 0.082427978515625
2 0.1911349892616272 0.02898924984037876 0.06944376230239868 0.05797849968075752
1 0.34880000352859497 0.9299280047416687 0.05075502395629883 0.049906015396118164
2 0.3850862979888916 0.6835029721260071 0.07582497596740723 0.07946503162384033
1 0.48805248737335205 0.14638100564479828 0.07793128490447998 0.08143899589776993
2 0.40714752674102783 0.23375199735164642 0.07142877578735352 0.0783109962940216
1 0.4305887222290039 0.2950440049171448 0.07128870487213135 0.0718269944190979
2 0.3378725051879883 0.6726300120353699 0.04899877309799194 0.07526803016662598
2 0.997872531414032 0.4951789975166321 0.004254937171936035 0.06510600447654724
2 0.17788374423980713 0.11638399958610535 0.0596737265586853 0.07015299797058105
2 0.016888752579689026 0.5254449844360352 0.03377750515937805 0.06491100788116455
1 0.42605626583099365 0.14078199863433838 0.07179379463195801 0.08542900532484055
1 0.5069650411605835 0.8567439913749695 0.06168246269226074 0.05650794506072998
1 0.4070625305175781 0.23247499763965607 0.07630252838134766 0.08087798953056335
2 0.2993912696838379 0.537542998790741 0.07505625486373901 0.07518601417541504
1 0.2983187437057495 0.5373650193214417 0.0777437686920166 0.07255303859710693
2 0.3626762628555298 0.1980459988117218 0.05756625533103943 0.0696759819984436
1 0.6951000094413757 0.48639601469039917 0.06099748611450195 0.07346999645233154
2 0.5460249781608582 0.27145200967788696 0.06392621994018555 0.06400901079177856
1 0.5431112051010132 0.5759450197219849 0.0646287202835083 0.07580900192260742
2 0.4311450123786926 0.2931959927082062 0.07346248626708984 0.07182002067565918
1 0.3893674612045288 0.9683200120925903 0.042600005865097046 0.050238966941833496
1 0.592231273651123 0.6265580058097839 0.05519998073577881 0.06299102306365967
1 0.20646250247955322 0.8909239768981934 0.04958623647689819 0.048333048820495605
2 0.4879762530326843 0.2782660126686096 0.04842245578765869 0.0727270096540451
2 0.10425001382827759 0.41321900486946106 0.06452500820159912 0.06020200252532959
2 0.012500621378421783 0.5729460120201111 0.025001242756843567 0.0576779842376709
