2 0.7023512721061707 0.4434019923210144 0.08223378658294678 0.08660399913787842
2 0.30872124433517456 0.757207989692688 0.06363499164581299 0.06836199760437012
2 0.9139575958251953 0.4996510148048401 0.0762948989868164 0.07987499237060547
1 0.9587612152099609 0.3445819914340973 0.07053136825561523 0.07909202575683594
2 0.32479625940322876 0.8954480290412903 0.05383497476577759 0.056884050369262695
1 0.6219425201416016 0.6646929979324341 0.06673872470855713 0.06654906272888184
1 0.994640052318573 0.31817999482154846 0.010719895362854004 0.08144700527191162
1 0.9281375408172607 0.6990839838981628 0.06447625160217285 0.06681203842163086
1 0.8855550289154053 0.3022780120372772 0.07890874147415161 0.0896260142326355
2 0.395330011844635 0.4379749894142151 0.07561001181602478 0.08131802082061768
2 0.35753998160362244 0.823436975479126 0.052038729190826416 0.05687403678894043
2 0.4118112325668335 0.19240699708461761 0.06653618812561035 0.06977200508117676
2 0.828923761844635 0.4054810106754303 0.07336747646331787 0.07523298263549805
2 0.7168737649917603 0.11642999947071075 0.07789754867553711 0.08441200852394104
2 0.9071037769317627 0.6233800053596497 0.07769370079040527 0.08012104034423828
2 0.6767112016677856 0.30609598755836487 0.07067251205444336 0.07506000995635986
2 0.33468377590179443 0.12071999907493591 0.06284624338150024 0.06261399388313293
2 0.028039373457431793 0.38170701265335083 0.056078746914863586 0.06294798851013184
2 0.38242125511169434 0.6801519989967346 0.06412246823310852 0.08205795288085938
1 0.7110287547111511 0.751882016658783 0.048917531967163086 0.06632494926452637
2 0.428505003452301 0.6332359910011292 0.06235373020172119 0.06967794895172119
2 0.46438121795654297 0.11191099882125854 0.06399500370025635 0.06942901015281677
2 0.7037137746810913 0.3611370027065277 0.0723799467086792 0.07188200950622559
2 0.3774225115776062 0.07207600027322769 0.06526625156402588 0.07052300870418549
2 0.19464749097824097 0.6566870212554932 0.06486248970031738 0.06504297256469727
2 0.4738125205039978 0.6993489861488342 0.07362246513366699 0.07643997669219971
1 0.8248912692070007 0.6364240050315857 0.06551754474639893 0.07531201839447021
2 0.043468743562698364 0.533715009689331 0.05595874786376953 0.05775296688079834
2 0.30112123489379883 0.601061999797821 0.06001502275466919 0.060955047607421875
2 0.6917537450790405 0.21340301632881165 0.07341253757476807 0.08128900825977325
2 0.21969002485275269 0.7164700031280518 0.05691123008728027 0.06097400188446045
1 0.6610137224197388 0.9871569871902466 0.061653733253479004 0.025686025619506836
1 0.7673699855804443 0.6614019870758057 0.07518506050109863 0.08369600772857666
1 0.43953877687454224 0.024879250675439835 0.07602369785308838 0.04975850135087967
1 0.7520299553871155 0.21477599442005157 0.07811999320983887 0.08025601506233215
2 0.1704462468624115 0.6770089864730835 0.052951276302337646 0.06611096858978271
2 0.6336086988449097 0.27375999093055725 0.06033122539520264 0.06793200969696045
2 0.39549750089645386 0.1336739957332611 0.06271752715110779 0.05993500351905823
1 0.06307625770568848 0.27398499846458435 0.051614999771118164 0.0585629940032959
2 0.14228248596191406 0.4103350043296814 0.05550123751163483 0.06390297412872314
2 0.816138744354248 0.33604899048805237 0.06519746780395508 0.06487298011779785
2 0.968268096446991 0.4207310080528259 0.06346380710601807 0.08083701133728027
1 0.8807649612426758 0.6861749887466431 0.05148369073867798 0.0663299560546875
1 0.3951312303543091 0.13432000577449799 0.06393501162528992 0.06111200898885727
2 0.4576200246810913 0.20227600634098053 0.054981231689453125 0.0657849907875061
1 0.972000002861023 0.5434489846229553 0.0559999942779541 0.07103204727172852
2 0.6602662205696106 0.7462760210037231 0.08458244800567627 0.08257901668548584
2 0.5781262516975403 0.6047629714012146 0.07437252998352051 0.07283294200897217
1 0.21259623765945435 0.5606880187988281 0.060267508029937744 0.06098496913909912
1 0.8056725263595581 0.9194089770317078 0.059163808822631836 0.057270050048828125
1 0.6364699602127075 0.5509920120239258 0.06002378463745117 0.07971203327178955
1 0.47542500495910645 0.7007650136947632 0.07312369346618652 0.0759960412979126
2 0.2903600037097931 0.14918400347232819 0.04549872875213623 0.04433798789978027
2 0.04199625551700592 0.3124310076236725 0.04627123475074768 0.04226398468017578
1 0.5779950022697449 0.6052420139312744 0.0720975399017334 0.07347798347473145
2 0.7658862471580505 0.6624259948730469 0.07708501815795898 0.08276796340942383
1 0.22952499985694885 0.5211549997329712 0.05758875608444214 0.04799601435661316
2 0.05581125617027283 0.4803919792175293 0.0542525053024292 0.05014798045158386
1 0.6645262241363525 0.7465389966964722 0.07600748538970947 0.07844805717468262
1 0.6840587854385376 0.6845999956130981 0.05524754524230957 0.05347001552581787
1 0.24551498889923096 0.6121169924736023 0.05634748935699463 0.059301018714904785
2 0.7580425143241882 0.3451240062713623 0.052077531814575195 0.06923598051071167
2 0.6362336874008179 0.5514450073242188 0.05911123752593994 0.0789710283279419
2 0.06242749094963074 0.41253700852394104 0.04383501410484314 0.0446699857711792
2 0.6277837157249451 0.7362009882926941 0.03682374954223633 0.07625102996826172
1 0.04137998819351196 0.3131990134716034 0.044346243143081665 0.04227501153945923
1 0.056383758783340454 0.4798620045185089 0.05540749430656433 0.05339699983596802
1 0.17492499947547913 0.5180010199546814 0.05663877725601196 0.05799698829650879
1 0.33599498867988586 0.12206500768661499 0.061906278133392334 0.06254500895738602
