2 0.9308229684829712 0.46468299627304077 0.07397100329399109 0.09273199737071991
2 0.8184549808502197 0.4209989905357361 0.06935899704694748 0.0871409997344017
2 0.3249030113220215 0.5180850028991699 0.06436499953269958 0.08058299869298935
2 0.7389079928398132 0.5191299915313721 0.06840799748897552 0.0880960002541542
2 0.6892800331115723 0.4374319911003113 0.06802599877119064 0.09112399816513062
2 0.4122390151023865 0.6038399934768677 0.06482800096273422 0.09031599760055542
2 0.33506399393081665 0.5895730257034302 0.0657379999756813 0.08074499666690826
1 0.8932849764823914 0.20253199338912964 0.06831800192594528 0.0874210000038147
2 0.26824498176574707 0.3264159858226776 0.06099700182676315 0.07621599733829498
2 0.9419779777526855 0.7890719771385193 0.06985700130462646 0.08851700276136398
2 0.23002099990844727 0.4109170138835907 0.06787499785423279 0.08705899864435196
2 0.08458298444747925 0.5314909815788269 0.055424999445676804 0.07119400054216385
2 0.7320979833602905 0.6403099894523621 0.06806500256061554 0.08495000004768372
1 0.7674720287322998 0.2991200089454651 0.06849399954080582 0.09395799785852432
2 0.8627749681472778 0.6921709775924683 0.0710740014910698 0.0917460024356842
1 0.7096189856529236 0.35496100783348083 0.0649380013346672 0.09036599844694138
1 0.9426000118255615 0.19119100272655487 0.052354998886585236 0.08411300182342529
2 0.9269800186157227 0.36325401067733765 0.06585600227117538 0.08203300088644028
2 0.30415600538253784 0.34186699986457825 0.040509000420570374 0.06949499994516373
2 0.33897900581359863 0.30674898624420166 0.06466899812221527 0.08380799740552902
2 0.38024401664733887 0.543474018573761 0.053004998713731766 0.07718899846076965
2 0.27288997173309326 0.2777180075645447 0.060405001044273376 0.06831099838018417
2 0.9770690202713013 0.7001829743385315 0.045862000435590744 0.07657299935817719
2 0.8219259977340698 0.33159899711608887 0.055107999593019485 0.07567399740219116
1 0.6487630009651184 0.3288609981536865 0.07262600213289261 0.09341900050640106
2 0.98198401927948 0.5900369882583618 0.03603300079703331 0.09905499964952469
2 0.9336810111999512 0.09543099999427795 0.07210099697113037 0.0935019999742508
2 0.6921349763870239 0.6977199912071228 0.05435900017619133 0.06953100115060806
2 0.9616810083389282 0.30650201439857483 0.06331600248813629 0.08847600221633911
2 0.3540760278701782 0.3917289972305298 0.04938799887895584 0.06863000243902206
1 0.9612560272216797 0.30658599734306335 0.06311099976301193 0.08642400056123734
2 0.8755469918251038 0.3403190076351166 0.05333099886775017 0.08510400354862213
1 0.31992000341415405 0.9733970165252686 0.06666400283575058 0.05320199951529503
1 0.9337509870529175 0.09628800302743912 0.07388400286436081 0.09436000138521194
1 0.9267899990081787 0.3671790063381195 0.062036000192165375 0.07559599727392197
2 0.09429198503494263 0.3081760108470917 0.06479399651288986 0.07812400162220001
2 0.9930520057678223 0.40968000888824463 0.012349000200629234 0.07196400314569473
2 0.6623469591140747 0.5453640222549438 0.05860700085759163 0.07859399914741516
1 0.8027750253677368 0.6599429845809937 0.06286899745464325 0.08259999752044678
2 0.8944339752197266 0.20329199731349945 0.06850399821996689 0.08988899737596512
