2 0.09380000829696655 0.32370901107788086 0.049609001725912094 0.06396500021219254
2 0.07446199655532837 0.4832479953765869 0.04778699949383736 0.060538001358509064
2 0.02289402484893799 0.6413170099258423 0.035447001457214355 0.04678900167346001
2 0.20142102241516113 0.497079998254776 0.032846998423337936 0.03963899984955788
2 0.06484901905059814 0.42081499099731445 0.04277700185775757 0.05066300183534622
2 0.22557401657104492 0.4031980037689209 0.03139900043606758 0.041030000895261765
2 0.01551198959350586 0.5714430212974548 0.031024999916553497 0.04706199839711189
2 0.03467601537704468 0.4430829882621765 0.034731000661849976 0.04943900182843208
2 0.2339879870414734 0.5602179765701294 0.029019000008702278 0.0363599993288517
2 0.4152050018310547 0.29126501083374023 0.028067000210285187 0.03143300116062164
2 0.16992002725601196 0.3521910011768341 0.030513999983668327 0.03837300091981888
2 0.15898597240447998 0.6664080023765564 0.03084000013768673 0.03955499827861786
2 0.44007599353790283 0.3741999864578247 0.027441000565886497 0.03140300139784813
1 0.07500898838043213 0.21992699801921844 0.0491890013217926 0.060332998633384705
2 0.46435898542404175 0.3992120027542114 0.022955000400543213 0.03121500089764595
2 0.5321049690246582 0.2543709874153137 0.027360999956727028 0.03275800123810768
2 0.013162970542907715 0.7752199769020081 0.026325000450015068 0.036719001829624176
2 0.6976709961891174 0.5153710246086121 0.02637599967420101 0.029246000573039055
2 0.009790003299713135 0.29552099108695984 0.019579000771045685 0.06182299926877022
2 0.4254459738731384 0.29235801100730896 0.030768999829888344 0.031127000227570534
2 0.7212420105934143 0.5223000049591064 0.025405999273061752 0.028526000678539276
2 0.6906700134277344 0.5599390268325806 0.020351000130176544 0.02689499966800213
2 0.4950079917907715 0.3503040075302124 0.023792000487446785 0.027921000495553017
1 0.11236000061035156 0.22675299644470215 0.030805999413132668 0.03618500009179115
2 0.23469799757003784 0.07266700267791748 0.02693299949169159 0.02930399961769581
