2 0.7316269874572754 0.34546101093292236 0.09618400037288666 0.11490000039339066
2 0.9522240161895752 0.5876889824867249 0.08315099775791168 0.09842000156641006
2 0.7827199697494507 0.23428300023078918 0.08782900124788284 0.11201199889183044
2 0.9312160015106201 0.08360899984836578 0.08952599763870239 0.11236199736595154
2 0.8762109875679016 0.31433600187301636 0.08078200370073318 0.10599599778652191
0 0.2913320064544678 0.023587999865412712 0.094541996717453 0.047175001353025436
2 0.6650199890136719 0.939860999584198 0.11961700022220612 0.11645399779081345
0 0.432636022567749 0.9643740057945251 0.10987599939107895 0.07096800208091736
0 0.47247397899627686 0.06238299980759621 0.07681600004434586 0.12476599961519241
2 0.9674670100212097 0.6488720178604126 0.06443899869918823 0.09917400032281876
2 0.8612319827079773 0.9632430076599121 0.11047899723052979 0.07009600102901459
2 0.8224530220031738 0.42549198865890503 0.0851610004901886 0.07679499685764313
2 0.8411290049552917 0.8010240197181702 0.06243300065398216 0.1039540022611618
