2 0.3407459855079651 0.6316019892692566 0.06610500067472458 0.08596999943256378
1 0.5200400352478027 0.8804590106010437 0.05656300112605095 0.07550299912691116
2 0.17326897382736206 0.6833360195159912 0.06091399863362312 0.07992099970579147
2 0.6612789630889893 0.1142520010471344 0.04944299906492233 0.06621599942445755
2 0.17524999380111694 0.7978010177612305 0.06299000233411789 0.08051099628210068
2 0.5750490427017212 0.376444011926651 0.051683999598026276 0.07038500159978867
2 0.33484500646591187 0.3076469898223877 0.0596500001847744 0.08285900205373764
1 0.19805198907852173 0.48684999346733093 0.06191699951887131 0.08468899875879288
2 0.8798239827156067 0.548658013343811 0.04552900046110153 0.0585159994661808
1 0.137736976146698 0.5328570008277893 0.056085001677274704 0.07734599709510803
2 0.24210602045059204 0.593940019607544 0.058469999581575394 0.07703699916601181
1 0.08372801542282104 0.507489025592804 0.06376399844884872 0.08005599677562714
2 0.8613879680633545 0.6971859931945801 0.04619099944829941 0.05794399976730347
1 0.4013580083847046 0.8461970090866089 0.053275998681783676 0.07010100036859512
2 0.3628550171852112 0.9305859804153442 0.060022998601198196 0.0800120010972023
1 0.5878399610519409 0.879967987537384 0.06188400089740753 0.0828699991106987
2 0.12401199340820312 0.6074380278587341 0.06134599819779396 0.08079999685287476
2 0.647318959236145 0.925370991230011 0.04938000068068504 0.06592900305986404
2 0.7497010231018066 0.8459420204162598 0.06245199963450432 0.07804299890995026
1 0.7284109592437744 0.744268000125885 0.04702800139784813 0.06396099925041199
1 0.23940402269363403 0.8160439729690552 0.05451900139451027 0.07693099975585938
2 0.6062049865722656 0.25227099657058716 0.05199500173330307 0.07025100290775299
2 0.34137797355651855 0.5469779968261719 0.055031999945640564 0.07029200345277786
2 0.5354160070419312 0.2883470058441162 0.05048900097608566 0.06839700043201447
2 0.8639169931411743 0.4345870018005371 0.04048600047826767 0.04631200060248375
1 0.5558849573135376 0.8166630268096924 0.05337100103497505 0.07502800226211548
2 0.6388440132141113 0.3029949963092804 0.04871400073170662 0.06319399923086166
2 0.5907260179519653 0.31560900807380676 0.050530001521110535 0.06046900153160095
2 0.2514140009880066 0.5187579989433289 0.051430001854896545 0.06931599974632263
2 0.7573969960212708 0.8553060293197632 0.05008399859070778 0.07413800060749054
2 0.6753720045089722 0.07219900190830231 0.04118900001049042 0.05089300125837326
2 0.5566719770431519 0.8166999816894531 0.0545630007982254 0.0759970024228096
2 0.36544501781463623 0.49388399720191956 0.05500900000333786 0.07388000190258026
1 0.3061490058898926 0.4039880037307739 0.058876000344753265 0.07628999650478363
1 0.28491997718811035 0.8465800285339355 0.060162000358104706 0.07895500212907791
1 0.3888779878616333 0.7414950132369995 0.04052000120282173 0.08106499910354614
1 0.6587960124015808 0.7822049856185913 0.047940999269485474 0.0667949989438057
2 0.3163589835166931 0.027067000046372414 0.09254200011491776 0.05413400009274483
1 0.35022902488708496 0.8564810156822205 0.04180699959397316 0.0583610013127327
1 0.7163070440292358 0.6956660151481628 0.04694100096821785 0.053909000009298325
2 0.3541190028190613 0.4023599922657013 0.04944600164890289 0.0761760026216507
1 0.4370129704475403 0.7987809777259827 0.05920200049877167 0.07468000054359436
2 0.7844510078430176 0.5823779702186584 0.04343099892139435 0.06542599946260452
2 0.585752010345459 0.6397910118103027 0.060802001506090164 0.08011200278997421
2 0.5554929971694946 0.1973540037870407 0.06272800266742706 0.07472699880599976
2 0.7212580442428589 0.8872630000114441 0.04384399950504303 0.05880599841475487
2 0.2858099937438965 0.8446919918060303 0.05976000055670738 0.0807029977440834
2 0.3988950252532959 0.46055200695991516 0.04834099858999252 0.06919199973344803
1 0.7017799615859985 0.7971400022506714 0.04772099852561951 0.06308799982070923
2 0.9813380241394043 0.00885200034826994 0.034981999546289444 0.01683099940419197
1 0.3662189841270447 0.4945780038833618 0.05509499832987785 0.07474999874830246
1 0.34183400869369507 0.5509799718856812 0.055063001811504364 0.06619399785995483
2 0.8539699912071228 0.6484419703483582 0.04383600130677223 0.05429299920797348
2 0.2980089783668518 0.5277829766273499 0.04064200073480606 0.07337900251150131
1 0.5575230121612549 0.19597899913787842 0.060832999646663666 0.0787929967045784
2 0.5414699912071228 0.3780690133571625 0.03990500047802925 0.06495700031518936
1 0.15706300735473633 0.8659980297088623 0.050390999764204025 0.06351800262928009
2 0.9462090134620667 0.4808880090713501 0.028390999883413315 0.03787900134921074
2 0.9891700148582458 0.030991999432444572 0.02166000008583069 0.033201999962329865
2 0.8499100208282471 0.5330020189285278 0.03281499817967415 0.04409699887037277
1 0.12076401710510254 0.7155460119247437 0.05212799832224846 0.06978800147771835
2 0.4373530149459839 0.7987340092658997 0.05914299935102463 0.07650599628686905
2 0.8000220060348511 0.6819279789924622 0.02956799976527691 0.04014800116419792
2 0.5731959939002991 0.17430700361728668 0.050891000777482986 0.06798999756574631
2 0.6730189919471741 0.32739099860191345 0.04003100097179413 0.04944099858403206
1 0.5861319899559021 0.6384549736976624 0.062091000378131866 0.0823419988155365
1 0.40031498670578003 0.4610620141029358 0.04668999835848808 0.06847400218248367
2 0.8597179651260376 0.4424099922180176 0.046484000980854034 0.05686600133776665
2 0.9178550243377686 0.5840380191802979 0.026794999837875366 0.03779499977827072
2 0.012609004974365234 0.19465400278568268 0.02521900087594986 0.0667480006814003
2 0.2526339888572693 0.010263999924063683 0.051451001316308975 0.020527999848127365
2 0.39543402194976807 0.9105070233345032 0.03115200065076351 0.06305799633264542
2 0.873865008354187 0.2588469982147217 0.024893000721931458 0.03034999966621399
1 0.7583500146865845 0.6746500134468079 0.04673299938440323 0.0598750002682209
2 0.8213340044021606 0.6613699793815613 0.03475100174546242 0.05371600016951561
2 0.6896200180053711 0.1903820037841797 0.03146899864077568 0.03916100040078163
