2 0.3369569778442383 0.444364994764328 0.06477899849414825 0.08632799983024597
2 0.6517319679260254 0.7576810121536255 0.05051200091838837 0.06754700094461441
2 0.16847199201583862 0.500573992729187 0.06104699894785881 0.07895799726247787
1 0.13222801685333252 0.3459239900112152 0.05907199904322624 0.08096799999475479
1 0.40129202604293823 0.6652899980545044 0.05395999923348427 0.06597399711608887
2 0.6391029953956604 0.8949379920959473 0.043852999806404114 0.05713199824094772
1 0.0754389762878418 0.31915798783302307 0.06299500167369843 0.08078999817371368
1 0.19035202264785767 0.30321699380874634 0.06351999938488007 0.09013800323009491
2 0.5693719983100891 0.1926790028810501 0.05352799966931343 0.06746300309896469
2 0.23555099964141846 0.4060930013656616 0.059393998235464096 0.07428000122308731
2 0.1736609935760498 0.6242619752883911 0.06212899833917618 0.07929900288581848
1 0.15703701972961426 0.7000499963760376 0.051913000643253326 0.06673400104045868
2 0.32530301809310913 0.11728999763727188 0.06185299903154373 0.08433700352907181
2 0.8785309791564941 0.382097989320755 0.047579001635313034 0.062160998582839966
2 0.5270519852638245 0.11304499953985214 0.0512240007519722 0.0698309987783432
2 0.5826660394668579 0.43801799416542053 0.0601079985499382 0.08050599694252014
2 0.6307100057601929 0.12178199738264084 0.05047599971294403 0.062073998153209686
2 0.5941259860992432 0.681361973285675 0.048650000244379044 0.08152300119400024
2 0.3582559823989868 0.30728399753570557 0.057075999677181244 0.07743299752473831
2 0.5557600259780884 0.633948028087616 0.05001299828290939 0.06892400234937668
2 0.5967769622802734 0.07273499667644501 0.05236700177192688 0.0706230029463768
1 0.32978999614715576 0.7528039813041687 0.03926999866962433 0.0674239993095398
2 0.7424379587173462 0.6566749811172485 0.05013800039887428 0.06487300246953964
2 0.8637049794197083 0.5332289934158325 0.044909000396728516 0.05649099871516228
2 0.5196269750595093 0.700007975101471 0.059151001274585724 0.07614299654960632
2 0.33597201108932495 0.36371999979019165 0.05693800002336502 0.06880799680948257
2 0.6134539842605591 0.824284017086029 0.04143400117754936 0.056363001465797424
2 0.7636039853096008 0.678276002407074 0.040438998490571976 0.06372000277042389
2 0.5819729566574097 0.13457100093364716 0.050508998334407806 0.059829000383615494
1 0.3705139756202698 0.9870870113372803 0.05121399834752083 0.025824999436736107
1 0.2393360137939453 0.6376259922981262 0.052014000713825226 0.07564900070428848
2 0.34564799070358276 0.214710995554924 0.058747999370098114 0.08213400095701218
2 0.6584110260009766 0.6012589931488037 0.0487079992890358 0.0609389990568161
1 0.5471949577331543 0.0252470001578331 0.06041799858212471 0.05049299821257591
1 0.2960209846496582 0.2163040041923523 0.0621660016477108 0.08011099696159363
2 0.3912240266799927 0.275191992521286 0.04903800040483475 0.0694660022854805
2 0.5335559844970703 0.20295999944210052 0.04443100094795227 0.0652569979429245
1 0.28527897596359253 0.661994993686676 0.0607139989733696 0.08424600213766098
1 0.11799901723861694 0.5434690117835999 0.051534999161958694 0.07195000350475311
1 0.5822910070419312 0.13506099581718445 0.05104900151491165 0.06137000024318695
1 0.389693021774292 0.5516449809074402 0.046936001628637314 0.07911700010299683
2 0.24600297212600708 0.3371039927005768 0.05216100066900253 0.06520199775695801
2 0.7230820059776306 0.717091977596283 0.04595499858260155 0.06019200012087822
2 0.1191750168800354 0.4221160113811493 0.06069000065326691 0.0796160027384758
1 0.4365190267562866 0.6056410074234009 0.05733500048518181 0.07385899871587753
1 0.19487297534942627 0.6878319978713989 0.040713001042604446 0.06809800118207932
1 0.715330958366394 0.5216779708862305 0.0462770015001297 0.046939000487327576
1 0.7289719581604004 0.5615460276603699 0.047481998801231384 0.06116800010204315
1 0.8473010063171387 0.27405500411987305 0.043292999267578125 0.05748499929904938
2 0.3719499707221985 0.7470250129699707 0.07106199860572815 0.08252199739217758
1 0.36776202917099 0.7470250129699707 0.061751000583171844 0.0799660012125969
1 0.25465601682662964 0.9204189777374268 0.04663199931383133 0.05688999965786934
2 0.4364609718322754 0.6056479811668396 0.06096699833869934 0.07209499925374985
2 0.7851669788360596 0.41105198860168457 0.043827999383211136 0.06404899805784225
2 0.8539649844169617 0.4810659885406494 0.04271300137042999 0.050769999623298645
1 0.7026230096817017 0.6132069826126099 0.044576000422239304 0.060127999633550644
1 0.7586970329284668 0.5190650224685669 0.04477100074291229 0.056984998285770416
2 0.8662070035934448 0.31278398633003235 0.034779999405145645 0.041951000690460205
2 0.28640997409820557 0.6639509797096252 0.06208600103855133 0.08260100334882736
2 0.8491569757461548 0.41231900453567505 0.034669000655412674 0.045635998249053955
2 0.6664029955863953 0.1502310037612915 0.035339999943971634 0.04377700015902519
1 0.8661500215530396 0.3133609890937805 0.03474399819970131 0.04258999973535538
2 0.7487289905548096 0.6618630290031433 0.06025300174951553 0.07321900129318237
1 0.35196197032928467 0.685808002948761 0.044404998421669006 0.053141999989748
2 0.2935029864311218 0.34672999382019043 0.04221399873495102 0.06987699866294861
2 0.3964329957962036 0.7372559905052185 0.02946699969470501 0.0758650004863739
2 0.38978999853134155 0.5521129965782166 0.046254999935626984 0.07740200310945511
1 0.594514012336731 0.07307499647140503 0.05393100157380104 0.07206200063228607
2 0.919251024723053 0.4708639979362488 0.02894899994134903 0.03567200154066086
2 0.8805450201034546 0.4648300111293793 0.032923001796007156 0.03919399902224541
1 0.8533750176429749 0.4803520143032074 0.043515000492334366 0.05375400185585022
