2 0.4853789806365967 0.9519649744033813 0.030540000647306442 0.034279000014066696
2 0.5109419822692871 0.9499890208244324 0.029055999591946602 0.033038001507520676
2 0.081728994846344 0.4649760127067566 0.024880999699234962 0.03231799975037575
2 0.31891101598739624 0.745980978012085 0.025821000337600708 0.033261001110076904
2 0.7667109966278076 0.9779880046844482 0.025131000205874443 0.03127500042319298
2 0.20639801025390625 0.4555149972438812 0.025242000818252563 0.03181099891662598
2 0.17819499969482422 0.4529060125350952 0.02469399943947792 0.031060999259352684
2 0.31216198205947876 0.9011620283126831 0.028279000893235207 0.03426799923181534
2 0.23696500062942505 0.6531389951705933 0.02601799927651882 0.03047199919819832
2 0.11881500482559204 0.9807940125465393 0.032903000712394714 0.03681199997663498
2 0.05831897258758545 0.9150530099868774 0.034313999116420746 0.04131799936294556
2 0.789260983467102 0.7234349846839905 0.02234099991619587 0.02724199928343296
