1 0.3991749882698059 0.6486819982528687 0.054930999875068665 0.0667480006814003
2 0.6496649980545044 0.74031001329422 0.05183500051498413 0.06954800337553024
2 0.335178017616272 0.4278610050678253 0.0667399987578392 0.08584599941968918
1 0.12714499235153198 0.3268339931964874 0.06123900040984154 0.0771000012755394
1 0.18736302852630615 0.2838340103626251 0.06523200124502182 0.08541800081729889
2 0.879118025302887 0.36184999346733093 0.047860000282526016 0.06342899799346924
2 0.6385890245437622 0.8770779967308044 0.04466399922966957 0.0571260005235672
2 0.7223449945449829 0.6987500190734863 0.04724600166082382 0.0615760013461113
1 0.1540430188179016 0.6821060180664062 0.04989499971270561 0.06636299937963486
2 0.5175049901008606 0.6837530136108398 0.059599000960588455 0.07750599831342697
2 0.861814022064209 0.5145620107650757 0.047155000269412994 0.05856100097298622
1 0.071399986743927 0.30147698521614075 0.06322900205850601 0.0810760036110878
1 0.3563460111618042 0.2862969934940338 0.05851000174880028 0.07887899875640869
2 0.7418580055236816 0.639178991317749 0.05190499871969223 0.06479199975728989
2 0.5887969732284546 0.6650729775428772 0.05794699862599373 0.08130700141191483
2 0.6119430065155029 0.8059189915657043 0.041464000940322876 0.05937400087714195
1 0.2948099970817566 0.1949719935655594 0.0589510016143322 0.07863099873065948
2 0.3707699775695801 0.7309479713439941 0.07439099997282028 0.0866520032286644
2 0.16537898778915405 0.4832899868488312 0.06309700012207031 0.08005700260400772
2 0.32240599393844604 0.09882699698209763 0.05824900045990944 0.08216200023889542
2 0.7621070146560669 0.6592580080032349 0.04569299891591072 0.0668879970908165
1 0.23705202341079712 0.620760977268219 0.05451799929141998 0.07617300003767014
1 0.28386199474334717 0.6461589932441711 0.05894099920988083 0.07975299656391144
2 0.5686429738998413 0.1756889969110489 0.05308400094509125 0.07101300358772278
2 0.5822620391845703 0.4208439886569977 0.06026099994778633 0.07932999730110168
2 0.5557669997215271 0.6163730025291443 0.05091499909758568 0.06678000092506409
1 0.43592602014541626 0.5899069905281067 0.05684399977326393 0.07200100272893906
1 0.5969600081443787 0.051732998341321945 0.051309000700712204 0.06647399812936783
1 0.17109698057174683 0.6051049828529358 0.06366000324487686 0.07989399880170822
2 0.6580259799957275 0.5839759707450867 0.04776199907064438 0.060346998274326324
1 0.3340839743614197 0.34784600138664246 0.0557669997215271 0.06342300027608871
1 0.5816299915313721 0.11488699913024902 0.052719999104738235 0.05773499980568886
1 0.541907012462616 0.015797000378370285 0.07262399792671204 0.03159400075674057
2 0.8542829751968384 0.46179500222206116 0.04420899972319603 0.055066000670194626
1 0.38895100355148315 0.5350130200386047 0.0471390001475811 0.08099900186061859
2 0.5269089937210083 0.09310899674892426 0.0521400012075901 0.06843200325965881
1 0.728132963180542 0.5445709824562073 0.04786299914121628 0.06361600011587143
2 0.2329319715499878 0.38826099038124084 0.05792099982500076 0.07414299994707108
2 0.7842569947242737 0.38806501030921936 0.043807998299598694 0.06953799724578857
1 0.24421298503875732 0.31881600618362427 0.051830001175403595 0.06436099857091904
1 0.7153810262680054 0.5039259791374207 0.04729900136590004 0.05207100138068199
1 0.3422340154647827 0.19394899904727936 0.05444499850273132 0.08098699897527695
1 0.3269519805908203 0.7360590100288391 0.039712000638246536 0.06771299988031387
1 0.8460559844970703 0.25109100341796875 0.04678900167346001 0.057413000613451004
2 0.9170089960098267 0.4492569863796234 0.03087799996137619 0.03896699845790863
1 0.11521202325820923 0.5255740284919739 0.05108100175857544 0.07269000262022018
1 0.2525690197944641 0.9043750166893005 0.04730699956417084 0.057048000395298004
1 0.7029590010643005 0.596472978591919 0.045673999935388565 0.061177998781204224
1 0.29116398096084595 0.32759401202201843 0.04404300078749657 0.06854599714279175
1 0.6302050352096558 0.10231199860572815 0.05121700093150139 0.06517399847507477
1 0.48440098762512207 0.9417189955711365 0.045065999031066895 0.04563700035214424
2 0.6301209926605225 0.10157900303602219 0.05104999989271164 0.0648450031876564
2 0.11470299959182739 0.40493398904800415 0.06335999816656113 0.08159200102090836
1 0.19161802530288696 0.6728649735450745 0.043053001165390015 0.06698600202798843
2 0.7499569654464722 0.643559992313385 0.06372000277042389 0.0741719976067543
1 0.3504220247268677 0.6680759787559509 0.04271399974822998 0.05091100186109543
2 0.880329966545105 0.444148987531662 0.03376400098204613 0.0393810011446476
2 0.171301007270813 0.6059889793395996 0.06307400017976761 0.07970699667930603
1 0.5337409973144531 0.18317900598049164 0.04383600130677223 0.06589700281620026
2 0.3567020297050476 0.28660300374031067 0.05590200051665306 0.076105996966362
2 0.8479790091514587 0.3896839916706085 0.03384700044989586 0.04799700155854225
1 0.3722900152206421 0.9763910174369812 0.03690899908542633 0.04468899965286255
2 0.7021030187606812 0.5963919758796692 0.046330999583005905 0.06351800262928009
2 0.3927000164985657 0.7225639820098877 0.03781000152230263 0.08129700273275375
2 0.8648340106010437 0.2913219928741455 0.034728001803159714 0.04287499934434891
1 0.5279040336608887 0.09252800047397614 0.05171100050210953 0.06865400075912476
2 0.6655939817428589 0.6300089955329895 0.04339899867773056 0.05380500108003616
1 0.5821830034255981 0.42106500267982483 0.06115499883890152 0.07985600084066391
2 0.5336669683456421 0.1831589937210083 0.04322100058197975 0.06653100252151489
1 0.3910670280456543 0.2548620104789734 0.04687099903821945 0.06452199816703796
2 0.7002440094947815 0.4599669873714447 0.03270399942994118 0.048381999135017395
