2 0.45965099334716797 0.3900110125541687 0.09093199670314789 0.11305999755859375
2 0.2934960126876831 0.5361800193786621 0.09171800315380096 0.12057899683713913
2 0.23147302865982056 0.6548830270767212 0.10088899731636047 0.12125799804925919
2 0.8462849855422974 0.0772550031542778 0.09746299684047699 0.11345300078392029
2 0.3247299790382385 0.7498720288276672 0.08442600071430206 0.10109899938106537
2 0.38914698362350464 0.6148830056190491 0.08098699897527695 0.1071539968252182
2 0.7335959672927856 0.9183310270309448 0.0921740010380745 0.10694500058889389
2 0.4489160180091858 0.8970310091972351 0.08867300301790237 0.09467600286006927
2 0.4732159972190857 0.9619110226631165 0.07779499888420105 0.07533399760723114
2 0.6402859687805176 0.7818049788475037 0.09448499977588654 0.1083339974284172
2 0.9685279726982117 0.4431839883327484 0.06254799664020538 0.09714999794960022
1 0.641124963760376 0.780655026435852 0.09388700127601624 0.11088799685239792
1 0.8461030125617981 0.07571599632501602 0.1007860004901886 0.11843600124120712
