2 0.6492680311203003 0.3769110143184662 0.06720399856567383 0.0851999968290329
1 0.7238050103187561 0.5962989926338196 0.06026500090956688 0.0731000006198883
2 0.4827110171318054 0.43960100412368774 0.06261599808931351 0.07998400181531906
2 0.0599290132522583 0.2909350097179413 0.06241400167346001 0.07951100170612335
2 0.027962028980255127 0.36835700273513794 0.05592299997806549 0.0791739970445633
2 0.20539700984954834 0.5468950271606445 0.05925700068473816 0.08015699684619904
2 0.8490179777145386 0.6277580261230469 0.06195899844169617 0.08274199813604355
2 0.493569016456604 0.5615490078926086 0.059457000344991684 0.078916996717453
2 0.431052029132843 0.3654809892177582 0.062132999300956726 0.08546599745750427
1 0.4831240177154541 0.6366289854049683 0.05254099890589714 0.06489399820566177
2 0.9140850305557251 0.6080380082130432 0.06533999741077423 0.08889099955558777
2 0.5469610095024109 0.3433609902858734 0.05842899903655052 0.07687400281429291
2 0.8826249837875366 0.5585200190544128 0.055004000663757324 0.07160799950361252
1 0.4982050061225891 0.24030399322509766 0.06279399991035461 0.0915450006723404
2 0.8890979886054993 0.09906399995088577 0.05512100085616112 0.07205100357532501
2 0.11728698015213013 0.467056006193161 0.055006999522447586 0.07304800301790237
2 0.13564002513885498 0.5310500264167786 0.06126999855041504 0.0839100033044815
2 0.11988997459411621 0.27223899960517883 0.059411998838186264 0.07457499951124191
2 0.9823049902915955 0.6877800226211548 0.0348300002515316 0.07064899802207947
1 0.38492798805236816 0.26429399847984314 0.0630130022764206 0.08092500269412994
2 0.9567800164222717 0.7526810169219971 0.04476200044155121 0.0601469986140728
2 0.6278190016746521 0.044854000210762024 0.06211499869823456 0.08474399894475937
2 0.901856005191803 0.041113000363111496 0.05379600077867508 0.060408998280763626
2 0.7535300254821777 0.5367599725723267 0.06232599914073944 0.07633399963378906
1 0.557811975479126 0.574059009552002 0.05303199961781502 0.07760299742221832
2 0.7221519947052002 0.6700469851493835 0.043205998837947845 0.07884799689054489
1 0.43795502185821533 0.28661200404167175 0.0553399994969368 0.0774729996919632
1 0.5882059931755066 0.8554379940032959 0.047933999449014664 0.056533001363277435
2 0.6836220026016235 0.6834890246391296 0.06751000136137009 0.0842130035161972
2 0.9833229780197144 0.5248140096664429 0.031908001750707626 0.07283300161361694
2 0.8435280323028564 0.02900400012731552 0.05845699831843376 0.05800899863243103
2 0.9811890125274658 0.8288789987564087 0.037622999399900436 0.05584999918937683
2 0.9503480195999146 0.02678699977695942 0.05821799859404564 0.05357399955391884
1 0.6037609577178955 0.1482129991054535 0.06269299983978271 0.07782600075006485
2 0.17648398876190186 0.49389299750328064 0.04649199917912483 0.06411000341176987
1 0.6783120036125183 0.9690549969673157 0.03641900047659874 0.049786001443862915
1 0.6515649557113647 0.1418749988079071 0.05547399818897247 0.08432800322771072
2 0.8522399663925171 0.11586300283670425 0.04606200009584427 0.06857399642467499
2 0.6654329895973206 0.2333800047636032 0.0602790005505085 0.08103799819946289
2 0.6066340208053589 0.5993340015411377 0.0641850009560585 0.08483400195837021
1 0.7135399580001831 0.9296600222587585 0.04065199941396713 0.048528000712394714
2 0.6494179964065552 0.29141101241111755 0.05948299914598465 0.07376399636268616
1 0.6485620141029358 0.29295098781585693 0.0587799996137619 0.06995200365781784
1 0.16562801599502563 0.9304360151290894 0.04946500062942505 0.06003899872303009
1 0.6057989597320557 0.5966349840164185 0.06321799755096436 0.08918300271034241
1 0.5180829763412476 0.6289539933204651 0.04242200031876564 0.06658799946308136
1 0.821723997592926 0.4642600119113922 0.051934998482465744 0.06766699999570847
2 0.5566049814224243 0.2722890079021454 0.05041699856519699 0.06446900218725204
1 0.6652320027351379 0.23211200535297394 0.06007099896669388 0.07985100150108337
1 0.9006770253181458 0.35714098811149597 0.07001800090074539 0.08929900079965591
2 0.9123679995536804 0.40924298763275146 0.048622000962495804 0.0627639964222908
2 0.9002130031585693 0.3573249876499176 0.06878399848937988 0.08558099716901779
2 0.09522801637649536 0.30750900506973267 0.0327490009367466 0.06283900141716003
1 0.44015300273895264 0.48542600870132446 0.04759899899363518 0.07606499642133713
1 0.706650972366333 0.4855319857597351 0.05082400143146515 0.0849590003490448
1 0.10172498226165771 0.9174039959907532 0.04936699941754341 0.06063200160861015
2 0.6041460037231445 0.14780299365520477 0.06090199947357178 0.07516799867153168
