2 0.5234479904174805 0.39104700088500977 0.06587400287389755 0.08292300254106522
2 0.07686597108840942 0.5637350082397461 0.06369899958372116 0.08086899667978287
2 0.35772597789764404 0.4529950022697449 0.06177400052547455 0.08052600175142288
2 0.8645229935646057 0.6925060153007507 0.055893998593091965 0.0707549974322319
2 0.8598940372467041 0.8340070247650146 0.04851499944925308 0.059154998511075974
1 0.5981780290603638 0.6107100248336792 0.057642001658678055 0.07219900190830231
1 0.37275999784469604 0.2537649869918823 0.06282299757003784 0.08612199872732162
2 0.7219600081443787 0.6401680111885071 0.05932300165295601 0.07745999842882156
2 0.3056830167770386 0.37899500131607056 0.06377500295639038 0.08375699818134308
2 0.8300130367279053 0.7607370018959045 0.04596700146794319 0.061730001121759415
2 0.7569159865379333 0.568664014339447 0.051747001707553864 0.06668499857187271
2 0.48199397325515747 0.6123120188713074 0.06314300000667572 0.08343999832868576
2 0.36758798360824585 0.5749220252037048 0.06187799945473671 0.07846199721097946
2 0.9567030072212219 0.5886880159378052 0.05899899825453758 0.07242000102996826
2 0.7895430326461792 0.6187760233879089 0.05995500087738037 0.08284000307321548
1 0.4767320156097412 0.15915599465370178 0.05940299853682518 0.07683400064706802
2 0.9393600225448608 0.6480630040168762 0.05243600159883499 0.06534499675035477
1 0.5935119986534119 0.9391530156135559 0.0408330000936985 0.052740998566150665
2 0.5020149946212769 0.05651199817657471 0.06360100209712982 0.08333999663591385
2 0.4215419888496399 0.3549860119819641 0.05727899819612503 0.0722069963812828
1 0.9116209745407104 0.5440620183944702 0.04733600094914436 0.06782799959182739
1 0.3124070167541504 0.29943498969078064 0.05765200033783913 0.07686199992895126
2 0.8214800357818604 0.03865699842572212 0.0558289997279644 0.06624899804592133
2 0.0462300181388855 0.5147669911384583 0.048016998916864395 0.0622589997947216
2 0.8647040128707886 0.5367799997329712 0.051736000925302505 0.0647749975323677
1 0.9347500205039978 0.48965901136398315 0.054078999906778336 0.06517300009727478
1 0.5804430246353149 0.49832600355148315 0.04781600087881088 0.08099500089883804
1 0.465146005153656 0.8695700168609619 0.04752400144934654 0.05767099931836128
2 0.016277015209197998 0.5539640188217163 0.03255400061607361 0.07247599959373474
2 0.7588379979133606 0.11535699665546417 0.05268299952149391 0.06983000040054321
2 0.562620997428894 0.6963030099868774 0.060718998312950134 0.08043999969959259
1 0.36070698499679565 0.6508049964904785 0.053560998290777206 0.06657300144433975
1 0.25871598720550537 0.2782540023326874 0.0644799992442131 0.08162099868059158
1 0.43325501680374146 0.5866810083389282 0.05359499901533127 0.07630299776792526
2 0.5980539917945862 0.6851400136947632 0.04001700133085251 0.07666300237178802
1 0.5407310128211975 0.2474839985370636 0.05310999974608421 0.07741300016641617
1 0.5221149921417236 0.3071669936180115 0.05760199949145317 0.07393799722194672
1 0.5252540111541748 0.15436899662017822 0.05659700185060501 0.08227500319480896
1 0.4780169725418091 0.29101499915122986 0.04307100176811218 0.06962600350379944
1 0.6960970163345337 0.47849398851394653 0.050655998289585114 0.06557899713516235
2 0.771228015422821 0.36946600675582886 0.06464000046253204 0.08314800262451172
2 0.985185980796814 0.32916998863220215 0.029322000220417976 0.07266700267791748
2 0.966389000415802 0.5997560024261475 0.06312199681997299 0.07846400141716003
2 0.5226140022277832 0.30529800057411194 0.058685000985860825 0.07275799661874771
1 0.5571390390396118 0.9773610234260559 0.0354899987578392 0.045278001576662064
2 0.9715160131454468 0.6073179841041565 0.05288099870085716 0.06954900175333023
2 0.5395510196685791 0.24735499918460846 0.05645500123500824 0.07618799805641174
2 0.00989001989364624 0.48002299666404724 0.01977900043129921 0.07446300238370895
2 0.6273449659347534 0.5474500060081482 0.060756001621484756 0.0754539966583252
1 0.7152479887008667 0.03778799995779991 0.05316000059247017 0.06769700348377228
2 0.783810019493103 0.010483000427484512 0.05807499960064888 0.020966000854969025
1 0.03743702173233032 0.9531679749488831 0.051899999380111694 0.055994000285863876
1 0.6271330118179321 0.5465120077133179 0.06151200085878372 0.07556899636983871
2 0.7145010232925415 0.038061998784542084 0.05374399945139885 0.06798200309276581
2 0.7720069885253906 0.05515100061893463 0.05296500027179718 0.05964399874210358
1 0.7712720036506653 0.3690280020236969 0.06528999656438828 0.08675199747085571
1 0.4311559796333313 0.28557199239730835 0.04954199865460396 0.0646120011806488
1 0.7035819888114929 0.898464024066925 0.044578999280929565 0.046820998191833496
1 0.3141549825668335 0.5000309944152832 0.04966000095009804 0.07173100113868713
2 0.5745179653167725 0.21119099855422974 0.049118999391794205 0.06817100197076797
2 0.9744679927825928 0.4448949992656708 0.05063299834728241 0.06818000227212906
