2 0.3368319869041443 0.44298499822616577 0.06542599946260452 0.08711700141429901
2 0.6495599746704102 0.7571120262145996 0.05140899866819382 0.06730200350284576
1 0.1307860016822815 0.3431699872016907 0.058809999376535416 0.07942699640989304
1 0.4002529978752136 0.664605975151062 0.05384400114417076 0.06653899699449539
1 0.07489198446273804 0.3166170120239258 0.06360899657011032 0.08149400353431702
2 0.16743701696395874 0.49882200360298157 0.06168099865317345 0.0797709971666336
2 0.6373670101165771 0.8940100073814392 0.04493299871683121 0.05740699917078018
2 0.3256189823150635 0.11636299639940262 0.06276799738407135 0.08182500302791595
2 0.1724870204925537 0.6215760111808777 0.06174499914050102 0.08019600063562393
2 0.569612979888916 0.19151699542999268 0.053018998354673386 0.06845100224018097
1 0.1900309920310974 0.3011229932308197 0.0628800019621849 0.08778700232505798
2 0.23589801788330078 0.40535399317741394 0.06063700094819069 0.07737699896097183
2 0.5830940008163452 0.4374369978904724 0.05984500050544739 0.08074100315570831
2 0.3573799729347229 0.3051390051841736 0.05632999911904335 0.07513900101184845
1 0.1549919843673706 0.6982489824295044 0.05062500014901161 0.06795100122690201
2 0.5186110138893127 0.6989380121231079 0.0584850013256073 0.07569199800491333
2 0.3353539705276489 0.36098000407218933 0.057610999792814255 0.07192400097846985
2 0.5555349588394165 0.6327369809150696 0.050397999584674835 0.06872700154781342
2 0.7441359758377075 0.6579700112342834 0.05385100096464157 0.0676179975271225
2 0.5271849632263184 0.1118829995393753 0.05182600021362305 0.0704680010676384
2 0.8775150179862976 0.38193899393081665 0.04721900075674057 0.06174499914050102
2 0.5902299880981445 0.6803690195083618 0.054885998368263245 0.08091499656438828
2 0.6310780048370361 0.12051700055599213 0.050328001379966736 0.06238799914717674
2 0.5975430011749268 0.0715399980545044 0.05189000070095062 0.07032400369644165
2 0.7600529789924622 0.6763179898262024 0.0494609996676445 0.06777399778366089
1 0.3684470057487488 0.9871519804000854 0.049970000982284546 0.025696000084280968
2 0.8622289896011353 0.5332120060920715 0.04497300088405609 0.05745600163936615
2 0.37040501832962036 0.7453269958496094 0.07168500125408173 0.08236599713563919
2 0.34576499462127686 0.21226400136947632 0.05955599993467331 0.08232200145721436
2 0.6117129921913147 0.8220059871673584 0.04004500061273575 0.05606599897146225
1 0.5830749869346619 0.13391800224781036 0.05120699852705002 0.06128900125622749
1 0.2843340039253235 0.6607459783554077 0.05962400138378143 0.08286800235509872
2 0.11771702766418457 0.4193660020828247 0.06175899878144264 0.08177799731492996
2 0.6584210395812988 0.6009899973869324 0.04825599864125252 0.060903001576662064
2 0.39152902364730835 0.27293598651885986 0.04857200011610985 0.06696899980306625
2 0.7226250171661377 0.7162399888038635 0.04600900039076805 0.06149899959564209
1 0.548354983329773 0.024746999144554138 0.06179000064730644 0.04949299991130829
1 0.8638420104980469 0.31149598956108093 0.03376200050115585 0.03983699902892113
1 0.2963370084762573 0.21365199983119965 0.06330099701881409 0.08063399791717529
2 0.24600201845169067 0.3347429931163788 0.05276799947023392 0.06591899693012238
1 0.23811602592468262 0.6348890066146851 0.05219399929046631 0.07562500238418579
1 0.7288789749145508 0.5614370107650757 0.047127000987529755 0.06184300035238266
2 0.7837510108947754 0.4102019965648651 0.04475200176239014 0.0636880025267601
1 0.32694798707962036 0.7518510222434998 0.03879300132393837 0.0660879984498024
2 0.5329869985580444 0.2013539969921112 0.04395100101828575 0.06497500091791153
2 0.7510169744491577 0.6644989848136902 0.06383399665355682 0.07560600340366364
1 0.38890302181243896 0.5507100224494934 0.04676299914717674 0.07970499992370605
1 0.715021014213562 0.520334005355835 0.04709099978208542 0.045542001724243164
2 0.43587398529052734 0.6049320101737976 0.05871500074863434 0.07402399927377701
1 0.4362260103225708 0.605355978012085 0.05672900006175041 0.07393600046634674
1 0.19237399101257324 0.6868979930877686 0.04187000170350075 0.06718000024557114
2 0.5827289819717407 0.13311199843883514 0.05003900080919266 0.05965099856257439
1 0.7026749849319458 0.6117110252380371 0.0444910004734993 0.05892400071024895
1 0.48617398738861084 0.9574199914932251 0.03915100172162056 0.044787999242544174
1 0.8465750217437744 0.27292999625205994 0.04104499891400337 0.05759499967098236
2 0.8531919717788696 0.48047199845314026 0.0407710000872612 0.049164000898599625
1 0.11735200881958008 0.5416489839553833 0.05204100161790848 0.07269199937582016
2 0.39444100856781006 0.7362920045852661 0.03437799960374832 0.07893600314855576
2 0.8463429808616638 0.41136500239372253 0.03446299955248833 0.04659299924969673
1 0.25317299365997314 0.9186239838600159 0.04773100093007088 0.05737299844622612
2 0.6662690043449402 0.14904600381851196 0.03514600172638893 0.04229399934411049
1 0.7572979927062988 0.5184710025787354 0.04312499985098839 0.05782100185751915
2 0.28495901823043823 0.6613510251045227 0.061298999935388565 0.0825280025601387
1 0.3665369749069214 0.7454040050506592 0.061542000621557236 0.0788939967751503
2 0.2929139733314514 0.34519699215888977 0.04421300068497658 0.06980100274085999
2 0.9161980152130127 0.4713909924030304 0.028334999457001686 0.033778999000787735
1 0.8523769974708557 0.4797529876232147 0.041659001260995865 0.05331199988722801
2 0.3889719843864441 0.5509089827537537 0.045802000910043716 0.07831999659538269
1 0.5183839797973633 0.7010229825973511 0.05789799988269806 0.0755539983510971
1 0.6304240226745605 0.12228000164031982 0.049306999891996384 0.06165099889039993
