2 0.33254897594451904 0.4566049873828888 0.06756599992513657 0.08713900297880173
2 0.6417460441589355 0.7675349712371826 0.049261998385190964 0.06887000054121017
2 0.6291179656982422 0.905360996723175 0.044043999165296555 0.055247001349925995
2 0.16351497173309326 0.5075520277023315 0.06370499730110168 0.08205299824476242
2 0.5498850345611572 0.6453719735145569 0.05302799865603447 0.07292400300502777
2 0.8692619800567627 0.3957180082798004 0.047203000634908676 0.06300199776887894
1 0.18716400861740112 0.31167900562286377 0.06530500203371048 0.08829899877309799
1 0.12894797325134277 0.3532620072364807 0.06135899946093559 0.08076900243759155
2 0.43242597579956055 0.6166520118713379 0.05988899990916252 0.07493200153112411
1 0.3963239789009094 0.6747909784317017 0.055629998445510864 0.07092499732971191
2 0.16696900129318237 0.6308640241622925 0.06214800104498863 0.07934600114822388
2 0.511273980140686 0.7093849778175354 0.0587799996137619 0.08006999641656876
2 0.3217470049858093 0.12929299473762512 0.05844299867749214 0.08243100345134735
1 0.0721750259399414 0.32820799946784973 0.06411600112915039 0.0795769989490509
2 0.5234299898147583 0.12414400279521942 0.05400700122117996 0.07220400124788284
2 0.23192602396011353 0.41546300053596497 0.05962900072336197 0.07196299731731415
2 0.7372599840164185 0.6685540080070496 0.05824200063943863 0.06683199852705002
2 0.5786759853363037 0.4516479969024658 0.059895001351833344 0.07893600314855576
2 0.6023880243301392 0.833299994468689 0.042093999683856964 0.057597000151872635
2 0.6250209808349609 0.13465100526809692 0.05019500106573105 0.06396199762821198
2 0.5897799730300903 0.6913310289382935 0.04772400110960007 0.07761599868535995
2 0.11457502841949463 0.4320310056209564 0.06306199729442596 0.07988200336694717
2 0.7143269777297974 0.7278169989585876 0.04540900141000748 0.05956900119781494
2 0.6510399580001831 0.613152027130127 0.046250998973846436 0.06445799767971039
1 0.15079498291015625 0.7075830101966858 0.04962899908423424 0.06519100069999695
2 0.776540994644165 0.4208100140094757 0.04413300007581711 0.06860700249671936
2 0.36472398042678833 0.7553730010986328 0.07152199745178223 0.08683700114488602
2 0.5644630193710327 0.20633700489997864 0.050530001521110535 0.0702499970793724
1 0.5433329939842224 0.03413499891757965 0.05937099829316139 0.0666389986872673
2 0.3549010157585144 0.3153490126132965 0.05395599827170372 0.07633200287818909
2 0.33232998847961426 0.3729279935359955 0.05616400018334389 0.06995599716901779
2 0.3411319851875305 0.2258629947900772 0.054806001484394073 0.08108200132846832
1 0.23221397399902344 0.6458479762077332 0.054026998579502106 0.07430800050497055
1 0.18665897846221924 0.6990090012550354 0.04230500012636185 0.06278400123119354
2 0.8518919944763184 0.5457640290260315 0.045180000364780426 0.05872200056910515
1 0.7199389934539795 0.5736839771270752 0.04845999926328659 0.060759998857975006
2 0.7460319995880127 0.6839590072631836 0.0564970001578331 0.07587999850511551
2 0.2825940251350403 0.6720989942550659 0.062199000269174576 0.08543200045824051
1 0.24536001682281494 0.9285579919815063 0.04722300171852112 0.05714699998497963
1 0.749098002910614 0.5283370018005371 0.04358899965882301 0.05479000136256218
1 0.694687008857727 0.6250820159912109 0.04458199813961983 0.060589998960494995
2 0.2893909811973572 0.35531899333000183 0.044801000505685806 0.07093700021505356
1 0.11252200603485107 0.5512880086898804 0.052312999963760376 0.07468599826097488
2 0.24241101741790771 0.34652599692344666 0.04843899980187416 0.06217300146818161
2 0.9046469926834106 0.4816249907016754 0.028463000431656837 0.03696500137448311
2 0.5793919563293457 0.14667099714279175 0.051047999411821365 0.057406000792980194
1 0.3540390133857727 0.3145120143890381 0.05725200101733208 0.07773900032043457
2 0.5940040349960327 0.08558499813079834 0.05396600067615509 0.06866300106048584
2 0.29450899362564087 0.2255689948797226 0.05836600065231323 0.07857000082731247
1 0.3429480195045471 0.6971970200538635 0.04269799962639809 0.05458499863743782
2 0.3809109926223755 0.7509840130805969 0.0482419990003109 0.0859140008687973
1 0.3204370141029358 0.7598810195922852 0.038492001593112946 0.06631100177764893
1 0.3858339786529541 0.5642920136451721 0.04918200150132179 0.08220399916172028
1 0.29426801204681396 0.2252420037984848 0.059039000421762466 0.07776299864053726
2 0.8547340035438538 0.32383400201797485 0.03393600136041641 0.03936599940061569
2 0.9879239797592163 0.14105799794197083 0.024152999743819237 0.03158099949359894
2 0.8433430194854736 0.4908579885959625 0.04154599830508232 0.05090999975800514
1 0.593917965888977 0.08566399663686752 0.052441999316215515 0.06961999833583832
1 0.3613179922103882 0.9904270172119141 0.04981200024485588 0.019145000725984573
2 0.811680018901825 0.4275070130825043 0.03546199947595596 0.04681900143623352
2 0.3879609704017639 0.2846260070800781 0.04791500046849251 0.06547500193119049
1 0.28103697299957275 0.6716390252113342 0.0595880001783371 0.08386500179767609
1 0.33218497037887573 0.37343499064445496 0.055720001459121704 0.07351300120353699
1 0.9704139828681946 0.9812020063400269 0.027679000049829483 0.031605999916791916
1 0.7090619802474976 0.5348079800605774 0.04694699868559837 0.053654998540878296
1 0.8369680047035217 0.2856360077857971 0.04094399884343147 0.058104000985622406
2 0.6600890159606934 0.16396799683570862 0.03680799901485443 0.04399200156331062
1 0.5789049863815308 0.14810100197792053 0.05217999964952469 0.05874999985098839
2 0.6950330138206482 0.6255509853363037 0.04490699991583824 0.06344900280237198
1 0.5045160055160522 0.0480399988591671 0.03390900045633316 0.0364839993417263
2 0.3872069716453552 0.7489209771156311 0.033197999000549316 0.07984200119972229
2 0.9926220178604126 0.10060399770736694 0.014171999879181385 0.03308599814772606
2 0.5298830270767212 0.2147810012102127 0.04152100160717964 0.06233299896121025
2 0.813513994216919 0.509905993938446 0.0330360010266304 0.0546410009264946
2 0.6966730356216431 0.4908050000667572 0.034515999257564545 0.047602999955415726
1 0.2898769974708557 0.35697299242019653 0.04431600123643875 0.06993699818849564
