2 0.826682984828949 0.4423460066318512 0.09544000029563904 0.11321400105953217
2 0.7133939862251282 0.4017150104045868 0.08751499652862549 0.10737500339746475
2 0.20687001943588257 0.9505599737167358 0.08586300164461136 0.09888000041246414
2 0.4745650291442871 0.8873239755630493 0.08998099714517593 0.11131499707698822
2 0.18559199571609497 0.355446994304657 0.09413199871778488 0.11496700346469879
2 0.5735399723052979 0.047269999980926514 0.09499300271272659 0.09453999996185303
2 0.18389201164245605 0.87465500831604 0.09396599978208542 0.10100899636745453
2 0.04783397912979126 0.7316300272941589 0.08773499727249146 0.09914600104093552
2 0.029317021369934082 0.5090190172195435 0.0558909997344017 0.1296900063753128
2 0.11554402112960815 0.5915830135345459 0.08676999807357788 0.10838799923658371
2 0.379813015460968 0.752144992351532 0.09455899894237518 0.11072199791669846
2 0.804066002368927 0.3492560088634491 0.08442699909210205 0.10008200258016586
1 0.38106000423431396 0.7511249780654907 0.09397999942302704 0.11134900152683258
