2 0.3632670044898987 0.41370001435279846 0.06551399827003479 0.08715300261974335
1 0.4323830008506775 0.6348789930343628 0.054701998829841614 0.0666240006685257
2 0.6785590052604675 0.8606910109519958 0.044624000787734985 0.05818599835038185
2 0.6895979642868042 0.7219060063362122 0.05069199949502945 0.06896299868822098
2 0.19475102424621582 0.47231000661849976 0.06261199712753296 0.08088299632072449
1 0.15571999549865723 0.3169429898262024 0.05890699848532677 0.07828100025653839
1 0.21413898468017578 0.2725430130958557 0.0645110011100769 0.09065599739551544
2 0.7600039839744568 0.6805260181427002 0.05036799982190132 0.06224000081419945
2 0.9162949919700623 0.3364500105381012 0.047655001282691956 0.0641390010714531
1 0.32055097818374634 0.18353700637817383 0.05920400097966194 0.07679899781942368
1 0.18945497274398804 0.6739270091056824 0.05048400163650513 0.06495799869298935
1 0.09789597988128662 0.29240500926971436 0.062164999544620514 0.0819540023803711
2 0.6510449647903442 0.7875739932060242 0.04154299944639206 0.06090399995446205
2 0.34702301025390625 0.08342300355434418 0.05915899947285652 0.08148299902677536
1 0.609004020690918 0.09202399849891663 0.04972400143742561 0.05804799869656563
2 0.7799149751663208 0.6198520064353943 0.05272600054740906 0.06584899872541428
2 0.20167899131774902 0.5962409973144531 0.06210299953818321 0.07714500278234482
2 0.5518400073051453 0.6663179993629456 0.060022998601198196 0.07934899628162384
1 0.38342100381851196 0.2720089852809906 0.05923600122332573 0.07981500029563904
2 0.7989979982376099 0.639549970626831 0.04629699885845184 0.06621599942445755
1 0.7626309990882874 0.5245100259780884 0.05016599968075752 0.06412199884653091
2 0.2610189914703369 0.37639299035072327 0.058963000774383545 0.07470300048589706
1 0.6231629848480225 0.035013001412153244 0.059137001633644104 0.07002600282430649
2 0.6232399940490723 0.6469650268554688 0.05581599846482277 0.083917997777462
1 0.7371779680252075 0.5756700038909912 0.0457409992814064 0.06338299810886383
1 0.14754801988601685 0.5180180072784424 0.048510000109672546 0.07429300248622894
1 0.29027897119522095 0.8925700187683105 0.04757700115442276 0.057693000882864
2 0.9011920094490051 0.49039900302886963 0.04308199882507324 0.05772100016474724
1 0.2258089780807495 0.6626780033111572 0.043751999735832214 0.06207000091671944
2 0.818215012550354 0.3667980134487152 0.04242900013923645 0.06668499857187271
1 0.3631790280342102 0.3325349986553192 0.05816800147294998 0.06704600155353546
2 0.5880399942398071 0.5999739766120911 0.05259700119495392 0.06867200136184692
2 0.5974940061569214 0.15382599830627441 0.053661998361349106 0.07069599628448486
2 0.6112110018730164 0.4034709930419922 0.06131799891591072 0.08246000111103058
2 0.14413702487945557 0.3968159854412079 0.06462399661540985 0.08490400016307831
2 0.3168889880180359 0.6355260014533997 0.05992799997329712 0.08135300129652023
1 0.41881197690963745 0.5207539796829224 0.04791799932718277 0.08153600245714188
2 0.6924459934234619 0.5663560032844543 0.04774399846792221 0.06234100088477135
1 0.3187580108642578 0.31520500779151917 0.040794000029563904 0.07130800187587738
1 0.3986709713935852 0.719078004360199 0.06019999831914902 0.07719100266695023
1 0.46564799547195435 0.5753239989280701 0.060068998485803604 0.07143600285053253
1 0.8809210062026978 0.22678999602794647 0.04373199865221977 0.05996600165963173
1 0.657899022102356 0.0788159966468811 0.052583999931812286 0.06748399883508682
1 0.267985999584198 0.6094740033149719 0.052935000509023666 0.07315900176763535
1 0.41707801818847656 0.2405499964952469 0.04858199879527092 0.06780000030994415
2 0.9632470011711121 0.4240429997444153 0.027878999710083008 0.03757999837398529
2 0.6577939987182617 0.0776280015707016 0.0530490018427372 0.06471399962902069
1 0.553945004940033 0.0722690001130104 0.0518839992582798 0.06920699775218964
1 0.2717999815940857 0.3060440123081207 0.05104200169444084 0.06483499705791473
2 0.5623350143432617 0.164669007062912 0.04120900109410286 0.06854899972677231
1 0.7479820251464844 0.47927001118659973 0.04467099905014038 0.05360199883580208
1 0.3634459972381592 0.7219229936599731 0.038745999336242676 0.06502799689769745
2 0.7909560203552246 0.6347969770431519 0.0614980012178421 0.07208900153636932
2 0.8532299995422363 0.3535259962081909 0.04692399874329567 0.06837599724531174
2 0.8911700248718262 0.4369310140609741 0.042417000979185104 0.05185599997639656
1 0.3162879943847656 0.6334019899368286 0.05977899953722954 0.08416999876499176
2 0.8553600311279297 0.3615860044956207 0.04193999990820885 0.059213001281023026
2 0.5539259910583496 0.07248599827289581 0.051559001207351685 0.06954500079154968
2 0.9075850248336792 0.26379600167274475 0.03437500074505806 0.04057599976658821
1 0.37046897411346436 0.18173100054264069 0.057624999433755875 0.0787229984998703
2 0.37030500173568726 0.17935599386692047 0.05851000174880028 0.0843459963798523
1 0.8912450075149536 0.4360310137271881 0.043480001389980316 0.05407299846410751
1 0.597756028175354 0.15448999404907227 0.055316001176834106 0.06921199709177017
2 0.40349602699279785 0.7168390154838562 0.07159200310707092 0.08282999694347382
2 0.42917102575302124 0.7078409790992737 0.03641600161790848 0.07729099690914154
1 0.5870740413665771 0.6007969975471497 0.05443200096487999 0.06939099729061127
1 0.6115660071372986 0.4018769860267639 0.06264100223779678 0.08646100014448166
1 0.3843100070953369 0.656711995601654 0.04310299828648567 0.051784999668598175
2 0.8889719843864441 0.36933600902557373 0.03435499966144562 0.046890001744031906
1 0.7963659763336182 0.4780060052871704 0.04589800164103508 0.06248600035905838
2 0.7012460231781006 0.6119840145111084 0.04078499972820282 0.04865400120615959
2 0.7958719730377197 0.4777370095252991 0.04634999856352806 0.06361900269985199
