2 0.944034993648529 0.6056810021400452 0.0679130032658577 0.09027499705553055
2 0.9118289947509766 0.5414800047874451 0.05615200102329254 0.07558300346136093
2 0.1629350185394287 0.4668929874897003 0.0673459991812706 0.09175000339746475
1 0.2409840226173401 0.29416000843048096 0.060075998306274414 0.08087199926376343
2 0.3857719898223877 0.5354909896850586 0.06359600275754929 0.08194600045681
2 0.7666119933128357 0.40860599279403687 0.07087100297212601 0.09094800055027008
2 0.8553839921951294 0.5175269842147827 0.06852100044488907 0.08313900232315063
1 0.607064962387085 0.3146890103816986 0.0642160028219223 0.07552500069141388
1 0.15543097257614136 0.34477099776268005 0.05392000079154968 0.07689599692821503
2 0.8043429851531982 0.3225589990615845 0.0628729984164238 0.07852400094270706
1 0.40324997901916504 0.37334901094436646 0.05922500044107437 0.0821869969367981
1 0.47375500202178955 0.6198700070381165 0.054437000304460526 0.06368599832057953
2 0.8600649833679199 0.5915989875793457 0.06519900262355804 0.08001500368118286
2 0.8888779878616333 0.39200401306152344 0.06290300190448761 0.07997500151395798
2 0.8751950263977051 0.29977500438690186 0.0655129998922348 0.08599100261926651
1 0.19863802194595337 0.35721299052238464 0.05583599954843521 0.0782260000705719
2 0.4316530227661133 0.6618750095367432 0.044603001326322556 0.06588000059127808
1 0.4728829860687256 0.6815789937973022 0.05213699862360954 0.06293799728155136
2 0.4304500222206116 0.4693950116634369 0.05950399860739708 0.0746230036020279
1 0.14696401357650757 0.2818770110607147 0.055330000817775726 0.06005199998617172
0 0.20400398969650269 0.739546000957489 0.03173299878835678 0.03827400133013725
1 0.3908330202102661 0.46179598569869995 0.04338600113987923 0.0647599995136261
2 0.2827180027961731 0.4771220088005066 0.05385499820113182 0.072502002120018
1 0.24664801359176636 0.24298200011253357 0.05707100033760071 0.06620299816131592
1 0.3563389778137207 0.25898000597953796 0.06612899899482727 0.08489499986171722
1 0.24016600847244263 0.36015599966049194 0.04470499977469444 0.0631759986281395
2 0.8347569704055786 0.33654698729515076 0.04332999885082245 0.07469499856233597
2 0.7930160164833069 0.2720000147819519 0.06609199941158295 0.05954800173640251
1 0.6047459840774536 0.8396120071411133 0.043258000165224075 0.05386999994516373
2 0.35677701234817505 0.2581920027732849 0.06366699934005737 0.08587600290775299
1 0.34028297662734985 0.508430004119873 0.045180000364780426 0.06728199869394302
1 0.282151997089386 0.4768790006637573 0.05316400155425072 0.0736590027809143
2 0.3399930000305176 0.5085920095443726 0.04672100022435188 0.06756100058555603
2 0.5708520412445068 0.5475919842720032 0.04866399988532066 0.06613899767398834
2 0.012172996997833252 0.7495620250701904 0.024296000599861145 0.06530699878931046
2 0.19244098663330078 0.4171749949455261 0.05445899814367294 0.06463400274515152
2 0.19760501384735107 0.35603898763656616 0.058487001806497574 0.07925599813461304
