2 0.212211012840271 0.5943490266799927 0.03143699839711189 0.040748998522758484
2 0.28585898876190186 0.3683930039405823 0.02853499911725521 0.0326789990067482
2 0.31552398204803467 0.36111998558044434 0.027522999793291092 0.034547001123428345
2 0.608797013759613 0.6080830097198486 0.025242000818252563 0.033900000154972076
1 0.18622297048568726 0.729981005191803 0.037870001047849655 0.046785999089479446
2 0.6274080276489258 0.6556850075721741 0.025388000532984734 0.03030800074338913
2 0.22222602367401123 0.43025198578834534 0.024091999977827072 0.03140300139784813
1 0.07716602087020874 0.991133987903595 0.04946700111031532 0.017570000141859055
2 0.1633409857749939 0.16918599605560303 0.020376000553369522 0.024968000128865242
2 0.42653197050094604 0.012476000003516674 0.025926999747753143 0.024952000007033348
2 0.17180097103118896 0.17807699739933014 0.022501999512314796 0.027377000078558922
