2 0.17340797185897827 0.5031390190124512 0.06282400339841843 0.0811220034956932
2 0.3405979871749878 0.44880399107933044 0.06627000123262405 0.08501800149679184
2 0.6414840221405029 0.8975880146026611 0.04323200136423111 0.05588499829173088
2 0.654492974281311 0.7590190172195435 0.05202699825167656 0.06709399819374084
1 0.4056469798088074 0.6685029864311218 0.05445700138807297 0.06840100139379501
1 0.19593197107315063 0.305853009223938 0.061691999435424805 0.09058000147342682
2 0.3313720226287842 0.12149699777364731 0.06492999941110611 0.08531899750232697
1 0.13624900579452515 0.3480130136013031 0.05777300149202347 0.07937200367450714
2 0.6144369840621948 0.8253329992294312 0.04190700128674507 0.058442000299692154
2 0.8807839751243591 0.38371598720550537 0.048753999173641205 0.061698999255895615
1 0.7313439846038818 0.5651040077209473 0.04910099878907204 0.06224900111556053
2 0.5601450204849243 0.6363430023193359 0.0524430014193058 0.06957200169563293
2 0.5866219997406006 0.44071298837661743 0.06064699962735176 0.08072999864816666
2 0.8656420111656189 0.5358909964561462 0.04630900174379349 0.057534001767635345
2 0.7258670330047607 0.7191839814186096 0.04687599837779999 0.06187799945473671
1 0.08181601762771606 0.3225730061531067 0.06464999914169312 0.08030100166797638
2 0.5750579833984375 0.1976500004529953 0.05352900177240372 0.06874299794435501
2 0.6019669771194458 0.07591799646615982 0.05062200129032135 0.07005800306797028
1 0.30334800481796265 0.21961399912834167 0.06092200055718422 0.07753899693489075
2 0.24150097370147705 0.4092180132865906 0.058343999087810516 0.07414399832487106
2 0.36285197734832764 0.3104090094566345 0.05517800152301788 0.07524699717760086
1 0.24279898405075073 0.6401919722557068 0.05280200019478798 0.07295099645853043
1 0.1608620285987854 0.7026990056037903 0.05150900036096573 0.06625200062990189
2 0.5237269997596741 0.701429009437561 0.06029599905014038 0.07892099767923355
2 0.17772799730300903 0.6257249712944031 0.06339000165462494 0.07877299934625626
2 0.341467022895813 0.36701300740242004 0.05657700076699257 0.06817200034856796
2 0.6360269784927368 0.12394600361585617 0.04926300048828125 0.06092600151896477
1 0.12321102619171143 0.5456629991531372 0.052361998707056046 0.07077299803495407
2 0.5975120067596436 0.6842719912528992 0.04889899864792824 0.08136600255966187
2 0.7439000010490417 0.6587870121002197 0.04778600111603737 0.06200899928808212
1 0.7158600091934204 0.5271790027618408 0.048500001430511475 0.05569100007414818
1 0.4409000277519226 0.6085429787635803 0.057863999158144 0.07572799921035767
1 0.33321601152420044 0.7551140189170837 0.039386000484228134 0.0651480033993721
2 0.12462902069091797 0.42624199390411377 0.06385999917984009 0.08528999984264374
1 0.5527989864349365 0.02771499939262867 0.056363001465797424 0.05542999878525734
1 0.7057000398635864 0.6159669756889343 0.04552699998021126 0.06179000064730644
2 0.5303590297698975 0.11681099981069565 0.053095001727342606 0.06798200309276581
2 0.39613401889801025 0.2791309952735901 0.04947799816727638 0.0709180012345314
2 0.6625469923019409 0.6046419739723206 0.04585399851202965 0.06293600052595139
1 0.3727089762687683 0.987820029258728 0.05016700178384781 0.024359000846743584
2 0.7857469916343689 0.4136430025100708 0.042792998254299164 0.06616199761629105
1 0.19859397411346436 0.6918669939041138 0.042778998613357544 0.06496799737215042
2 0.538133978843689 0.20921200513839722 0.0449180006980896 0.06826300173997879
1 0.8499929904937744 0.2786479890346527 0.04769200086593628 0.05744500085711479
2 0.3508639931678772 0.21750099956989288 0.05414099991321564 0.07954200357198715
2 0.2917439937591553 0.6674280166625977 0.059751998633146286 0.07998199760913849
2 0.3725759983062744 0.7491250038146973 0.06854499876499176 0.0807029977440834
1 0.37189799547195435 0.749970018863678 0.06003199890255928 0.0788860023021698
2 0.7679420113563538 0.6823099851608276 0.036125000566244125 0.062238000333309174
2 0.3969789743423462 0.5551049709320068 0.049286000430583954 0.07942099869251251
2 0.5868549942970276 0.1393429934978485 0.049295999109745026 0.06051100045442581
1 0.39730900526046753 0.5556920170783997 0.05184600129723549 0.08021499961614609
1 0.5855950117111206 0.1388009935617447 0.0494609996676445 0.06126999855041504
1 0.5311819911003113 0.11623899638652802 0.051764000207185745 0.0681919977068901
1 0.29129499197006226 0.6648150086402893 0.060823000967502594 0.08330000191926956
1 0.760998010635376 0.5206900238990784 0.04528699815273285 0.05666400119662285
1 0.39672499895095825 0.2754180133342743 0.04467400163412094 0.06499599665403366
2 0.8515089750289917 0.4137760102748871 0.03299900144338608 0.04394200071692467
2 0.2502589821815491 0.3413659930229187 0.051121000200510025 0.06304600089788437
2 0.8680219650268555 0.31435999274253845 0.035433001816272736 0.04055200144648552
1 0.2586979866027832 0.9211459755897522 0.04913099855184555 0.0566370002925396
1 0.8558499813079834 0.48235398530960083 0.04539699852466583 0.05307900160551071
2 0.8562989830970764 0.4826290011405945 0.04494300112128258 0.05021300166845322
2 0.2965390086174011 0.34888601303100586 0.03979099914431572 0.06833899766206741
2 0.9198740124702454 0.47318100929260254 0.028470000252127647 0.03521300107240677
1 0.8684809803962708 0.31544598937034607 0.03514600172638893 0.041092999279499054
2 0.6702569723129272 0.6510040163993835 0.03688199818134308 0.04541800171136856
1 0.3628450036048889 0.30952000617980957 0.055504001677036285 0.07658600062131882
1 0.35496997833251953 0.6891379952430725 0.042079001665115356 0.05089300125837326
