2 0.21390098333358765 0.6878479719161987 0.06575900316238403 0.08384499698877335
2 0.21653801202774048 0.3609989881515503 0.06148799881339073 0.0823189988732338
1 0.07193499803543091 0.5368989706039429 0.062477998435497284 0.08343599736690521
1 0.18601399660110474 0.4562300145626068 0.06190299987792969 0.07801199704408646
1 0.0197409987449646 0.5850409865379333 0.0394820012152195 0.08172900229692459
1 0.2717440128326416 0.9014779925346375 0.054485999047756195 0.07146599888801575
1 0.5960609912872314 0.8011429905891418 0.05104300007224083 0.06437700241804123
2 0.6154899597167969 0.9033039808273315 0.06390000134706497 0.08277200162410736
2 0.7459549903869629 0.6072099804878235 0.04859299957752228 0.0650010034441948
2 0.14009398221969604 0.037884000688791275 0.05445700138807297 0.06842599809169769
1 0.15528100728988647 0.903069019317627 0.060398999601602554 0.07936199754476547
2 0.5161899924278259 0.36097100377082825 0.05025099962949753 0.06661199778318405
2 0.45459502935409546 0.43336400389671326 0.05193600058555603 0.07000499963760376
2 0.4861680269241333 0.3085309863090515 0.049201998859643936 0.06597000360488892
1 0.4259769916534424 0.8748999834060669 0.055918000638484955 0.07569199800491333
2 0.04287397861480713 0.737159013748169 0.06222900003194809 0.07826799899339676
1 0.21673399209976196 0.6021050214767456 0.05576999858021736 0.0636259987950325
2 0.2022160291671753 0.0621739998459816 0.07372300326824188 0.08157800137996674
1 0.10766500234603882 0.870045006275177 0.05718500167131424 0.07661399990320206
2 0.5141890048980713 0.9677680134773254 0.04788900166749954 0.06446299701929092
2 0.11490100622177124 0.645114004611969 0.05989899858832359 0.07462199777364731
2 0.541085958480835 0.16919000446796417 0.0484590008854866 0.06330599635839462
1 0.244035005569458 0.5474629998207092 0.057486001402139664 0.07805600017309189
2 0.7260580062866211 0.7500079870223999 0.047582000494003296 0.05706600099802017
1 0.04201000928878784 0.8547580242156982 0.061774998903274536 0.07589100301265717
1 0.26216697692871094 0.8017160296440125 0.04068399965763092 0.07737500220537186
2 0.42713797092437744 0.874239981174469 0.055025000125169754 0.07534799724817276
2 0.46078598499298096 0.940625011920929 0.06310500204563141 0.08297599852085114
1 0.3866260051727295 0.93510502576828 0.05715300142765045 0.07505100220441818
1 0.12598401308059692 0.5678160190582275 0.050981998443603516 0.06522700190544128
2 0.5583779811859131 0.22788499295711517 0.03146300092339516 0.040890999138355255
1 0.5716849565505981 0.852370023727417 0.044975001364946365 0.0677649974822998
2 0.5557050108909607 0.1304599940776825 0.039271000772714615 0.052111998200416565
2 0.46824002265930176 0.3704800009727478 0.04998699948191643 0.05893100053071976
1 0.5853979587554932 0.7555829882621765 0.051718998700380325 0.06360399723052979
2 0.7106580138206482 0.5718430280685425 0.033507999032735825 0.043696001172065735
1 0.022144019603729248 0.9166550040245056 0.04262999817728996 0.06216700002551079
1 0.43683797121047974 0.2508620023727417 0.05897799879312515 0.07356800138950348
2 0.5844190120697021 0.9375929832458496 0.04742100089788437 0.059188999235630035
1 0.05778098106384277 0.9055010080337524 0.040762998163700104 0.05620500072836876
1 0.011696994304656982 0.6627190113067627 0.023395000025629997 0.07769700139760971
1 0.3104289770126343 0.8585429787635803 0.05687100067734718 0.07421600073575974
1 0.21741098165512085 0.9092940092086792 0.04138699918985367 0.059213001281023026
2 0.9121879935264587 0.37795400619506836 0.02356100082397461 0.029033999890089035
2 0.41468799114227295 0.3427889943122864 0.05118099972605705 0.06490399688482285
1 0.46122097969055176 0.9425399899482727 0.06298399716615677 0.08500999957323074
1 0.23175698518753052 0.45228299498558044 0.052962999790906906 0.07995700091123581
2 0.23125898838043213 0.9718260169029236 0.05933300033211708 0.05634799972176552
2 0.5487459897994995 0.385578989982605 0.038819000124931335 0.050505999475717545
2 0.2315329909324646 0.4527139961719513 0.05678299814462662 0.0784280002117157
2 0.6536439657211304 0.6369439959526062 0.040608000010252 0.0707160010933876
1 0.1727219820022583 0.5787259936332703 0.04157600179314613 0.07167600095272064
2 0.24151301383972168 0.5480949878692627 0.05645199865102768 0.0756630003452301
2 0.7770320177078247 0.6186389923095703 0.02833699993789196 0.041735000908374786
2 0.4617080092430115 0.7024319767951965 0.060444001108407974 0.08110100030899048
1 0.2781659960746765 0.5176830291748047 0.0452210009098053 0.07468599826097488
2 0.7207149863243103 0.7019929885864258 0.04357500001788139 0.05409099906682968
2 0.6597009897232056 0.7184770107269287 0.03232499957084656 0.04283599928021431
2 0.6250709891319275 0.7205129861831665 0.0442500002682209 0.05569100007414818
2 0.9666900038719177 0.20848099887371063 0.02464199997484684 0.030189000070095062
2 0.6883400082588196 0.7175310254096985 0.03361999988555908 0.05031599849462509
2 0.8435080051422119 0.048955000936985016 0.02958099916577339 0.03549300134181976
1 0.6923329830169678 0.6433359980583191 0.03929600119590759 0.06025400012731552
1 0.5282959938049316 0.8402469754219055 0.04879799857735634 0.07015100121498108
1 0.655174970626831 0.6360269784927368 0.04371599853038788 0.07213900238275528
2 0.8946369886398315 0.36469098925590515 0.02553199976682663 0.030928000807762146
2 0.31026601791381836 0.8579419851303101 0.05670800060033798 0.07472699880599976
1 0.4617530107498169 0.7023450136184692 0.060033999383449554 0.08501899987459183
1 0.46817100048065186 0.36928901076316833 0.04937899857759476 0.05940699949860573
2 0.4380379915237427 0.25194400548934937 0.05873100087046623 0.0716399997472763
1 0.41480201482772827 0.3432390093803406 0.05076500028371811 0.06443099677562714
2 0.737267017364502 0.2981469929218292 0.02690199948847294 0.03252200037240982
2 0.17284899950027466 0.5783720016479492 0.04171299934387207 0.07353000342845917
2 0.5294289588928223 0.8416230082511902 0.050645001232624054 0.0719119980931282
2 0.15919601917266846 0.07442399859428406 0.04777900129556656 0.05584299936890602
2 0.8668590188026428 0.27727800607681274 0.02687700092792511 0.030016999691724777
0 0.8494889736175537 0.514054000377655 0.024483999237418175 0.029603000730276108
2 0.8757579922676086 0.2768220007419586 0.029364999383687973 0.0306209996342659
