2 0.6767259836196899 0.08675900101661682 0.09810499846935272 0.11799199879169464
2 0.9064480066299438 0.435247004032135 0.09055499732494354 0.10354799777269363
2 0.5831559896469116 0.633279025554657 0.12442299723625183 0.14957700669765472
2 0.8193410038948059 0.09110700339078903 0.08632499724626541 0.11142200231552124
2 0.7744669914245605 0.7252249717712402 0.10632800310850143 0.12365899980068207
0 0.33160799741744995 0.6711500287055969 0.11410699784755707 0.14647799730300903
2 0.7363319993019104 0.025601999834179878 0.08755700290203094 0.05120500177145004
2 0.31718599796295166 0.9564440250396729 0.1393059939146042 0.08569599688053131
2 0.8801869750022888 0.3783850073814392 0.08902899920940399 0.09355899691581726
2 0.3885830044746399 0.9647819995880127 0.09460499882698059 0.06857799738645554
2 0.3037189841270447 0.9617589712142944 0.10722199827432632 0.07499399781227112
