0 0.4305729866027832 0.15546199679374695 0.04326000064611435 0.07050599902868271
2 0.5971499681472778 0.7895979881286621 0.02821199968457222 0.03475100174546242
0 0.29743802547454834 0.41517698764801025 0.03432999923825264 0.04430900141596794
2 0.6369439959526062 0.7595340013504028 0.028296999633312225 0.035840000957250595
0 0.49035900831222534 0.1256600022315979 0.047276001423597336 0.08153899759054184
2 0.5342229604721069 0.403766006231308 0.03009999915957451 0.038729000836610794
0 0.18492501974105835 0.2445800006389618 0.029890000820159912 0.03915499895811081
0 0.438493013381958 0.09727399796247482 0.04833399876952171 0.05841999873518944
2 0.6186389923095703 0.7721459865570068 0.02640100009739399 0.033647000789642334
0 0.2675520181655884 0.3743489980697632 0.03338500112295151 0.04298499971628189
2 0.021938979625701904 0.9423670172691345 0.04344300180673599 0.06318199634552002
2 0.6326969861984253 0.7633640170097351 0.0318170003592968 0.03567799925804138
1 0.26689398288726807 0.8700670003890991 0.04201300069689751 0.04822700098156929
1 0.6126359701156616 0.715041995048523 0.027170000597834587 0.03601900115609169
0 0.026332974433898926 0.7333239912986755 0.05114400014281273 0.10810499638319016
2 0.2361469864845276 0.4279179871082306 0.026316000148653984 0.03551499918103218
0 0.04875999689102173 0.7164859771728516 0.039329998195171356 0.07804399728775024
