2 0.107541024684906 0.6927459836006165 0.08636300265789032 0.1097790002822876
2 0.1834149956703186 0.4769589900970459 0.0877550020813942 0.10649500042200089
2 0.4619539976119995 0.8848329782485962 0.07472600042819977 0.09466700255870819
2 0.6499879956245422 0.8849660158157349 0.07415500283241272 0.09646099805831909
2 0.09748399257659912 0.5821740031242371 0.08178800344467163 0.10338900238275528
2 0.24970197677612305 0.7143489718437195 0.0530799999833107 0.07608599960803986
2 0.27252501249313354 0.941444993019104 0.06720200181007385 0.08759299665689468
1 0.04640299081802368 0.521353006362915 0.08699899911880493 0.10672599822282791
2 0.9453510046005249 0.35082298517227173 0.0489250011742115 0.0663990005850792
2 0.9038510322570801 0.4661119878292084 0.044495001435279846 0.0471780002117157
2 0.5578160285949707 0.7938460111618042 0.084647998213768 0.09381700307130814
1 0.5744249820709229 0.8684520125389099 0.07509399950504303 0.09453500062227249
1 0.9760169982910156 0.1962680071592331 0.03961599990725517 0.05872200056910515
2 0.8536679744720459 0.8685659766197205 0.03324199840426445 0.041175998747348785
