1 0.33467698097229004 0.8932939767837524 0.053842999041080475 0.06584899872541428
2 0.27850401401519775 0.677374005317688 0.06574100255966187 0.08591099828481674
2 0.5137929916381836 0.42623600363731384 0.050946999341249466 0.07137300074100494
1 0.13649201393127441 0.5304759740829468 0.06276100128889084 0.0803930014371872
1 0.6592830419540405 0.7922970056533813 0.05089600011706352 0.06397899985313416
1 0.07665300369262695 0.5747939944267273 0.06020199880003929 0.07535699754953384
2 0.1089169979095459 0.7247170209884644 0.061813000589609146 0.08134599775075912
2 0.27723997831344604 0.3570510149002075 0.057353999465703964 0.07995600253343582
2 0.808318018913269 0.5991039872169495 0.04704900085926056 0.06202799826860428
1 0.0258370041847229 0.549157977104187 0.05167499929666519 0.0786219984292984
2 0.17800897359848022 0.6360499858856201 0.05907699838280678 0.072953000664711
2 0.5765349864959717 0.35298100113868713 0.048347000032663345 0.0664139986038208
2 0.6005799770355225 0.1634259968996048 0.05000000074505806 0.06606800109148026
1 0.6316660046577454 0.8454679846763611 0.04682299867272377 0.06123799830675125
1 0.22068500518798828 0.8901320099830627 0.058570001274347305 0.07846900075674057
2 0.5763280391693115 0.963932991027832 0.049796998500823975 0.06781599670648575
1 0.37259799242019653 0.8481580018997192 0.05879899859428406 0.07047700136899948
1 0.17387902736663818 0.8592420220375061 0.05703600123524666 0.07676500082015991
1 0.5224649906158447 0.9300159811973572 0.06361299753189087 0.082737997174263
1 0.2813889980316162 0.8978809714317322 0.04210200160741806 0.059544000774621964
2 0.4751179814338684 0.33544498682022095 0.05105699971318245 0.06734400242567062
1 0.06036299467086792 0.6496880054473877 0.06154699996113777 0.0768200010061264
2 0.6742669939994812 0.890021026134491 0.057642001658678055 0.07331299781799316
1 0.44916701316833496 0.9250289797782898 0.058044999837875366 0.07609099894762039
2 0.7884950041770935 0.7407000064849854 0.04412499815225601 0.05644499883055687
1 0.6461780071258545 0.745058000087738 0.05440500006079674 0.05781799927353859
1 0.4894949793815613 0.8641070127487183 0.0536389984190464 0.07433199882507324
1 0.3246009945869446 0.7907919883728027 0.03871599957346916 0.07629299908876419
2 0.2599790096282959 0.05886799842119217 0.06760799884796143 0.07861299812793732
2 0.544903039932251 0.3009139895439148 0.05009499937295914 0.06901799887418747
2 0.6157100200653076 0.12147600203752518 0.0433569997549057 0.04699299857020378
2 0.6826900243759155 0.8996210098266602 0.05620599910616875 0.07853399962186813
1 0.08705699443817139 0.9046339988708496 0.05077400058507919 0.060809001326560974
1 0.5898169875144958 0.8283569812774658 0.04786999896168709 0.06599300354719162
1 0.05355900526046753 0.7541509866714478 0.05073000118136406 0.07129199802875519
2 0.6215929985046387 0.22412699460983276 0.03103799931704998 0.03940499946475029
2 0.29232698678970337 0.4467720091342926 0.050498999655246735 0.07434699684381485
1 0.27949297428131104 0.5919240117073059 0.05712699890136719 0.07044100016355515
2 0.20238101482391357 0.03647800162434578 0.05328400060534477 0.0672760009765625
1 0.2446650266647339 0.4482089877128601 0.06051599979400635 0.08083099871873856
1 0.23760998249053955 0.5685439705848694 0.04272399842739105 0.06998199969530106
1 0.3054819703102112 0.5404229760169983 0.057489000260829926 0.07549499720335007
2 0.47967302799224854 0.41602399945259094 0.03690600022673607 0.05011399835348129
1 0.5759519934654236 0.11775500327348709 0.03552699834108353 0.048962000757455826
2 0.29614198207855225 0.9671339988708496 0.05748099833726883 0.0657309964299202
2 0.9366530179977417 0.2715989947319031 0.029241999611258507 0.02889999933540821
1 0.4969930052757263 0.24591900408267975 0.061234001070261 0.07329300045967102
2 0.10770297050476074 0.8423849940299988 0.06235300004482269 0.07507599890232086
1 0.5229640007019043 0.6910030245780945 0.05961599946022034 0.08393000066280365
1 0.5442999601364136 0.3016360104084015 0.05085400119423866 0.06750799715518951
2 0.8415980339050293 0.6157860159873962 0.028308000415563583 0.03975500166416168
1 0.12467998266220093 0.8942869901657104 0.042525000870227814 0.05677599832415581
2 0.9620569944381714 0.36269399523735046 0.02721099928021431 0.03374100103974342
2 0.6081820130348206 0.37590599060058594 0.037787001579999924 0.047965001314878464
2 0.3045409917831421 0.5389630198478699 0.05560100078582764 0.07445099949836731
1 0.5291680097579956 0.3639400005340576 0.05350799858570099 0.05840599909424782
2 0.9811339974403381 0.37257200479507446 0.024007000029087067 0.028842000290751457
1 0.19091802835464478 0.5615649819374084 0.049653999507427216 0.06335300207138062
1 0.6867760419845581 0.7158390283584595 0.04716299846768379 0.06123499944806099
2 0.7754709720611572 0.5670170187950134 0.031870998442173004 0.04174099862575531
1 0.6462540030479431 0.9300339818000793 0.04407399892807007 0.06155800074338913
2 0.2469329833984375 0.4485059976577759 0.05955599993467331 0.08060000091791153
2 0.48950499296188354 0.8624100089073181 0.053509000688791275 0.0741019994020462
2 0.7314319610595703 0.627623975276947 0.07264500111341476 0.07829300314188004
1 0.10775101184844971 0.8423110246658325 0.06174800172448158 0.07495000213384628
2 0.7185900211334229 0.6288800239562988 0.04705300182104111 0.07520200312137604
2 0.9080079793930054 0.04382000118494034 0.0302520003169775 0.03418400138616562
2 0.5164250135421753 0.22019700706005096 0.04630099982023239 0.06459400057792664
2 0.33777302503585815 0.5059080123901367 0.048385001718997955 0.07129199802875519
1 0.47525501251220703 0.33608001470565796 0.049672000110149384 0.06513600051403046
1 0.7830680012702942 0.6939839720726013 0.044411998242139816 0.05523800104856491
1 0.7203750014305115 0.6294869780540466 0.050634998828172684 0.07546699792146683
1 0.2957419753074646 0.96663498878479 0.05878100171685219 0.06673099845647812
2 0.6213549971580505 0.30589500069618225 0.027620000764727592 0.03361799940466881
2 0.2196750044822693 0.06984800100326538 0.04517199844121933 0.053240999579429626
1 0.6868619918823242 0.7484210133552551 0.03906799852848053 0.043602000921964645
2 0.5293200016021729 0.36320099234580994 0.05221499875187874 0.056894998997449875
0 0.9156889915466309 0.5110740065574646 0.02315800078213215 0.028282999992370605
2 0.8016890287399292 0.2939690053462982 0.02523599937558174 0.02977300062775612
2 0.7877510190010071 0.4838719964027405 0.040330998599529266 0.058028001338243484
2 0.7416750192642212 0.6302300095558167 0.06064800173044205 0.07380899786949158
2 0.2798349857330322 0.5925890207290649 0.05561700090765953 0.06603900343179703
