2 0.7242980003356934 0.6386709809303284 0.08164700120687485 0.0888030007481575
2 0.5629979968070984 0.2866849899291992 0.08687599748373032 0.11139199882745743
2 0.7513319849967957 0.6975550055503845 0.08442199975252151 0.09796199947595596
2 0.7088840007781982 0.14784300327301025 0.08842699974775314 0.1095070019364357
2 0.5127099752426147 0.3873730003833771 0.09484600275754929 0.10950999706983566
2 0.9001879692077637 0.5234519839286804 0.09226900339126587 0.10960999876260757
0 0.07954299449920654 0.03918199986219406 0.09681600332260132 0.07836399972438812
2 0.6510820388793945 0.37089601159095764 0.08026000112295151 0.10593599826097488
1 0.6294740438461304 0.9736440181732178 0.11019200086593628 0.05260999873280525
2 0.9777690172195435 0.6493120193481445 0.04338100180029869 0.10517500340938568
0 0.1988549828529358 0.9685090184211731 0.11507999897003174 0.06180800125002861
2 0.4344710111618042 0.9448429942131042 0.11977700144052505 0.11031399667263031
2 0.600288987159729 0.4710730016231537 0.08127500116825104 0.06925900280475616
2 0.5988689661026001 0.8841320276260376 0.0752279981970787 0.09825199842453003
0 0.262175977230072 0.10189399868249893 0.07838699966669083 0.13567599654197693
