2 0.15694400668144226 0.39535099267959595 0.07843899726867676 0.09727399796247482
2 0.5827739834785461 0.4677630066871643 0.08047100156545639 0.09338600188493729
2 0.597819983959198 0.1559460163116455 0.08162099868059158 0.10000299662351608
2 0.5401620268821716 0.584926962852478 0.07582800090312958 0.09161700308322906
2 0.13389499485492706 0.5786190032958984 0.07939500361680984 0.1003739982843399
2 0.6688060164451599 0.2908899784088135 0.08415000140666962 0.09634999930858612
2 0.14763200283050537 0.11324101686477661 0.06622300297021866 0.07849899679422379
2 0.20255699753761292 0.3170750141143799 0.05429999902844429 0.06728199869394302
1 0.22033299505710602 0.548570990562439 0.0824659988284111 0.09979499876499176
2 0.17804299294948578 0.4911959767341614 0.07190900295972824 0.09077499806880951
1 0.6081169843673706 0.8395529985427856 0.07620099931955338 0.08102100342512131
2 0.60760098695755 0.8388620018959045 0.07558500021696091 0.08491300046443939
2 0.7484830021858215 0.9860270023345947 0.09024100005626678 0.027946000918745995
1 0.1836490035057068 0.49024301767349243 0.08295600116252899 0.09396100044250488
