2 0.4634999930858612 0.6016069650650024 0.06594199687242508 0.08736100047826767
2 0.12936800718307495 0.2934269905090332 0.05443499982357025 0.07225699722766876
2 0.6301730275154114 0.5398319959640503 0.0628499984741211 0.08104100078344345
2 0.9127259850502014 0.4332519769668579 0.06196599826216698 0.0822099968791008
1 0.3921310007572174 0.3804280161857605 0.05603799968957901 0.06746599823236465
2 0.16590000689029694 0.22446799278259277 0.04462800174951553 0.06025300174951553
2 0.1370140016078949 0.1510469913482666 0.045743998140096664 0.058058001101017
2 0.23495399951934814 0.417913019657135 0.053915999829769135 0.06996099650859833
2 0.5652239918708801 0.6361119747161865 0.05920000001788139 0.07413300126791
2 0.22707800567150116 0.8695200085639954 0.057204000651836395 0.0724399983882904
2 0.6821399927139282 0.6165649890899658 0.06171799823641777 0.08482000231742859
1 0.6126899719238281 0.7381139993667603 0.06522499769926071 0.09030000120401382
1 0.4042769968509674 0.048134028911590576 0.03771800175309181 0.047846999019384384
2 0.05339600145816803 0.3357120156288147 0.04859599843621254 0.06294800341129303
2 0.19788600504398346 0.36858999729156494 0.056508999317884445 0.08372800052165985
1 0.055034998804330826 0.49412697553634644 0.052365001291036606 0.06443300098180771
2 0.0380919985473156 0.3997799754142761 0.05225300043821335 0.0684410035610199
1 0.5073069930076599 0.8299750089645386 0.05917299911379814 0.07879599928855896
2 0.269661009311676 0.347337007522583 0.060162000358104706 0.07939500361680984
1 0.7268239855766296 0.7157520055770874 0.06445399671792984 0.08154699951410294
2 0.6205970048904419 0.41636502742767334 0.06386999785900116 0.08023100346326828
1 0.6712679862976074 0.6917780041694641 0.05993200093507767 0.07903700321912766
2 0.941631019115448 0.48281002044677734 0.046594999730587006 0.06101299822330475
2 0.9780579805374146 0.4444209933280945 0.04388299956917763 0.07379099726676941
1 0.4457220137119293 0.7428419589996338 0.05894799903035164 0.081386998295784
1 0.3603520095348358 0.440155029296875 0.061709001660346985 0.07339999824762344
1 0.6322489976882935 0.34057098627090454 0.05078199878334999 0.06571099907159805
2 0.21446900069713593 0.6189799904823303 0.06414700299501419 0.08434499800205231
1 0.4381740093231201 0.36103302240371704 0.04073899984359741 0.04604699835181236
1 0.5102120041847229 0.38063400983810425 0.0577160008251667 0.08355999737977982
2 0.26450100541114807 0.855072021484375 0.048330001533031464 0.06931000202894211
2 0.9857789874076843 0.5175279974937439 0.02844199910759926 0.07538700103759766
2 0.1263989955186844 0.4516649842262268 0.04875500127673149 0.0654670000076294
2 0.5071070194244385 0.38034898042678833 0.059803999960422516 0.08508100360631943
1 0.08042500168085098 0.44199198484420776 0.0488089993596077 0.06983699649572372
2 0.1654990017414093 0.9462419748306274 0.05394100025296211 0.06499700248241425
1 0.4079059958457947 0.49433499574661255 0.04777500033378601 0.08240699768066406
2 0.27319300174713135 0.9484000205993652 0.052917998284101486 0.06890899688005447
2 0.21423600614070892 0.928820013999939 0.05288200080394745 0.06210000067949295
1 0.06677699834108353 0.5345630049705505 0.05136900022625923 0.05889799818396568
1 0.46462100744247437 0.6806319952011108 0.05823599919676781 0.06469099968671799
1 0.4606179893016815 0.8348720073699951 0.05443599820137024 0.08344800025224686
2 0.016174999997019768 0.37344902753829956 0.03214700147509575 0.06548099964857101
1 0.5559989809989929 0.4034540057182312 0.053679998964071274 0.07339199632406235
2 0.20359599590301514 0.9781339764595032 0.06235000118613243 0.043731000274419785
1 0.48207300901412964 0.9316700100898743 0.05709400027990341 0.08185599744319916
2 0.48296499252319336 0.9318529963493347 0.05624299868941307 0.08113200217485428
1 0.5297250151634216 0.12127602100372314 0.04865099862217903 0.06039299815893173
2 0.08034399896860123 0.441290020942688 0.04931600019335747 0.07051999866962433
2 0.4639289975166321 0.6832590103149414 0.058789998292922974 0.06764400005340576
2 0.5550370216369629 0.7062230110168457 0.04986200109124184 0.06590200215578079
2 0.4290890097618103 0.296720027923584 0.06541100144386292 0.08339499682188034
1 0.5075719952583313 0.6978229880332947 0.04212300106883049 0.07166499644517899
2 0.009207000024616718 0.6536610126495361 0.018309999257326126 0.07422000169754028
1 0.43062499165534973 0.29509198665618896 0.0675550028681755 0.0866909995675087
2 0.11868400126695633 0.40159398317337036 0.045740000903606415 0.052278000861406326
1 0.674921989440918 0.4940040111541748 0.05191899836063385 0.07168599963188171
1 0.5972489714622498 0.3509029746055603 0.0443819984793663 0.06383699923753738
2 0.09709899872541428 0.9915249943733215 0.05165199935436249 0.016757000237703323
2 0.5295159816741943 0.12151801586151123 0.048475999385118484 0.05947599932551384
1 0.9604849815368652 0.04283398389816284 0.05007199943065643 0.05706699937582016
2 0.9841880202293396 0.7105770111083984 0.031137999147176743 0.08416400104761124
1 0.2695559859275818 0.34739798307418823 0.05947300046682358 0.07918400317430496
2 0.4612419903278351 0.8348469734191895 0.05797800049185753 0.08432000130414963
1 0.39273500442504883 0.30559301376342773 0.035642001777887344 0.08190599828958511
1 0.8230710029602051 0.9889349937438965 0.06210999935865402 0.022130999714136124
2 0.3922390043735504 0.3049839735031128 0.03551099821925163 0.08339600265026093
