2 0.9720280170440674 0.1631619930267334 0.05482500046491623 0.11039499938488007
2 0.9385179877281189 0.2731040120124817 0.08748199790716171 0.11314000189304352
2 0.22069799900054932 0.38450199365615845 0.08752699941396713 0.10002399981021881
2 0.5433589816093445 0.8444579839706421 0.0887880027294159 0.10299299657344818
2 0.4654189944267273 0.7183849811553955 0.08489000052213669 0.1029369980096817
2 0.7929890155792236 0.4157400131225586 0.08480899780988693 0.10625900328159332
2 0.902167022228241 0.08297997713088989 0.07920099794864655 0.08782400190830231
2 0.8470510244369507 0.20292997360229492 0.0782100036740303 0.10297500342130661
2 0.23810400068759918 0.4593070149421692 0.07895900309085846 0.08894000202417374
2 0.31810399889945984 0.3998379707336426 0.07783299684524536 0.09363500028848648
1 0.6018999814987183 0.07060897350311279 0.0878010019659996 0.10218600183725357
2 0.6032770276069641 0.07016700506210327 0.08805300295352936 0.10326900333166122
2 0.045253999531269073 0.8217790126800537 0.0563029982149601 0.07048500329256058
2 0.04006199911236763 0.4104340076446533 0.08012399822473526 0.0847650021314621
1 0.00901500042527914 0.6403650045394897 0.01769999973475933 0.10740800201892853
2 0.02729400061070919 0.4188929796218872 0.05458800122141838 0.07556899636983871
2 0.46298399567604065 0.992671012878418 0.061549000442028046 0.014657000079751015
