2 0.6616129875183105 0.5527949929237366 0.06625299900770187 0.08452299982309341
2 0.8298220038414001 0.49712902307510376 0.061771001666784286 0.078855000436306
2 0.3449850082397461 0.24097299575805664 0.04939199984073639 0.06670500338077545
2 0.35793599486351013 0.10284000635147095 0.04303000122308731 0.05561099946498871
1 0.5965269804000854 0.33215200901031494 0.05390100181102753 0.06704500317573547
1 0.865818977355957 0.6521440148353577 0.057627998292446136 0.08085700124502182
2 0.11999800056219101 0.617501974105835 0.04806499928236008 0.06186499819159508
1 0.8072320222854614 0.6943979859352112 0.06259500235319138 0.09063199907541275
2 0.7620760202407837 0.5919339656829834 0.05969399958848953 0.07410600036382675
2 0.13418200612068176 0.4638350009918213 0.04553399980068207 0.056001998484134674
2 0.672461986541748 0.8797490000724792 0.06312499940395355 0.0825359970331192
2 0.4782260060310364 0.2973260283470154 0.055814001709222794 0.07350599765777588
2 0.42840299010276794 0.8040210008621216 0.05272600054740906 0.0691170021891594
2 0.385345995426178 0.17470502853393555 0.04166100174188614 0.057686999440193176
2 0.824347972869873 0.37416601181030273 0.06314700096845627 0.07961100339889526
1 0.8409219980239868 0.29756999015808105 0.052824001759290695 0.06809200346469879
1 0.9221090078353882 0.6780920028686523 0.06407099962234497 0.0830639973282814
2 0.4427030086517334 0.3635979890823364 0.05112000182271004 0.06943800300359726
2 0.40084999799728394 0.9251649975776672 0.050383999943733215 0.07144899666309357
1 0.7590399980545044 0.3598319888114929 0.05328499898314476 0.07313799858093262
2 0.27435898780822754 0.2809180021286011 0.04703899845480919 0.06210000067949295
2 0.4156869947910309 0.5601589679718018 0.06034399941563606 0.08057700097560883
2 0.4050610065460205 0.31681299209594727 0.049566999077796936 0.08048100024461746
1 0.2695089876651764 0.43644601106643677 0.04850500077009201 0.062157999724149704
1 0.668578028678894 0.24522298574447632 0.038120001554489136 0.06614699959754944
2 0.36754998564720154 0.8760499954223633 0.05065799877047539 0.06232199817895889
1 0.8788610100746155 0.4535229802131653 0.051823001354932785 0.07255999743938446
2 0.47207000851631165 0.8849070072174072 0.052615001797676086 0.06832200288772583
2 0.2570900022983551 0.3429499864578247 0.04748699814081192 0.06040799990296364
2 0.6613550186157227 0.6333780288696289 0.056338999420404434 0.07018499821424484
2 0.8784840106964111 0.5759279727935791 0.061230000108480453 0.08002699911594391
1 0.5620149970054626 0.39224499464035034 0.05791100114583969 0.07396599650382996
2 0.606311023235321 0.7211350202560425 0.04866499826312065 0.07101599872112274
1 0.7008150219917297 0.7810289859771729 0.05931700021028519 0.07787899672985077
2 0.6396470069885254 0.6901739835739136 0.05634300038218498 0.0774649977684021
1 0.4509029984474182 0.9725069999694824 0.05944399908185005 0.05498500168323517
1 0.2954710125923157 0.3849639892578125 0.04538600146770477 0.06007999926805496
2 0.6535459756851196 0.7838910222053528 0.06003599986433983 0.08236400038003922
2 0.3391270041465759 0.39662498235702515 0.04857100173830986 0.0629429966211319
1 0.6269850134849548 0.012147009372711182 0.05020499974489212 0.02429400011897087
1 0.2841390073299408 0.47570502758026123 0.04667599871754646 0.051121000200510025
1 0.742838978767395 0.07679098844528198 0.04816199839115143 0.05831100046634674
1 0.4164850115776062 0.8629779815673828 0.049959998577833176 0.0606670007109642
1 0.15039899945259094 0.7226359844207764 0.04634900018572807 0.057096999138593674
2 0.23326699435710907 0.320406973361969 0.03827900066971779 0.06334800273180008
2 0.4636780023574829 0.7939950227737427 0.04464900121092796 0.06635300070047379
1 0.8028280138969421 0.30784499645233154 0.041485000401735306 0.06268800050020218
2 0.2147810012102127 0.5895400047302246 0.04223399981856346 0.06732600182294846
2 0.6284580230712891 0.251895010471344 0.07142899930477142 0.07915999740362167
2 0.1315550059080124 0.6861119866371155 0.035326000303030014 0.04125500097870827
1 0.712116003036499 0.33552998304367065 0.061368998140096664 0.08456200361251831
2 0.7114779949188232 0.33507800102233887 0.06097700074315071 0.085037000477314
1 0.6077970266342163 0.4467419981956482 0.04840200021862984 0.08090600371360779
2 0.1434600055217743 0.5185270309448242 0.04430700093507767 0.050599001348018646
2 0.4165720045566559 0.8628450036048889 0.05080600082874298 0.060791999101638794
1 0.6301199793815613 0.25109797716140747 0.06094200164079666 0.07760299742221832
2 0.7517790198326111 0.6595300436019897 0.05178700014948845 0.06399799883365631
2 0.6084380149841309 0.44594597816467285 0.04625900089740753 0.07935699820518494
1 0.23892000317573547 0.47982197999954224 0.04484599828720093 0.056085001677274704
2 0.14848700165748596 0.5855230093002319 0.03421799838542938 0.043939001858234406
1 0.6059309840202332 0.7242909669876099 0.04688100144267082 0.06578300148248672
2 0.0795150026679039 0.5272040367126465 0.028348999097943306 0.035151999443769455
2 0.7055249810218811 0.6509610414505005 0.04308300092816353 0.06998500227928162
1 0.3687480092048645 0.8755680322647095 0.04982699826359749 0.06381300091743469
1 0.40262600779533386 0.9250839948654175 0.05256599932909012 0.07245499640703201
2 0.33276399970054626 0.8487600088119507 0.03718100115656853 0.0438620001077652
1 0.6390249729156494 0.6908519864082336 0.057068001478910446 0.07761500030755997
2 0.6037529706954956 0.25791001319885254 0.035617001354694366 0.0815109983086586
1 0.13120199739933014 0.6851800084114075 0.03491400182247162 0.042110998183488846
1 0.6462550163269043 0.3110780119895935 0.04402900114655495 0.05213300138711929
2 0.1169700026512146 0.5337330102920532 0.03089199960231781 0.0381460003554821
