2 0.6554409861564636 0.5549169778823853 0.06426800042390823 0.08647499978542328
1 0.5914289951324463 0.3339589834213257 0.0552930012345314 0.0677189975976944
2 0.35728299617767334 0.10341399908065796 0.04447999969124794 0.05593099817633629
2 0.3435400128364563 0.24232298135757446 0.0506649985909462 0.0685420036315918
2 0.8239690065383911 0.4991390109062195 0.0640529990196228 0.08135499805212021
1 0.801485002040863 0.6975430250167847 0.06329499930143356 0.08988499641418457
1 0.26642000675201416 0.4352269768714905 0.050060998648405075 0.06137600168585777
2 0.42135700583457947 0.8057169914245605 0.05422599986195564 0.06781300157308578
2 0.38418200612068176 0.17537802457809448 0.04132499918341637 0.05755700170993805
2 0.1162939965724945 0.6166130304336548 0.050613999366760254 0.06308300048112869
1 0.861640989780426 0.6545220017433167 0.05631300061941147 0.07762599736452103
2 0.6642420291900635 0.8826799988746643 0.06251399964094162 0.0852150022983551
1 0.9156079888343811 0.6813759803771973 0.06455899775028229 0.08004199713468552
1 0.8370919823646545 0.3005880117416382 0.05030199885368347 0.06654399633407593
2 0.1328659951686859 0.46304601430892944 0.047773998230695724 0.05777300149202347
2 0.4091910123825073 0.5608699917793274 0.06167899817228317 0.07986799627542496
2 0.7551910281181335 0.592831015586853 0.05674700066447258 0.0756869986653328
2 0.6556940078735352 0.6368150115013123 0.0554950013756752 0.07008100301027298
2 0.8197519779205322 0.37709999084472656 0.06194299831986427 0.07978399842977524
2 0.8728920221328735 0.5780500173568726 0.06265400350093842 0.08029799908399582
2 0.27177101373672485 0.2816529870033264 0.04692000150680542 0.061326999217271805
2 0.36138299107551575 0.8775010108947754 0.047832001000642776 0.06026599928736687
2 0.6336619853973389 0.6926980018615723 0.055688001215457916 0.07637300342321396
1 0.8737050294876099 0.45542699098587036 0.05088900029659271 0.06901700049638748
1 0.29024600982666016 0.3839219808578491 0.044043999165296555 0.06092200055718422
2 0.43756699562072754 0.3633750081062317 0.05265999957919121 0.0743509978055954
1 0.28161901235580444 0.4762679934501648 0.04891899973154068 0.04978000000119209
1 0.1493549942970276 0.7241640090942383 0.047237999737262726 0.060210999101400375
2 0.33456701040267944 0.39593398571014404 0.04663499817252159 0.06327600032091141
1 0.4443170130252838 0.9734730124473572 0.05594500154256821 0.053054001182317734
2 0.40081900358200073 0.3190310001373291 0.05320800095796585 0.0784749984741211
1 0.55560302734375 0.39297401905059814 0.056940000504255295 0.07594600319862366
1 0.7553550004959106 0.3625289797782898 0.05339900031685829 0.07358500361442566
2 0.23291300237178802 0.32004600763320923 0.046620000153779984 0.0671830028295517
1 0.6265760064125061 0.012856006622314453 0.050749000161886215 0.02571200020611286
2 0.6006140112876892 0.7253320217132568 0.0478769987821579 0.06806600093841553
2 0.4651939868927002 0.8855379819869995 0.05194000154733658 0.06997600197792053
1 0.693917989730835 0.7828860282897949 0.05842500180006027 0.0760670006275177
2 0.4096750020980835 0.8628239631652832 0.049008000642061234 0.060446999967098236
2 0.4733389914035797 0.29960399866104126 0.060903001576662064 0.07831300050020218
1 0.7060179710388184 0.3370950222015381 0.05927199870347977 0.08542899787425995
1 0.6259689927101135 0.2517300248146057 0.0602089986205101 0.07692199945449829
1 0.7998390197753906 0.31231802701950073 0.0440949983894825 0.0643410012125969
1 0.4376319944858551 0.3619229793548584 0.05137600004673004 0.07394299656152725
1 0.2527419924736023 0.344232976436615 0.049550000578165054 0.057773999869823456
2 0.7056400179862976 0.3344839811325073 0.06018500030040741 0.08091100305318832
2 0.6464229822158813 0.7834789752960205 0.05286499857902527 0.07996299862861633
2 0.4577159881591797 0.7920060157775879 0.04261200129985809 0.06553900241851807
2 0.3945150077342987 0.9265739917755127 0.05131800100207329 0.068121999502182
1 0.6561689972877502 0.6338980197906494 0.05558000132441521 0.06793999671936035
1 0.6639969944953918 0.24723702669143677 0.03962500020861626 0.0634090006351471
1 0.1412860006093979 0.5169860124588013 0.043251000344753265 0.05121700093150139
1 0.7397890090942383 0.08123302459716797 0.047630999237298965 0.057130999863147736
2 0.6008480191230774 0.4470369815826416 0.049251001328229904 0.08071199804544449
2 0.7462980151176453 0.6620869636535645 0.04994099959731102 0.06514900177717209
1 0.6432979702949524 0.3132150173187256 0.04344499856233597 0.05325400084257126
2 0.20980800688266754 0.588953971862793 0.04630900174379349 0.06958500295877457
2 0.24999499320983887 0.34173399209976196 0.055994000285863876 0.06274999678134918
1 0.6003860235214233 0.44679200649261475 0.050762999802827835 0.08076400309801102
1 0.6339160203933716 0.69309401512146 0.05662500113248825 0.07782600075006485
1 0.3958680033683777 0.9261159896850586 0.05459799990057945 0.06980500370264053
1 0.4757089912891388 0.2972570061683655 0.059487998485565186 0.07601000368595123
1 0.1298840045928955 0.6860530376434326 0.03465599939227104 0.040150001645088196
1 0.4857519865036011 0.4548010230064392 0.048315998166799545 0.06118600070476532
2 0.6228839755058289 0.2518150210380554 0.07018499821424484 0.08446399867534637
1 0.2373879998922348 0.4811369776725769 0.04602900147438049 0.05585600063204765
1 0.6995670199394226 0.6531310081481934 0.042785998433828354 0.06866899877786636
2 0.14754299819469452 0.5858229994773865 0.034699998795986176 0.044879000633955
2 0.07945200055837631 0.5272079706192017 0.027820000424981117 0.03449900075793266
1 0.21371400356292725 0.5901229977607727 0.03988699987530708 0.067112997174263
1 0.17292200028896332 0.49763697385787964 0.03268799930810928 0.051555000245571136
2 0.17418600618839264 0.5830320119857788 0.03632200136780739 0.045572999864816666
2 0.23995399475097656 0.3297550082206726 0.05964700132608414 0.07855899631977081
2 0.6999980211257935 0.653488039970398 0.043219998478889465 0.06829199939966202
2 0.13037100434303284 0.6859790086746216 0.034887999296188354 0.03928299993276596
2 0.3269209861755371 0.35022902488708496 0.036924999207258224 0.04567199945449829
