2 0.08230700343847275 0.2688329815864563 0.028459999710321426 0.03728700056672096
2 0.06196200102567673 0.2855200171470642 0.027684999629855156 0.03515100106596947
2 0.042059000581502914 0.2995529770851135 0.028155000880360603 0.03687800094485283
0 0.25713199377059937 0.9138910174369812 0.042045000940561295 0.0815889984369278
0 0.9827550053596497 0.31836098432540894 0.03449099883437157 0.05242700129747391
0 0.19711899757385254 0.9482079744338989 0.04958900064229965 0.08104199916124344
0 0.4992240071296692 0.8146989941596985 0.030189000070095062 0.036313001066446304
0 0.38732901215553284 0.6501330137252808 0.033817000687122345 0.043786998838186264
0 0.9854180216789246 0.5232329964637756 0.02916399948298931 0.05095899850130081
1 0.4100640118122101 0.2100449800491333 0.039684001356363297 0.0473719984292984
0 0.2932429909706116 0.9583420157432556 0.049042001366615295 0.07229500263929367
0 0.2484699934720993 0.9730799794197083 0.05044399946928024 0.053839001804590225
0 0.4162690043449402 0.692326009273529 0.0311489999294281 0.03863200172781944
2 0.15113399922847748 0.6625739932060242 0.031902000308036804 0.03954499959945679
1 0.34188899397850037 0.3291590213775635 0.02364400029182434 0.03616200014948845
