2 0.8193550109863281 0.550307035446167 0.07880300283432007 0.09966199845075607
2 0.621321976184845 0.5590740442276001 0.07334599643945694 0.09245599806308746
2 0.97496497631073 0.2561839818954468 0.05006999894976616 0.08282499760389328
2 0.9825180172920227 0.4607999920845032 0.034630000591278076 0.08440300077199936
2 0.26732298731803894 0.5688929557800293 0.02845899946987629 0.03575599938631058
2 0.2721180021762848 0.6354700326919556 0.03267600014805794 0.04214100167155266
2 0.16845999658107758 0.3121489882469177 0.029512999579310417 0.03527100011706352
1 0.705407977104187 0.5802860260009766 0.07481800019741058 0.09497600048780441
1 0.9430320262908936 0.27014100551605225 0.05014200136065483 0.07173500210046768
0 0.7170090079307556 0.6516630053520203 0.08349499851465225 0.08519300073385239
1 0.06749700009822845 0.03338700532913208 0.05631700158119202 0.0626320019364357
2 0.24951599538326263 0.8860340118408203 0.036754000931978226 0.0426970012485981
2 0.29277101159095764 0.45684802532196045 0.031957998871803284 0.036997001618146896
2 0.7395359873771667 0.29582297801971436 0.035443998873233795 0.048454999923706055
