2 0.6767269968986511 0.5743889808654785 0.06620799750089645 0.08451800048351288
1 0.9408010244369507 0.7017899751663208 0.06412500143051147 0.07919500023126602
1 0.8243129849433899 0.7171480059623718 0.06341499835252762 0.08495000004768372
2 0.3734390139579773 0.12580400705337524 0.044390998780727386 0.05693599954247475
1 0.7152789831161499 0.8076760172843933 0.06023800000548363 0.0770139992237091
2 0.3613860011100769 0.26448601484298706 0.05070799961686134 0.06788700073957443
1 0.8854849934577942 0.6767330169677734 0.05879100039601326 0.07458200305700302
1 0.8972529768943787 0.5962719917297363 0.06072700023651123 0.07741700112819672
2 0.1329129934310913 0.640625 0.0481100007891655 0.060993000864982605
2 0.14982500672340393 0.4878690242767334 0.045340001583099365 0.057231999933719635
1 0.8575609922409058 0.32063502073287964 0.0489949993789196 0.06567300111055374
2 0.45578500628471375 0.38602399826049805 0.0511230006814003 0.07005900144577026
1 0.8960310220718384 0.4758570194244385 0.051430001854896545 0.0719740018248558
2 0.2893649935722351 0.3041350245475769 0.048257000744342804 0.06273599714040756
2 0.3997749984264374 0.19805598258972168 0.04124300181865692 0.06017500162124634
2 0.6892979741096497 0.90447598695755 0.05823000147938728 0.08166199922561646
2 0.2686080038547516 0.3634260296821594 0.05295199900865555 0.06750400364398956
1 0.6554579734802246 0.7173190116882324 0.05888399854302406 0.07741499692201614
2 0.419048011302948 0.3389170169830322 0.053672999143600464 0.08124200254678726
1 0.611066997051239 0.3540319800376892 0.05499200150370598 0.06921400129795074
1 0.7285839915275574 0.35690897703170776 0.0593549981713295 0.08168700337409973
2 0.44241899251937866 0.8300740122795105 0.052032001316547394 0.06875699758529663
2 0.4937170147895813 0.31999897956848145 0.05813499912619591 0.08055000007152557
1 0.6609709858894348 0.3339869976043701 0.04320099949836731 0.05279900133609772
1 0.3095729947090149 0.4083380103111267 0.04712099954485893 0.06456500291824341
1 0.7675529718399048 0.6850619912147522 0.05099400132894516 0.06408199667930603
2 0.42942601442337036 0.5820940136909485 0.058821000158786774 0.07924000173807144
2 0.22539900243282318 0.613353967666626 0.04923899844288826 0.07038900256156921
1 0.758882999420166 0.09926497936248779 0.047554001212120056 0.05732300132513046
2 0.4854559898376465 0.9119390249252319 0.05183200165629387 0.06694299727678299
1 0.6686339974403381 0.8083000183105469 0.05480699986219406 0.0823109969496727
1 0.2838970124721527 0.45907700061798096 0.048544999212026596 0.060933999717235565
1 0.8211889863014221 0.32978999614715576 0.0436290018260479 0.06488499790430069
2 0.24991799890995026 0.34411197900772095 0.04637100175023079 0.06466100364923477
1 0.6764640212059021 0.6584869623184204 0.057016000151634216 0.06481499969959259
1 0.7210299968719482 0.6773470044136047 0.043467000126838684 0.06774300336837769
2 0.6412360072135925 0.27187198400497437 0.07187200337648392 0.08736400306224823
1 0.6224259734153748 0.46683400869369507 0.0466650016605854 0.0793749988079071
1 0.2548750042915344 0.5035879611968994 0.04722300171852112 0.05840799957513809
1 0.7747120261192322 0.3825500011444092 0.05482200160622597 0.07677300274372101
2 0.38231000304222107 0.9013400077819824 0.05134199932217598 0.06463199853897095
1 0.8422290086746216 0.39650702476501465 0.06252100318670273 0.0799110010266304
1 0.42892199754714966 0.888500988483429 0.051667001098394394 0.05765099823474884
2 0.7778840065002441 0.614048957824707 0.058591000735759735 0.072052001953125
2 0.15839999914169312 0.5426599979400635 0.04225499927997589 0.04957300052046776
1 0.5758439898490906 0.4139760136604309 0.060329001396894455 0.07222700119018555
1 0.8470879793167114 0.5197190046310425 0.06275100260972977 0.08069200068712234
1 0.4697679877281189 0.9841799736022949 0.06780900061130524 0.031605999916791916
1 0.6841199994087219 0.2678840160369873 0.03968000039458275 0.06763800233602524
1 0.16671299934387207 0.7518360018730164 0.04812600091099739 0.0593549981713295
1 0.7786880135536194 0.6145670413970947 0.06036899983882904 0.07099899649620056
2 0.3489690124988556 0.371645987033844 0.04064499959349632 0.051867999136447906
2 0.011370999738574028 0.8977360129356384 0.0218959990888834 0.03316599875688553
2 0.5766980051994324 0.41542500257492065 0.059769000858068466 0.07514499872922897
2 0.7263370156288147 0.3574180006980896 0.06420499831438065 0.0867059975862503
1 0.6408560276031494 0.026148974895477295 0.03642300143837929 0.04496299847960472
2 0.8456990122795105 0.5212559700012207 0.06348299980163574 0.08225999772548676
2 0.09506499767303467 0.5522550344467163 0.028642000630497932 0.036400001496076584
2 0.47707599401474 0.8192229866981506 0.04436400160193443 0.06816600263118744
2 0.6550310254096985 0.7161250114440918 0.05555799975991249 0.0763309970498085
2 0.41408398747444153 0.9505329728126526 0.04962100088596344 0.06994599848985672
2 0.3541930019855499 0.41835302114486694 0.045375000685453415 0.06026899814605713
2 0.0070779998786747456 0.9357309937477112 0.014156999997794628 0.036635998636484146
1 0.41513699293136597 0.9498779773712158 0.050797998905181885 0.0688060000538826
2 0.6764029860496521 0.6592229604721069 0.05628199875354767 0.06909599900245667
1 0.3540169894695282 0.41921699047088623 0.04705100134015083 0.06291600316762924
1 0.6429830193519592 0.27085500955581665 0.0655829980969429 0.0857900008559227
1 0.29627901315689087 0.49930500984191895 0.04956600069999695 0.05390999838709831
2 0.841867983341217 0.39594197273254395 0.06068199872970581 0.07810399681329727
1 0.5275470018386841 0.06081002950668335 0.042847998440265656 0.04249199852347374
2 0.13213899731636047 0.5578359961509705 0.032632000744342804 0.038527000695466995
2 0.19223199784755707 0.6069220304489136 0.03631800040602684 0.04696200042963028
1 0.14847899973392487 0.711205005645752 0.036869000643491745 0.04313400015234947
2 0.18834400177001953 0.5243650078773499 0.03307399898767471 0.054283998906612396
1 0.620058000087738 0.7520779967308044 0.04512700065970421 0.06001799926161766
2 0.6227980256080627 0.46652501821517944 0.04633599892258644 0.07909999787807465
2 0.14825700223445892 0.7107020020484924 0.03652999922633171 0.04207700118422508
2 0.19782699644565582 0.6292029619216919 0.046491000801324844 0.06134700030088425
