2 0.6576830148696899 0.5559630393981934 0.0663909986615181 0.0861549973487854
2 0.8264080286026001 0.5000039935112 0.0640299990773201 0.08088500052690506
2 0.3430899977684021 0.24184101819992065 0.050363000482320786 0.06678300350904465
1 0.5933930277824402 0.33462101221084595 0.05409799888730049 0.06663700193166733
2 0.35615500807762146 0.10411500930786133 0.04323799908161163 0.05610499903559685
2 0.7583280205726624 0.5935230255126953 0.05726199969649315 0.0763000026345253
1 0.803879976272583 0.6972270011901855 0.06222200021147728 0.08934199810028076
2 0.3829300105571747 0.17609000205993652 0.04079199954867363 0.05736500024795532
2 0.6673629879951477 0.8836240172386169 0.06443999707698822 0.08457700163125992
1 0.2670750021934509 0.43689101934432983 0.050209999084472656 0.06212199851870537
2 0.875577986240387 0.5789300203323364 0.062497999519109726 0.0811539962887764
2 0.42269599437713623 0.8077139854431152 0.052306000143289566 0.06765200197696686
2 0.6578059792518616 0.6368420124053955 0.05695300176739693 0.06891600042581558
1 0.8636890053749084 0.6553900241851807 0.05855799838900566 0.07888299971818924
2 0.8211529850959778 0.37708598375320435 0.06314399838447571 0.07995100319385529
1 0.9188070297241211 0.6811890006065369 0.06400000303983688 0.08145000040531158
2 0.36311399936676025 0.8792799711227417 0.048535000532865524 0.06194600090384483
2 0.4746229946613312 0.3011159896850586 0.06172199919819832 0.07902199774980545
2 0.6361809968948364 0.6939460039138794 0.05410100147128105 0.07491300255060196
2 0.11590400338172913 0.6175090074539185 0.04915300011634827 0.062369998544454575
1 0.8385130167007446 0.3004329800605774 0.050967998802661896 0.06584999710321426
2 0.43856701254844666 0.3653249740600586 0.052358999848365784 0.0711359977722168
2 0.41157299280166626 0.5620080232620239 0.06273200362920761 0.08111699670553207
2 0.3959760069847107 0.9283509850502014 0.05319900065660477 0.0703430026769638
2 0.4090690016746521 0.864857017993927 0.04632600024342537 0.06021599844098091
2 0.13198000192642212 0.4643380045890808 0.048041000962257385 0.058476999402046204
1 0.29062899947166443 0.38619500398635864 0.043595001101493835 0.059647999703884125
1 0.5583040118217468 0.39402902126312256 0.056768998503685 0.07488200068473816
2 0.2709839940071106 0.28256601095199585 0.04682600125670433 0.06159700080752373
1 0.6962299942970276 0.7834370136260986 0.06070899963378906 0.07696499675512314
2 0.40204399824142456 0.3198300004005432 0.05125400051474571 0.08077999949455261
2 0.4673129916191101 0.888247013092041 0.05266699939966202 0.07051099836826324
1 0.2806920111179352 0.47760701179504395 0.05028599873185158 0.04879700019955635
2 0.23221200704574585 0.3216860294342041 0.04574599862098694 0.06816600263118744
1 0.14821499586105347 0.7251659631729126 0.04568599909543991 0.05830400064587593
1 0.6255130171775818 0.01314699649810791 0.048457998782396317 0.02629300020635128
1 0.25338199734687805 0.34599101543426514 0.049984000623226166 0.05776600167155266
1 0.7569190263748169 0.362371027469635 0.053286999464035034 0.07336100190877914
2 0.7077770233154297 0.33692002296447754 0.060683999210596085 0.08309400081634521
2 0.603302001953125 0.7272230386734009 0.050547998398542404 0.0692949965596199
2 0.7494800090789795 0.662663996219635 0.052515000104904175 0.06620600074529648
2 0.2097889930009842 0.591812014579773 0.04575299844145775 0.07070499658584595
1 0.6640419960021973 0.2484220266342163 0.03880799934267998 0.06509099900722504
2 0.6489139795303345 0.7845820188522339 0.05555099993944168 0.08316600322723389
2 0.3359380066394806 0.39826500415802 0.04630599915981293 0.06206199899315834
2 0.4604479968547821 0.7951949834823608 0.04676999896764755 0.06649199873209
1 0.8758730292320251 0.45560699701309204 0.05271099880337715 0.07150299847126007
1 0.7081680297851562 0.338936984539032 0.06059600040316582 0.08449500054121017
1 0.6282770037651062 0.25300097465515137 0.05875200033187866 0.07587199658155441
1 0.4456149935722351 0.974062979221344 0.06189100071787834 0.051874998956918716
1 0.8010089993476868 0.31220197677612305 0.04497700184583664 0.06300800293684006
2 0.601993978023529 0.44812697172164917 0.05002500116825104 0.07880400121212006
1 0.739998996257782 0.08088302612304688 0.046546999365091324 0.05713900178670883
2 0.25282299518585205 0.3445649743080139 0.051607001572847366 0.059797998517751694
2 0.07778900116682053 0.5274879932403564 0.027427999302744865 0.03460700064897537
1 0.14046700298786163 0.5189629793167114 0.04358899965882301 0.05136600136756897
1 0.6020479798316956 0.44752198457717896 0.05113599821925163 0.08041699975728989
2 0.702351987361908 0.6541129946708679 0.04088599979877472 0.06888899952173233
1 0.3356820046901703 0.3979480266571045 0.047130998224020004 0.06175599992275238
2 0.14632999897003174 0.5876849889755249 0.03541199862957001 0.04521600157022476
1 0.4107840061187744 0.5621700286865234 0.06236400082707405 0.08188600093126297
2 0.6249880194664001 0.2550079822540283 0.06726600229740143 0.08243600279092789
2 0.23662100732326508 0.32874101400375366 0.053867001086473465 0.0777290016412735
1 0.644769012928009 0.3139820098876953 0.04347899928689003 0.05269800126552582
2 0.6006709933280945 0.25999099016189575 0.03507599979639053 0.07602199912071228
1 0.43848299980163574 0.36305201053619385 0.0527070015668869 0.07216399908065796
1 0.12913399934768677 0.6872529983520508 0.03444800153374672 0.04025200009346008
1 0.23629799485206604 0.4827899932861328 0.04699699953198433 0.05685599893331528
1 0.48661699891090393 0.45739102363586426 0.051079001277685165 0.06362800300121307
2 0.3283289968967438 0.8492969870567322 0.03585699945688248 0.04605000093579292
2 0.1405400037765503 0.5190520286560059 0.043726999312639236 0.05097600072622299
2 0.12958599627017975 0.6869750022888184 0.034425999969244 0.039576999843120575
2 0.9902309775352478 0.9778590202331543 0.019538000226020813 0.04428299888968468
