2 0.16003300249576569 0.20299899578094482 0.028908999636769295 0.03453199937939644
2 0.5357120037078857 0.04723101854324341 0.03442399948835373 0.0422310009598732
2 0.5071930289268494 0.04236602783203125 0.030688000842928886 0.03903299942612648
2 0.766327977180481 0.6253969669342041 0.02539999969303608 0.03418400138616562
2 0.5392289757728577 0.09091198444366455 0.03006500005722046 0.0410429984331131
2 0.7488830089569092 0.5767819881439209 0.025460999459028244 0.03190099820494652
2 0.6278259754180908 0.653194010257721 0.02455800026655197 0.030764000490307808
2 0.20700900256633759 0.29038697481155396 0.025704000145196915 0.032051000744104385
2 0.35467401146888733 0.3921840190887451 0.026395000517368317 0.03375200182199478
2 0.7631289958953857 0.6601179838180542 0.023643000051379204 0.030341999605298042
2 0.8563429713249207 0.5865609645843506 0.025985000655055046 0.031044000759720802
0 0.723406970500946 0.6882410049438477 0.023972000926733017 0.03245500102639198
2 0.9901610016822815 0.7039330005645752 0.019209999591112137 0.037824999541044235
2 0.48889800906181335 0.11801701784133911 0.03218900039792061 0.0395050011575222
2 0.8783379793167114 0.6288549900054932 0.0275650005787611 0.035750001668930054
