2 0.27755799889564514 0.23627501726150513 0.08367300033569336 0.09907600283622742
2 0.30946800112724304 0.29752302169799805 0.0856190025806427 0.0975470021367073
2 0.49369800090789795 0.6315270066261292 0.08944399654865265 0.11937300115823746
2 0.5445169806480408 0.516057014465332 0.09936600178480148 0.11417700350284576
2 0.3496749997138977 0.7931990027427673 0.08944900333881378 0.10952000319957733
2 0.39340099692344666 0.5616660118103027 0.08026900142431259 0.10370799899101257
2 0.035367999225854874 0.31190699338912964 0.07073599845170975 0.10280399769544601
2 0.12990300357341766 0.4313330054283142 0.09339100122451782 0.1040169969201088
0 0.9751669764518738 0.847802996635437 0.049198001623153687 0.11243700236082077
2 0.36572200059890747 0.1264129877090454 0.06161599978804588 0.08119100332260132
2 0.4471589922904968 0.43849700689315796 0.08664900064468384 0.08260200172662735
1 0.12932400405406952 0.43275898694992065 0.09271600097417831 0.1043429970741272
2 0.35940900444984436 0.1361449956893921 0.060805000364780426 0.08114700019359589
0 0.8061529994010925 0.7927910089492798 0.07546799629926682 0.1409749984741211
0 0.6987410187721252 0.044871985912323 0.14675399661064148 0.0897430032491684
