2 0.6744760274887085 0.5798549652099609 0.06630200147628784 0.08273199945688248
2 0.37048500776290894 0.1304519772529602 0.04441500082612038 0.056689001619815826
2 0.12976700067520142 0.6464740037918091 0.04938700050115585 0.06305699795484543
2 0.3583109974861145 0.26798897981643677 0.051555998623371124 0.06792700290679932
2 0.776157021522522 0.6197260022163391 0.059032998979091644 0.07347399741411209
1 0.7122099995613098 0.8124020099639893 0.06319700181484222 0.07863400131464005
1 0.9386780261993408 0.7070429921150208 0.06387300044298172 0.08210399746894836
1 0.8820170164108276 0.6818230152130127 0.05692899972200394 0.07527100294828415
1 0.2813290059566498 0.46326297521591187 0.04942600056529045 0.0619020015001297
1 0.6091030240058899 0.358519971370697 0.054586999118328094 0.07092499732971191
1 0.8227840065956116 0.7238450050354004 0.06381800025701523 0.09163200110197067
1 0.3079589903354645 0.41350501775741577 0.046831000596284866 0.06513699889183044
1 0.8548640012741089 0.32411301136016846 0.05114300176501274 0.06571000069379807
2 0.4391370117664337 0.8348879814147949 0.0549129992723465 0.06965500116348267
1 0.8941329717636108 0.48136597871780396 0.0507580004632473 0.07326299697160721
2 0.1462019979953766 0.4926620125770569 0.04500399902462959 0.058768998831510544
1 0.2941589951515198 0.5052160024642944 0.04617900028824806 0.052003998309373856
1 0.6742680072784424 0.6619060039520264 0.05784299969673157 0.06943300366401672
2 0.39726099371910095 0.20198899507522583 0.04199500009417534 0.0585240013897419
1 0.7572100162506104 0.10309702157974243 0.046748001128435135 0.05869400128722191
1 0.4265480041503906 0.8934450149536133 0.04991599917411804 0.06058900058269501
1 0.7269020080566406 0.3609369993209839 0.0580889992415905 0.0782100036740303
1 0.8181689977645874 0.334214985370636 0.04111099988222122 0.06390500068664551
1 0.25078898668289185 0.5087729692459106 0.045049998909235 0.05515800043940544
1 0.6655799746513367 0.8140299916267395 0.054799001663923264 0.07766199856996536
2 0.8426690101623535 0.5268709659576416 0.06339900195598602 0.08035200089216232
2 0.49019500613212585 0.32502901554107666 0.05925799906253815 0.08094800263643265
2 0.454135000705719 0.3898469805717468 0.05103899911046028 0.06964600086212158
1 0.7653599977493286 0.6903809905052185 0.051568999886512756 0.06375399976968765
1 0.6522279977798462 0.7203750014305115 0.05921199917793274 0.07841899991035461
1 0.6823009848594666 0.27323901653289795 0.03872999921441078 0.06785999983549118
2 0.2684380114078522 0.36898499727249146 0.04905499890446663 0.06261999905109406
1 0.5744389891624451 0.4183899760246277 0.06071100011467934 0.07107599824666977
2 0.41354599595069885 0.34497201442718506 0.04606100171804428 0.07487799972295761
2 0.42660701274871826 0.589028000831604 0.05973900109529495 0.07946299761533737
2 0.15478700399398804 0.5476770401000977 0.043744999915361404 0.04911400005221367
1 0.7185450196266174 0.6815379858016968 0.04089700058102608 0.06980399787425995
1 0.7732070088386536 0.3864840269088745 0.05391699820756912 0.07608000189065933
2 0.24318799376487732 0.3484320044517517 0.032634999603033066 0.06231699883937836
2 0.4830850064754486 0.9163950085639954 0.05311499908566475 0.06879500299692154
1 0.8953229784965515 0.6015939712524414 0.06187799945473671 0.08092500269412994
1 0.37873199582099915 0.9067919850349426 0.05265599861741066 0.06712699681520462
1 0.6175169944763184 0.7552909851074219 0.04416399821639061 0.062470000237226486
1 0.6194589734077454 0.4706389904022217 0.04853399842977524 0.08037900179624557
1 0.35106098651885986 0.42410898208618164 0.046904001384973526 0.06350599974393845
2 0.22539199888706207 0.6169140338897705 0.04328500106930733 0.06431800127029419
1 0.6587139964103699 0.3376709818840027 0.04384800046682358 0.05255400016903877
1 0.8395270109176636 0.4018080234527588 0.06360799819231033 0.07775399833917618
2 0.8392819762229919 0.40076500177383423 0.0641850009560585 0.07922500371932983
2 0.6865280270576477 0.9106659889221191 0.059344999492168427 0.08046499639749527
1 0.6440849900245667 0.27550798654556274 0.0595409981906414 0.08223199844360352
2 0.725197970867157 0.35951000452041626 0.062137000262737274 0.07987099885940552
1 0.26949599385261536 0.3695020079612732 0.04646899923682213 0.06128900125622749
1 0.8426300287246704 0.525173008441925 0.0656609982252121 0.08048000186681747
2 0.6450499892234802 0.2771790027618408 0.06607399880886078 0.08414299786090851
2 0.6194139719009399 0.4713209867477417 0.04892300069332123 0.08117800205945969
1 0.16468000411987305 0.7548099756240845 0.04487700015306473 0.06004000082612038
2 0.010235999710857868 0.9038159847259521 0.019495999440550804 0.03325499966740608
2 0.28563499450683594 0.3079040050506592 0.045736998319625854 0.05989599972963333
1 0.45511698722839355 0.3882330060005188 0.049894001334905624 0.07125300168991089
2 0.41318199038505554 0.95701003074646 0.05331699922680855 0.0719280019402504
2 0.4751630127429962 0.8242629766464233 0.04276899993419647 0.06665199995040894
1 0.14271299540996552 0.7169209718704224 0.033806998282670975 0.0403439998626709
2 0.35151100158691406 0.42374199628829956 0.0473489984869957 0.06317199766635895
2 0.3777090013027191 0.9083449840545654 0.05121700093150139 0.06247299909591675
1 0.6378179788589478 0.030579984188079834 0.03605800122022629 0.04468899965286255
1 0.4817729890346527 0.9161720275878906 0.051562998443841934 0.06957899779081345
1 0.4679810106754303 0.9882789850234985 0.06735000014305115 0.023442000150680542
1 0.4153519868850708 0.9571049809455872 0.05503999814391136 0.07208999991416931
2 0.09192200005054474 0.5581330060958862 0.026859000325202942 0.03474599868059158
1 0.6860120296478271 0.9111700057983398 0.06038400158286095 0.08302199840545654
1 0.4680129885673523 0.9849879741668701 0.08066300302743912 0.03002299927175045
2 0.1608079969882965 0.6155949831008911 0.03462899848818779 0.0427279993891716
2 0.12911300361156464 0.5637210011482239 0.030069999396800995 0.036768000572919846
2 0.02566000074148178 0.05627197027206421 0.026559999212622643 0.03501199930906296
1 0.18668699264526367 0.5288100242614746 0.030724000185728073 0.05091800168156624
1 0.49087101221084595 0.3233479857444763 0.058809999376535416 0.0800430029630661
2 0.42593199014663696 0.8938930034637451 0.04892300069332123 0.0599760003387928
2 0.6744980216026306 0.6648609638214111 0.05866599828004837 0.06905899941921234
2 0.6149669885635376 0.28564900159835815 0.03566500172019005 0.07799100130796432
2 0.249098002910614 0.3524320125579834 0.04747899994254112 0.06927800178527832
