2 0.667451024055481 0.5433950424194336 0.06756599992513657 0.08713900297880173
2 0.35825398564338684 0.23246502876281738 0.049261998385190964 0.06887000054121017
2 0.3708820044994354 0.09463900327682495 0.044043999165296555 0.055247001349925995
2 0.8364850282669067 0.49244797229766846 0.06370499730110168 0.08205299824476242
2 0.45011499524116516 0.3546280264854431 0.05302799865603447 0.07292400300502777
2 0.1307380050420761 0.604282021522522 0.047203000634908676 0.06300199776887894
1 0.8128359913825989 0.6883209943771362 0.06530500203371048 0.08829899877309799
1 0.8710520267486572 0.6467379927635193 0.06135899946093559 0.08076900243759155
2 0.5675740242004395 0.3833479881286621 0.05988899990916252 0.07493200153112411
1 0.6036760210990906 0.32520902156829834 0.055629998445510864 0.07092499732971191
2 0.8330309987068176 0.3691359758377075 0.06214800104498863 0.07934600114822388
2 0.4887259900569916 0.2906150221824646 0.0587799996137619 0.08006999641656876
2 0.6782529950141907 0.8707070350646973 0.05844299867749214 0.08243100345134735
1 0.9278249740600586 0.6717920303344727 0.06411600112915039 0.0795769989490509
2 0.4765700101852417 0.8758559823036194 0.05400700122117996 0.07220400124788284
2 0.7680739760398865 0.5845370292663574 0.05962900072336197 0.07196299731731415
2 0.26273998618125916 0.33144599199295044 0.05824200063943863 0.06683199852705002
2 0.4213240146636963 0.5483520030975342 0.059895001351833344 0.07893600314855576
2 0.3976120054721832 0.16670000553131104 0.042093999683856964 0.057597000151872635
2 0.3749789893627167 0.8653489947319031 0.05019500106573105 0.06396199762821198
2 0.4102199971675873 0.30866897106170654 0.04772400110960007 0.07761599868535995
2 0.8854249715805054 0.5679689645767212 0.06306199729442596 0.07988200336694717
2 0.28567299246788025 0.27218300104141235 0.04540900141000748 0.05956900119781494
2 0.3489600121974945 0.38684797286987305 0.046250998973846436 0.06445799767971039
1 0.8492050170898438 0.2924169898033142 0.04962899908423424 0.06519100069999695
2 0.22345900535583496 0.5791900157928467 0.04413300007581711 0.06860700249671936
2 0.6352760195732117 0.2446269989013672 0.07152199745178223 0.08683700114488602
2 0.4355370104312897 0.7936630249023438 0.050530001521110535 0.0702499970793724
1 0.4566670060157776 0.9658650159835815 0.05937099829316139 0.0666389986872673
2 0.6450989842414856 0.6846510171890259 0.05395599827170372 0.07633200287818909
2 0.6676700115203857 0.6270719766616821 0.05616400018334389 0.06995599716901779
2 0.6588680148124695 0.774137020111084 0.054806001484394073 0.08108200132846832
1 0.7677860260009766 0.35415202379226685 0.054026998579502106 0.07430800050497055
1 0.8133410215377808 0.3009909987449646 0.04230500012636185 0.06278400123119354
2 0.14810800552368164 0.4542359709739685 0.045180000364780426 0.05872200056910515
1 0.2800610065460205 0.4263160228729248 0.04845999926328659 0.060759998857975006
2 0.2539680004119873 0.3160409927368164 0.0564970001578331 0.07587999850511551
2 0.7174059748649597 0.3279010057449341 0.062199000269174576 0.08543200045824051
1 0.7546399831771851 0.07144200801849365 0.04722300171852112 0.05714699998497963
1 0.250901997089386 0.4716629981994629 0.04358899965882301 0.05479000136256218
1 0.30531299114227295 0.37491798400878906 0.04458199813961983 0.060589998960494995
2 0.7106090188026428 0.6446809768676758 0.044801000505685806 0.07093700021505356
1 0.8874779939651489 0.44871199131011963 0.052312999963760376 0.07468599826097488
2 0.7575889825820923 0.653473973274231 0.04843899980187416 0.06217300146818161
2 0.09535299986600876 0.518375039100647 0.028463000431656837 0.03696500137448311
2 0.4206080138683319 0.8533290028572083 0.051047999411821365 0.057406000792980194
1 0.6459609866142273 0.6854879856109619 0.05725200101733208 0.07773900032043457
2 0.4059959948062897 0.9144150018692017 0.05396600067615509 0.06866300106048584
2 0.7054910063743591 0.7744309902191162 0.05836600065231323 0.07857000082731247
1 0.6570519804954529 0.3028029799461365 0.04269799962639809 0.05458499863743782
2 0.6190890073776245 0.24901598691940308 0.0482419990003109 0.0859140008687973
1 0.6795629858970642 0.24011898040771484 0.038492001593112946 0.06631100177764893
1 0.6141660213470459 0.4357079863548279 0.04918200150132179 0.08220399916172028
1 0.705731987953186 0.774757981300354 0.059039000421762466 0.07776299864053726
2 0.14526599645614624 0.6761659979820251 0.03393600136041641 0.03936599940061569
2 0.01207599975168705 0.8589420318603516 0.024152999743819237 0.03158099949359894
2 0.15665699541568756 0.5091420412063599 0.04154599830508232 0.05090999975800514
1 0.40608200430870056 0.9143360257148743 0.052441999316215515 0.06961999833583832
1 0.6386820077896118 0.009572982788085938 0.04981200024485588 0.019145000725984573
2 0.18831999599933624 0.5724929571151733 0.03546199947595596 0.04681900143623352
2 0.6120390295982361 0.7153739929199219 0.04791500046849251 0.06547500193119049
1 0.7189630270004272 0.32836097478866577 0.0595880001783371 0.08386500179767609
1 0.6678150296211243 0.6265649795532227 0.055720001459121704 0.07351300120353699
1 0.029586000367999077 0.018797993659973145 0.027679000049829483 0.031605999916791916
1 0.29093798995018005 0.4651920199394226 0.04694699868559837 0.053654998540878296
1 0.16303199529647827 0.7143639922142029 0.04094399884343147 0.058104000985622406
2 0.33991101384162903 0.8360320329666138 0.03680799901485443 0.04399200156331062
1 0.42109501361846924 0.8518990278244019 0.05217999964952469 0.05874999985098839
2 0.3049669861793518 0.3744490146636963 0.04490699991583824 0.06344900280237198
1 0.49548399448394775 0.951960027217865 0.03390900045633316 0.0364839993417263
2 0.6127930283546448 0.2510790228843689 0.033197999000549316 0.07984200119972229
2 0.00737799983471632 0.8993960022926331 0.014171999879181385 0.03308599814772606
2 0.4701170027256012 0.7852190136909485 0.04152100160717964 0.06233299896121025
2 0.18648600578308105 0.49009400606155396 0.0330360010266304 0.0546410009264946
2 0.3033269941806793 0.5091949701309204 0.034515999257564545 0.047602999955415726
1 0.7101230025291443 0.6430270075798035 0.04431600123643875 0.06993699818849564
