2 0.16714799404144287 0.6736850142478943 0.08397699892520905 0.10359200090169907
2 0.6323390007019043 0.7492580413818359 0.08766800165176392 0.09910299628973007
2 0.41272199153900146 0.059870004653930664 0.08288899809122086 0.10183200240135193
2 0.7258480191230774 0.5600410103797913 0.09025099873542786 0.10287900269031525
2 0.5859289765357971 0.8785679936408997 0.08615700155496597 0.10069900006055832
2 0.6485990285873413 0.4115210175514221 0.08487299829721451 0.10895299911499023
2 0.5144929885864258 0.10948300361633301 0.07890299707651138 0.10110100358724594
2 0.14160799980163574 0.8703650236129761 0.08604700118303299 0.11008799821138382
2 0.1716260015964508 0.36577701568603516 0.06912899762392044 0.08429999649524689
1 0.4330199956893921 0.1637679934501648 0.07671699672937393 0.08558700233697891
2 0.1973239928483963 0.7742589712142944 0.08974500000476837 0.09984800219535828
2 0.22947600483894348 0.5805690288543701 0.05878400057554245 0.07148600369691849
0 0.014627999626100063 0.11971300840377808 0.029165999963879585 0.07383599877357483
2 0.9804580211639404 0.10013401508331299 0.039083998650312424 0.1029290035367012
1 0.23400500416755676 0.8405960202217102 0.0878089964389801 0.10889899730682373
2 0.224249005317688 0.18665701150894165 0.07674500346183777 0.07922700047492981
2 0.43309399485588074 0.1630929708480835 0.07711400091648102 0.08971700072288513
1 0.26540300250053406 0.1669899821281433 0.03974499925971031 0.05500900000333786
1 0.22182300686836243 0.1818150281906128 0.07560200244188309 0.08347699791193008
