2 0.3808479905128479 0.25520098209381104 0.050728000700473785 0.0677499994635582
2 0.6980100274085999 0.564857006072998 0.06666699796915054 0.08444300293922424
2 0.3949829936027527 0.11788398027420044 0.04519199952483177 0.0573199987411499
1 0.6325240135192871 0.34482598304748535 0.0550989992916584 0.06929299980401993
2 0.15551400184631348 0.6327719688415527 0.04803900048136711 0.06310900300741196
1 0.8472399711608887 0.7105870246887207 0.06256099790334702 0.08703599870204926
1 0.90522700548172 0.6658320426940918 0.05826500058174133 0.07762400060892105
1 0.7800250053405762 0.08911597728729248 0.049400001764297485 0.05887199938297272
1 0.9627910256385803 0.6908529996871948 0.06250199675559998 0.08111099898815155
1 0.8780019879341125 0.309237003326416 0.05114300176501274 0.06509900093078613
1 0.7380279898643494 0.7960910201072693 0.05982799828052521 0.07808399945497513
1 0.7507519721984863 0.3448359966278076 0.05871399864554405 0.08111900091171265
2 0.47801199555397034 0.37562698125839233 0.054416000843048096 0.07625900208950043
1 0.9188159704208374 0.46647900342941284 0.05067799985408783 0.07133600115776062
1 0.6974869966506958 0.6465469598770142 0.058368999511003494 0.0682699978351593
2 0.30987998843193054 0.2956169843673706 0.04760599881410599 0.06118699908256531
2 0.28939399123191833 0.3552730083465576 0.056081999093294144 0.06411100178956985
2 0.5137760043144226 0.31064897775650024 0.06033099815249443 0.08051099628210068
2 0.7103310227394104 0.8950039744377136 0.060756999999284744 0.08494800329208374
2 0.4214639961719513 0.1897919774055481 0.04188400134444237 0.05853400006890297
1 0.8409910202026367 0.3182460069656372 0.04183800145983696 0.06306000053882599
1 0.7967720031738281 0.3723070025444031 0.053752999752759933 0.07289700210094452
1 0.33144599199295044 0.3990269899368286 0.047520000487565994 0.06437700241804123
1 0.5986549854278564 0.40367400646209717 0.06120600178837776 0.07137399911880493
2 0.7999330163002014 0.6039389967918396 0.0591140016913414 0.07369499653577805
2 0.4521310031414032 0.5741449594497681 0.06120600178837776 0.07964099943637848
1 0.8625019788742065 0.3866540193557739 0.06443600356578827 0.0796699970960617
1 0.4893830120563507 0.9804120063781738 0.06545399874448776 0.03917599841952324
2 0.4429590106010437 0.3302990198135376 0.056147001683712006 0.0817670002579689
1 0.9187309741973877 0.5880559682846069 0.06332699954509735 0.08304399996995926
1 0.6768440008163452 0.7055389881134033 0.061889998614788055 0.07722199708223343
2 0.17104999721050262 0.4803659915924072 0.04692399874329567 0.05708799883723259
1 0.7055760025978088 0.25976401567459106 0.03816699981689453 0.06923899799585342
2 0.11427299678325653 0.5470060110092163 0.02697099931538105 0.035048000514507294
1 0.7890689969062805 0.6745330095291138 0.05116000026464462 0.0631370022892952
2 0.37464699149131775 0.41001200675964355 0.047488000243902206 0.06499700248241425
1 0.6443979740142822 0.4574139714241028 0.04794299975037575 0.07993199676275253
2 0.18514199554920197 0.6036039590835571 0.03442100062966347 0.04550899937748909
2 0.8672879934310913 0.5109490156173706 0.0638279989361763 0.08122500032186508
2 0.4030100107192993 0.8931999802589417 0.050560999661684036 0.06342200189828873
1 0.1879110038280487 0.741919994354248 0.04587399959564209 0.06184700131416321
2 0.506322979927063 0.9005749821662903 0.05266899988055229 0.06779500097036362
1 0.689424991607666 0.7976170182228088 0.05555599927902222 0.08158999681472778
2 0.2499299943447113 0.6044490337371826 0.0443280003964901 0.07001399993896484
2 0.43547698855400085 0.9425140023231506 0.05256199836730957 0.0681380033493042
1 0.30547499656677246 0.44974201917648315 0.050046999007463455 0.06318800151348114
2 0.4641070067882538 0.818871021270752 0.0513250008225441 0.06842300295829773
2 0.275085985660553 0.3380110263824463 0.05099799856543541 0.06450100243091583
1 0.4518220126628876 0.8796629905700684 0.05089600011706352 0.05982400104403496
2 0.6767669916152954 0.705249011516571 0.057218000292778015 0.07425999641418457
1 0.31963399052619934 0.4879840016365051 0.05111199989914894 0.05926699936389923
2 0.16683700680732727 0.7055209875106812 0.03357499837875366 0.04089700058102608
2 0.6650109887123108 0.2646560072898865 0.07433599978685379 0.08290799707174301
2 0.861877977848053 0.38595902919769287 0.06565900146961212 0.08230199664831161
1 0.46459800004959106 0.8205609917640686 0.050043001770973206 0.06402099877595901
2 0.641755998134613 0.7377870082855225 0.04605599865317345 0.06686799973249435
2 0.27008500695228577 0.3331810235977173 0.040017999708652496 0.061792999505996704
2 0.17971299588680267 0.5346300005912781 0.04371200129389763 0.051332999020814896
1 0.6659989953041077 0.26303601264953613 0.06382899731397629 0.0818599984049797
1 0.2760710120201111 0.4951919913291931 0.048427000641822815 0.062449999153614044
1 0.8670690059661865 0.5084719657897949 0.06422299891710281 0.08134499937295914
2 0.45073699951171875 0.8790820240974426 0.04918299987912178 0.05847200006246567
1 0.6407240033149719 0.7390459775924683 0.042323999106884 0.06373699754476547
1 0.7431949973106384 0.6650769710540771 0.040164001286029816 0.07136599719524384
1 0.530135989189148 0.4707409739494324 0.04725300148129463 0.06310699880123138
2 0.2137169986963272 0.5990619659423828 0.03802900016307831 0.047286998480558395
2 0.022200999781489372 0.9302279949188232 0.025999000295996666 0.032019998878240585
1 0.4993560016155243 0.8078849911689758 0.04080500081181526 0.0647680014371872
2 0.02214900031685829 0.8937219977378845 0.031208999454975128 0.03000600077211857
2 0.33086898922920227 0.39866799116134644 0.04738700017333031 0.06497299671173096
2 0.04717300087213516 0.048098981380462646 0.02819499932229519 0.03130500018596649
1 0.6828619837760925 0.3259720206260681 0.043264999985694885 0.047081999480724335
1 0.4384790062904358 0.9419680237770081 0.05675100162625313 0.06612300127744675
2 0.028415000066161156 0.8936259746551514 0.030371999368071556 0.031222999095916748
2 0.43906301259994507 0.5237550139427185 0.03667699918150902 0.058761999011039734
1 0.557843029499054 0.9915040135383606 0.052156999707221985 0.01699100062251091
1 0.6021469831466675 0.6665289998054504 0.05414599925279617 0.05532899871468544
