2 0.3162660002708435 0.08789098262786865 0.06561200320720673 0.08153899759054184
1 0.09694399684667587 0.049682021141052246 0.061705999076366425 0.06662700325250626
2 0.67917400598526 0.16185301542282104 0.05353099852800369 0.06616300344467163
2 0.7254319787025452 0.07889598608016968 0.054919999092817307 0.06766600161790848
2 0.4194819927215576 0.12669897079467773 0.06121399998664856 0.068122997879982
0 0.4385420083999634 0.9868000149726868 0.04070499911904335 0.026398999616503716
2 0.3102410137653351 0.6217280030250549 0.04568300023674965 0.0540039986371994
2 0.28541299700737 0.023859024047851562 0.055716000497341156 0.047717999666929245
1 0.5072399973869324 0.11319798231124878 0.05343399941921234 0.06345800310373306
1 0.418071985244751 0.07542800903320312 0.05530500039458275 0.07272300124168396
2 0.4667310118675232 0.031652987003326416 0.056873999536037445 0.060182999819517136
2 0.3530319929122925 0.6457560062408447 0.04128199815750122 0.04804699867963791
2 0.6974020004272461 0.23644202947616577 0.04971899837255478 0.07805299758911133
1 0.5018919706344604 0.05611199140548706 0.051587000489234924 0.06647299975156784
2 0.4196060001850128 0.0774340033531189 0.054249998182058334 0.07285799831151962
