1 0.66532301902771 0.10670602321624756 0.053842999041080475 0.06584899872541428
2 0.7214959859848022 0.322625994682312 0.06574100255966187 0.08591099828481674
2 0.4862070083618164 0.5737639665603638 0.050946999341249466 0.07137300074100494
1 0.8635079860687256 0.4695240259170532 0.06276100128889084 0.0803930014371872
1 0.34071698784828186 0.20770299434661865 0.05089600011706352 0.06397899985313416
1 0.923346996307373 0.4252060055732727 0.06020199880003929 0.07535699754953384
2 0.8910830020904541 0.27528297901153564 0.061813000589609146 0.08134599775075912
2 0.722760021686554 0.6429489850997925 0.057353999465703964 0.07995600253343582
2 0.19168199598789215 0.40089601278305054 0.04704900085926056 0.06202799826860428
1 0.9741629958152771 0.450842022895813 0.05167499929666519 0.0786219984292984
2 0.8219910264015198 0.3639500141143799 0.05907699838280678 0.072953000664711
2 0.4234650135040283 0.6470190286636353 0.048347000032663345 0.0664139986038208
2 0.39941999316215515 0.8365740180015564 0.05000000074505806 0.06606800109148026
1 0.36833399534225464 0.15453201532363892 0.04682299867272377 0.06123799830675125
1 0.7793149948120117 0.10986799001693726 0.058570001274347305 0.07846900075674057
2 0.42367199063301086 0.03606700897216797 0.049796998500823975 0.06781599670648575
1 0.6274020075798035 0.15184199810028076 0.05879899859428406 0.07047700136899948
1 0.8261209726333618 0.1407579779624939 0.05703600123524666 0.07676500082015991
1 0.4775350093841553 0.06998401880264282 0.06361299753189087 0.082737997174263
1 0.7186110019683838 0.10211902856826782 0.04210200160741806 0.059544000774621964
2 0.5248820185661316 0.664555013179779 0.05105699971318245 0.06734400242567062
1 0.9396370053291321 0.3503119945526123 0.06154699996113777 0.0768200010061264
2 0.3257330060005188 0.10997897386550903 0.057642001658678055 0.07331299781799316
1 0.550832986831665 0.0749710202217102 0.058044999837875366 0.07609099894762039
2 0.2115049958229065 0.25929999351501465 0.04412499815225601 0.05644499883055687
1 0.3538219928741455 0.25494199991226196 0.05440500006079674 0.05781799927353859
1 0.5105050206184387 0.13589298725128174 0.0536389984190464 0.07433199882507324
1 0.6753990054130554 0.20920801162719727 0.03871599957346916 0.07629299908876419
2 0.7400209903717041 0.9411320090293884 0.06760799884796143 0.07861299812793732
2 0.4550969898700714 0.6990860104560852 0.05009499937295914 0.06901799887418747
2 0.38429000973701477 0.8785240054130554 0.0433569997549057 0.04699299857020378
2 0.31731000542640686 0.10037899017333984 0.05620599910616875 0.07853399962186813
1 0.9129430055618286 0.09536600112915039 0.05077400058507919 0.060809001326560974
1 0.41018301248550415 0.17164301872253418 0.04786999896168709 0.06599300354719162
1 0.9464409947395325 0.24584901332855225 0.05073000118136406 0.07129199802875519
2 0.37840700149536133 0.7758730053901672 0.03103799931704998 0.03940499946475029
2 0.7076730132102966 0.5532280206680298 0.050498999655246735 0.07434699684381485
1 0.720507025718689 0.4080759882926941 0.05712699890136719 0.07044100016355515
2 0.7976189851760864 0.9635220170021057 0.05328400060534477 0.0672760009765625
1 0.7553349733352661 0.5517910122871399 0.06051599979400635 0.08083099871873856
1 0.7623900175094604 0.4314560294151306 0.04272399842739105 0.06998199969530106
1 0.6945180296897888 0.4595770239830017 0.057489000260829926 0.07549499720335007
2 0.5203269720077515 0.5839760303497314 0.03690600022673607 0.05011399835348129
1 0.4240480065345764 0.8822450041770935 0.03552699834108353 0.048962000757455826
2 0.7038580179214478 0.03286600112915039 0.05748099833726883 0.0657309964299202
2 0.0633469969034195 0.7284010052680969 0.029241999611258507 0.02889999933540821
1 0.5030069947242737 0.7540810108184814 0.061234001070261 0.07329300045967102
2 0.8922970294952393 0.15761500597000122 0.06235300004482269 0.07507599890232086
1 0.4770359992980957 0.3089969754219055 0.05961599946022034 0.08393000066280365
1 0.45570001006126404 0.6983640193939209 0.05085400119423866 0.06750799715518951
2 0.1584019958972931 0.38421398401260376 0.028308000415563583 0.03975500166416168
1 0.8753200173377991 0.10571300983428955 0.042525000870227814 0.05677599832415581
2 0.037943001836538315 0.6373059749603271 0.02721099928021431 0.03374100103974342
2 0.39181798696517944 0.6240940093994141 0.037787001579999924 0.047965001314878464
2 0.6954590082168579 0.4610369801521301 0.05560100078582764 0.07445099949836731
1 0.4708319902420044 0.6360599994659424 0.05350799858570099 0.05840599909424782
2 0.018866000697016716 0.6274279952049255 0.024007000029087067 0.028842000290751457
1 0.8090819716453552 0.43843501806259155 0.049653999507427216 0.06335300207138062
1 0.3132239878177643 0.2841609716415405 0.04716299846768379 0.06123499944806099
2 0.22452899813652039 0.4329829812049866 0.031870998442173004 0.04174099862575531
1 0.3537459969520569 0.06996601819992065 0.04407399892807007 0.06155800074338913
2 0.7530670166015625 0.5514940023422241 0.05955599993467331 0.08060000091791153
2 0.5104950070381165 0.13758999109268188 0.053509000688791275 0.0741019994020462
2 0.2685680091381073 0.372376024723053 0.07264500111341476 0.07829300314188004
1 0.8922489881515503 0.15768897533416748 0.06174800172448158 0.07495000213384628
2 0.28141000866889954 0.37111997604370117 0.04705300182104111 0.07520200312137604
2 0.09199199825525284 0.9561799764633179 0.0302520003169775 0.03418400138616562
2 0.4835749864578247 0.7798029780387878 0.04630099982023239 0.06459400057792664
2 0.6622269749641418 0.4940919876098633 0.048385001718997955 0.07129199802875519
1 0.524744987487793 0.663919985294342 0.049672000110149384 0.06513600051403046
1 0.2169319987297058 0.3060160279273987 0.044411998242139816 0.05523800104856491
1 0.2796249985694885 0.37051302194595337 0.050634998828172684 0.07546699792146683
1 0.7042580246925354 0.03336501121520996 0.05878100171685219 0.06673099845647812
2 0.37864500284194946 0.6941050291061401 0.027620000764727592 0.03361799940466881
2 0.7803249955177307 0.9301519989967346 0.04517199844121933 0.053240999579429626
1 0.3131380081176758 0.2515789866447449 0.03906799852848053 0.043602000921964645
2 0.47067999839782715 0.6367989778518677 0.05221499875187874 0.056894998997449875
0 0.08431100100278854 0.4889259934425354 0.02315800078213215 0.028282999992370605
2 0.1983110010623932 0.7060309648513794 0.02523599937558174 0.02977300062775612
2 0.2122489959001541 0.5161280035972595 0.040330998599529266 0.058028001338243484
2 0.2583250105381012 0.36976999044418335 0.06064800173044205 0.07380899786949158
2 0.7201650142669678 0.40741097927093506 0.05561700090765953 0.06603900343179703
