2 0.5190569758415222 0.7042660117149353 0.09368599951267242 0.1198820024728775
2 0.49668601155281067 0.09941798448562622 0.0842600017786026 0.11035799980163574
2 0.5211399793624878 0.18283098936080933 0.09728100150823593 0.09707000106573105
2 0.6907389760017395 0.5451869964599609 0.09248699992895126 0.1250469982624054
2 0.7506510019302368 0.4220290184020996 0.10446900129318237 0.13136999309062958
2 0.5886229872703552 0.46900999546051025 0.08426400274038315 0.11340399831533432
2 0.6528760194778442 0.3256400227546692 0.08643999695777893 0.10128600150346756
2 0.3253209888935089 0.30351901054382324 0.09596599638462067 0.11298300325870514
2 0.22507299482822418 0.1647779941558838 0.0945110023021698 0.11304199695587158
1 0.32272300124168396 0.30200302600860596 0.09595300257205963 0.11701700091362
2 0.12034499645233154 0.9909300208091736 0.06960400193929672 0.018140999600291252
1 0.01090299990028143 0.6584969758987427 0.021191999316215515 0.11296000331640244
2 0.010981000028550625 0.6583459973335266 0.020855000242590904 0.1188569962978363
