2 0.4940569996833801 0.5865169763565063 0.06661099940538406 0.08799000084400177
1 0.42354801297187805 0.36673498153686523 0.0562639981508255 0.0667010024189949
2 0.17096400260925293 0.13819897174835205 0.046411000192165375 0.059537000954151154
2 0.7115979790687561 0.6019780039787292 0.06225199997425079 0.08461800217628479
2 0.16190099716186523 0.28068000078201294 0.05280900001525879 0.07194700092077255
2 0.6513490080833435 0.4039030075073242 0.061709001660346985 0.07784099876880646
2 0.07064499706029892 0.3845760226249695 0.052917998284101486 0.06749100238084793
2 0.5955600142478943 0.6221300363540649 0.057266999036073685 0.07535099983215332
2 0.6602810025215149 0.5261449813842773 0.06332500278949738 0.0803539976477623
2 0.08829499781131744 0.32319098711013794 0.04972599819302559 0.06343699991703033
1 0.5383650064468384 0.8149219751358032 0.062408000230789185 0.07976499944925308
1 0.6430990099906921 0.7254719734191895 0.06276000291109085 0.0907600000500679
1 0.11396700143814087 0.42861098051071167 0.04639799892902374 0.06580299884080887
2 0.9439100027084351 0.42096900939941406 0.060245998203754425 0.0821790024638176
2 0.027881000190973282 0.64199298620224 0.05117600038647652 0.07747700065374374
1 0.699944019317627 0.6795330047607422 0.06247999891638756 0.07977399975061417
2 0.5130329728126526 0.9170429706573486 0.06098499894142151 0.08532600104808807
2 0.30097800493240356 0.33630597591400146 0.06169300153851509 0.08286300301551819
1 0.6629509925842285 0.32695502042770386 0.050581999123096466 0.06371200084686279
1 0.7562459707260132 0.7031819820404053 0.06163400039076805 0.08138000220060349
2 0.2342420071363449 0.3540499806404114 0.05888799950480461 0.0859529972076416
2 0.26771101355552673 0.40216201543807983 0.053408000618219376 0.06940600275993347
1 0.08953599631786346 0.4810590147972107 0.05259000137448311 0.06554800271987915
1 0.49605700373649597 0.6670470237731934 0.056689001619815826 0.06678000092506409
2 0.259988009929657 0.8521499633789062 0.05369200184941292 0.06899700313806534
2 0.19905300438404083 0.21261602640151978 0.041951000690460205 0.059386998414993286
1 0.4758729934692383 0.7305139899253845 0.06025899946689606 0.079305000603199
1 0.23422099649906158 0.9713990092277527 0.061684999614953995 0.05720299854874611
2 0.16006800532341003 0.4372289776802063 0.04720599949359894 0.06621299684047699
1 0.24739499390125275 0.9126229882240295 0.05329599976539612 0.0597120001912117
2 0.04896099865436554 0.36229199171066284 0.04191400110721588 0.06487700343132019
1 0.9850590229034424 0.03181499242782593 0.029881000518798828 0.06359600275754929
1 0.4594930112361908 0.28359901905059814 0.059039998799562454 0.07953000068664551
1 0.438634991645813 0.47933298349380493 0.048530999571084976 0.08267399668693542
2 0.19840200245380402 0.9279379844665527 0.05449400097131729 0.06854300200939178
2 0.8503280282020569 0.9826419949531555 0.06661699712276459 0.033803001046180725
1 0.5610510110855103 0.10979300737380981 0.04720599949359894 0.057861000299453735
2 0.5392119884490967 0.3660470247268677 0.061229001730680466 0.08149600028991699
1 0.5390170216560364 0.6840350031852722 0.04134799912571907 0.07071799784898758
1 0.39137598872184753 0.42764097452163696 0.058093998581171036 0.07586900144815445
1 0.5860130190849304 0.39036697149276733 0.052320998162031174 0.07632599771022797
1 0.30470699071884155 0.9317089915275574 0.05378799885511398 0.07273499667644501
2 0.020924000069499016 0.6443259716033936 0.04184800013899803 0.08312299847602844
2 0.4754660129547119 0.7287099957466125 0.05574899911880493 0.07751499861478806
2 0.3047260046005249 0.9328920245170593 0.055872999131679535 0.07490900158882141
1 0.625872015953064 0.33729100227355957 0.042897000908851624 0.06404399871826172
2 0.4951150119304657 0.6700530052185059 0.05563399940729141 0.06881300359964371
2 0.2471349984407425 0.6029590368270874 0.06428500264883041 0.082566998898983
1 0.4911629855632782 0.27937400341033936 0.03747599944472313 0.07038000226020813
1 0.48961299657821655 0.8193210363388062 0.05470599979162216 0.08252400159835815
1 0.2966170012950897 0.8379290103912354 0.044319998472929 0.06648600101470947
1 0.43833601474761963 0.03764098882675171 0.03854599967598915 0.04629800096154213
2 0.9726899862289429 0.47133302688598633 0.04859200119972229 0.06201799958944321
1 0.5407760143280029 0.36807698011398315 0.05894500017166138 0.08417399972677231
2 0.5857409834861755 0.6912429928779602 0.05048999935388565 0.06278400123119354
2 0.4416399896144867 0.7613580226898193 0.049226999282836914 0.07070399820804596
2 0.4556339979171753 0.2827410101890564 0.0661190003156662 0.08254799991846085
1 0.5856689810752869 0.69234299659729 0.05026699975132942 0.06245199963450432
