2 0.6964049935340881 0.5511050224304199 0.09721300005912781 0.10986000299453735
2 0.9706850051879883 0.8723480105400085 0.05856399983167648 0.12100599706172943
2 0.4257659912109375 0.6371099948883057 0.0949380025267601 0.11210999637842178
2 0.5365779995918274 0.760604977607727 0.10068000108003616 0.11380299925804138
2 0.9410269856452942 0.9638410210609436 0.09798300266265869 0.07231800258159637
2 0.7248669862747192 0.6199079751968384 0.10121099650859833 0.09098099917173386
2 0.7830470204353333 0.37946999073028564 0.07384900003671646 0.10490500181913376
2 0.8267589807510376 0.9080650210380554 0.09119100123643875 0.11770500242710114
2 0.8354889750480652 0.16954302787780762 0.11833500117063522 0.13722200691699982
2 0.886093020439148 0.7809140086174011 0.09755700081586838 0.08102799952030182
1 0.5362030267715454 0.7620019912719727 0.09943000227212906 0.11609499901533127
1 0.20532600581645966 0.6507350206375122 0.05775799974799156 0.06691399961709976
