2 0.8106669783592224 0.24861198663711548 0.08170799911022186 0.10561700165271759
2 0.7447530031204224 0.4365620017051697 0.08352299779653549 0.09895499795675278
1 0.8611479997634888 0.4127209782600403 0.08306899666786194 0.10274499654769897
2 0.519540011882782 0.02938598394393921 0.07432299852371216 0.056738998740911484
2 0.7504249811172485 0.16364198923110962 0.05452999845147133 0.06910400092601776
2 0.4299499988555908 0.08762001991271973 0.08784600347280502 0.09731800109148026
2 0.807669997215271 0.3512279987335205 0.10400699824094772 0.0961889997124672
1 0.4697049856185913 0.8959900140762329 0.04818600043654442 0.054604001343250275
1 0.8066710233688354 0.3503490090370178 0.10050900280475616 0.09618200361728668
2 0.9290050268173218 0.9847769737243652 0.08096300065517426 0.029089000076055527
2 0.38819900155067444 0.9656969904899597 0.058414001017808914 0.06409300118684769
1 0.8250330090522766 0.34303802251815796 0.0898749977350235 0.08039399981498718
