0 0.5694270133972168 0.8445379734039307 0.04326000064611435 0.07050599902868271
2 0.4028500020503998 0.2104020118713379 0.02821199968457222 0.03475100174546242
0 0.7025619745254517 0.5848230123519897 0.03432999923825264 0.04430900141596794
2 0.3630560040473938 0.24046599864959717 0.028296999633312225 0.035840000957250595
0 0.5096409916877747 0.8743399977684021 0.047276001423597336 0.08153899759054184
2 0.4657770097255707 0.5962339639663696 0.03009999915957451 0.038729000836610794
0 0.8150749802589417 0.7554199695587158 0.029890000820159912 0.03915499895811081
0 0.561506986618042 0.9027259945869446 0.04833399876952171 0.05841999873518944
2 0.3813610076904297 0.22785401344299316 0.02640100009739399 0.033647000789642334
0 0.7324479818344116 0.6256510019302368 0.03338500112295151 0.04298499971628189
2 0.9780610203742981 0.05763298273086548 0.04344300180673599 0.06318199634552002
2 0.3673030138015747 0.2366359829902649 0.0318170003592968 0.03567799925804138
1 0.7331060171127319 0.12993299961090088 0.04201300069689751 0.04822700098156929
1 0.387364000082016 0.28495800495147705 0.027170000597834587 0.03601900115609169
0 0.9736670255661011 0.26667600870132446 0.05114400014281273 0.10810499638319016
2 0.7638530135154724 0.5720820426940918 0.026316000148653984 0.03551499918103218
0 0.9512400031089783 0.28351402282714844 0.039329998195171356 0.07804399728775024
