2 0.47655200958251953 0.6089529991149902 0.06587400287389755 0.08292300254106522
2 0.9231340289115906 0.4362649917602539 0.06369899958372116 0.08086899667978287
2 0.642274022102356 0.5470049977302551 0.06177400052547455 0.08052600175142288
2 0.1354770064353943 0.30749398469924927 0.055893998593091965 0.0707549974322319
2 0.1401059925556183 0.16599297523498535 0.04851499944925308 0.059154998511075974
1 0.4018220007419586 0.3892899751663208 0.057642001658678055 0.07219900190830231
1 0.627240002155304 0.7462350130081177 0.06282299757003784 0.08612199872732162
2 0.27803999185562134 0.3598319888114929 0.05932300165295601 0.07745999842882156
2 0.6943169832229614 0.6210049986839294 0.06377500295639038 0.08375699818134308
2 0.16998699307441711 0.23926299810409546 0.04596700146794319 0.061730001121759415
2 0.24308399856090546 0.431335985660553 0.051747001707553864 0.06668499857187271
2 0.5180060267448425 0.3876879811286926 0.06314300000667572 0.08343999832868576
2 0.6324120163917542 0.42507797479629517 0.06187799945473671 0.07846199721097946
2 0.04329700022935867 0.4113119840621948 0.05899899825453758 0.07242000102996826
2 0.2104569971561432 0.38122397661209106 0.05995500087738037 0.08284000307321548
1 0.5232679843902588 0.8408440351486206 0.05940299853682518 0.07683400064706802
2 0.06063999980688095 0.3519369959831238 0.05243600159883499 0.06534499675035477
1 0.40648800134658813 0.06084698438644409 0.0408330000936985 0.052740998566150665
2 0.49798500537872314 0.9434880018234253 0.06360100209712982 0.08333999663591385
2 0.5784580111503601 0.6450139880180359 0.05727899819612503 0.0722069963812828
1 0.08837900310754776 0.4559379816055298 0.04733600094914436 0.06782799959182739
1 0.6875929832458496 0.700564980506897 0.05765200033783913 0.07686199992895126
2 0.17851999402046204 0.961342990398407 0.0558289997279644 0.06624899804592133
2 0.9537699818611145 0.48523300886154175 0.048016998916864395 0.0622589997947216
2 0.13529600203037262 0.4632200002670288 0.051736000925302505 0.0647749975323677
1 0.06525000184774399 0.5103409886360168 0.054078999906778336 0.06517300009727478
1 0.41955700516700745 0.5016739964485168 0.04781600087881088 0.08099500089883804
1 0.534853994846344 0.13042998313903809 0.04752400144934654 0.05767099931836128
2 0.983722984790802 0.4460359811782837 0.03255400061607361 0.07247599959373474
2 0.2411620020866394 0.884643018245697 0.05268299952149391 0.06983000040054321
2 0.43737900257110596 0.30369699001312256 0.060718998312950134 0.08043999969959259
1 0.6392930150032043 0.3491950035095215 0.053560998290777206 0.06657300144433975
1 0.7412840127944946 0.7217459678649902 0.0644799992442131 0.08162099868059158
1 0.5667449831962585 0.4133189916610718 0.05359499901533127 0.07630299776792526
2 0.4019460082054138 0.3148599863052368 0.04001700133085251 0.07666300237178802
1 0.4592689871788025 0.7525160312652588 0.05310999974608421 0.07741300016641617
1 0.47788500785827637 0.6928330063819885 0.05760199949145317 0.07393799722194672
1 0.4747459888458252 0.8456310033798218 0.05659700185060501 0.08227500319480896
1 0.5219830274581909 0.7089849710464478 0.04307100176811218 0.06962600350379944
1 0.3039030134677887 0.5215060114860535 0.050655998289585114 0.06557899713516235
2 0.22877199947834015 0.6305339932441711 0.06464000046253204 0.08314800262451172
2 0.014813999645411968 0.6708300113677979 0.029322000220417976 0.07266700267791748
2 0.033610999584198 0.40024399757385254 0.06312199681997299 0.07846400141716003
2 0.4773859977722168 0.6947020292282104 0.058685000985860825 0.07275799661874771
1 0.44286099076271057 0.022638976573944092 0.0354899987578392 0.045278001576662064
2 0.028483999893069267 0.3926820158958435 0.05288099870085716 0.06954900175333023
2 0.4604490101337433 0.7526450157165527 0.05645500123500824 0.07618799805641174
2 0.9901099801063538 0.5199769735336304 0.01977900043129921 0.07446300238370895
2 0.3726550042629242 0.4525499939918518 0.060756001621484756 0.0754539966583252
1 0.2847520112991333 0.9622120261192322 0.05316000059247017 0.06769700348377228
2 0.21618999540805817 0.9895169734954834 0.05807499960064888 0.020966000854969025
1 0.9625629782676697 0.04683202505111694 0.051899999380111694 0.055994000285863876
1 0.37286698818206787 0.45348799228668213 0.06151200085878372 0.07556899636983871
2 0.2854990065097809 0.9619380235671997 0.05374399945139885 0.06798200309276581
2 0.22799299657344818 0.9448490142822266 0.05296500027179718 0.05964399874210358
1 0.22872799634933472 0.6309720277786255 0.06528999656438828 0.08675199747085571
1 0.5688440203666687 0.7144280076026917 0.04954199865460396 0.0646120011806488
1 0.2964180111885071 0.10153597593307495 0.044578999280929565 0.046820998191833496
1 0.6858450174331665 0.4999690055847168 0.04966000095009804 0.07173100113868713
2 0.42548200488090515 0.7888090014457703 0.049118999391794205 0.06817100197076797
2 0.02553199976682663 0.5551049709320068 0.05063299834728241 0.06818000227212906
