2 0.20656999945640564 0.813759982585907 0.0903410017490387 0.10105700045824051
2 0.8031049966812134 0.9276940226554871 0.09088499844074249 0.11102599650621414
2 0.538536012172699 0.3959730267524719 0.0891759991645813 0.10821499675512314
2 0.317095011472702 0.8235759735107422 0.07749799638986588 0.09816800057888031
2 0.7858719825744629 0.359840989112854 0.08498299866914749 0.09578599780797958
2 0.8141469955444336 0.420058012008667 0.08332700282335281 0.08882699906826019
2 0.8747230172157288 0.6998710036277771 0.08442799746990204 0.10665299743413925
2 0.6279969811439514 0.5258649587631226 0.09104800224304199 0.10445600003004074
2 0.9580960273742676 0.7975350022315979 0.08126000314950943 0.11479199677705765
2 0.23305100202560425 0.8734430074691772 0.07560600340366364 0.08201800286769867
2 0.037856001406908035 0.7556319832801819 0.07571200281381607 0.07830700278282166
2 0.9853690266609192 0.6947029829025269 0.02926200069487095 0.12305200099945068
2 0.9542869925498962 0.1645510196685791 0.05960400030016899 0.08141899853944778
2 0.9212700128555298 0.04865998029708862 0.10341300070285797 0.09731899946928024
1 0.037780001759529114 0.7555869817733765 0.07556000351905823 0.08369900286197662
2 0.9345620274543762 0.5775550007820129 0.09199199825525284 0.12087400257587433
2 0.05042500048875809 0.7490479946136475 0.10085000097751617 0.09338799864053726
2 0.9364330172538757 0.5968489646911621 0.09007599949836731 0.08684200048446655
