2 0.6016809940338135 0.19065701961517334 0.12265600264072418 0.14782600104808807
2 0.5102530121803284 0.7578200101852417 0.0963129997253418 0.11577499657869339
2 0.2646929919719696 0.43848198652267456 0.08566299825906754 0.10252200067043304
2 0.4594250023365021 0.8582720160484314 0.08661200106143951 0.11283999681472778
2 0.3648090064525604 0.7707890272140503 0.07834099978208542 0.10286299884319305
2 0.1114950031042099 0.6175609827041626 0.09164900332689285 0.10767199844121933
2 0.2932420074939728 0.5002130270004272 0.08121199905872345 0.08700200170278549
2 0.3936859965324402 0.12985801696777344 0.09969300031661987 0.12590500712394714
2 0.028001999482512474 0.49369001388549805 0.056005001068115234 0.1090560033917427
0 0.8398200273513794 0.13331997394561768 0.1125510036945343 0.1476919949054718
2 0.30633699893951416 0.9735249876976013 0.08979500085115433 0.05295100063085556
