2 0.6455609798431396 0.4285539984703064 0.06776800006628036 0.08837699890136719
1 0.5786169767379761 0.6477630138397217 0.05594800040125847 0.07199200242757797
2 0.33578699827194214 0.8725410103797913 0.044884998351335526 0.05807499960064888
1 0.8549439907073975 0.32908400893211365 0.05698100104928017 0.07722000032663345
2 0.2532089948654175 0.6940460205078125 0.04942300170660019 0.06151000037789345
1 0.7956110239028931 0.2842310070991516 0.06157499924302101 0.08585699647665024
2 0.32583099603652954 0.7346580028533936 0.05229099839925766 0.07099000364542007
2 0.09706199914216995 0.35260799527168274 0.04617900028824806 0.06379099935293198
2 0.6601089835166931 0.09748700261116028 0.06118600070476532 0.08296100050210953
2 0.8151999711990356 0.4856410026550293 0.06348299980163574 0.0821399986743927
1 0.24876700341701508 0.540353000164032 0.049570001661777496 0.061608001589775085
1 0.6867849826812744 0.19525699317455292 0.06376300007104874 0.08211799710988998
2 0.7489529848098755 0.38919299840927124 0.059918999671936035 0.07480300217866898
2 0.38877400755882263 0.6648889780044556 0.05883299931883812 0.08334100246429443
2 0.4600929915904999 0.6810910105705261 0.06030900031328201 0.077674001455307
2 0.42235198616981506 0.6148229837417603 0.05254499986767769 0.06985200196504593
1 0.8237720131874084 0.6822590231895447 0.05106800049543381 0.06676100194454193
1 0.911204993724823 0.30313900113105774 0.06400199979543686 0.08351500332355499
2 0.41083499789237976 0.16804000735282898 0.05457799881696701 0.07087399810552597
1 0.7239360213279724 0.9043059945106506 0.04909500107169151 0.05597100034356117
2 0.36303699016571045 0.8002550005912781 0.042454998940229416 0.05904899910092354
2 0.23096999526023865 0.6359729766845703 0.05415499955415726 0.06890500336885452
1 0.8101189732551575 0.6077309846878052 0.06486999988555908 0.0789249986410141
2 0.11174999922513962 0.5055890083312988 0.04506700113415718 0.05686099827289581
1 0.6255049705505371 0.2866480052471161 0.060467999428510666 0.07806699723005295
1 0.27416500449180603 0.5908570289611816 0.046950001269578934 0.06315799802541733
2 0.05378200113773346 0.4338720142841339 0.027595000341534615 0.03613600134849548
2 0.34935998916625977 0.09336599707603455 0.05135300010442734 0.06473600119352341
1 0.26145198941230774 0.49816399812698364 0.05112700164318085 0.055073000490665436
1 0.6461470127105713 0.34394198656082153 0.05752800032496452 0.06681100279092789
2 0.21366900205612183 0.6563090085983276 0.04502499848604202 0.06406299769878387
2 0.4548650085926056 0.08607800304889679 0.05385800078511238 0.06896399706602097
2 0.1204029992222786 0.4523789882659912 0.045719001442193985 0.05507500097155571
1 0.5903949737548828 0.5355049967765808 0.04972599819302559 0.08067800104618073
1 0.864749014377594 0.5265210270881653 0.05316000059247017 0.07351300120353699
1 0.2185250073671341 0.4919610023498535 0.04916499927639961 0.0602869987487793
1 0.5438079833984375 0.5894439816474915 0.06154400110244751 0.07511299848556519
2 0.8667389750480652 0.4072969853878021 0.06304000318050385 0.08228600025177002
1 0.7868859767913818 0.672540009021759 0.04494199901819229 0.06558600068092346
1 0.13130800426006317 0.24391700327396393 0.0470689982175827 0.058180999010801315
2 0.6944940090179443 0.6487029790878296 0.06307599693536758 0.08269000053405762
2 0.31920498609542847 0.5810999870300293 0.04874999821186066 0.06259199976921082
1 0.6947739720344543 0.6457780003547668 0.06140799820423126 0.08661500364542007
2 0.39657801389694214 0.1089870035648346 0.05037900060415268 0.060446999967098236
2 0.3842940032482147 0.04504700005054474 0.05478600040078163 0.0718040019273758
1 0.7441520094871521 0.6214830279350281 0.05289300158619881 0.07281599938869476
1 0.10697399824857712 0.2750220000743866 0.03402699902653694 0.04397200047969818
1 0.6378920078277588 0.19269999861717224 0.05533900111913681 0.08232299983501434
2 0.3978959918022156 0.4210509955883026 0.06314399838447571 0.08154399693012238
2 0.8099480271339417 0.6077049970626831 0.06385300308465958 0.0795150026679039
1 0.44144099950790405 0.015294999815523624 0.08406300097703934 0.030588999390602112
2 0.19251500070095062 0.38266998529434204 0.04761099815368652 0.06759999692440033
2 0.44629400968551636 0.17816300690174103 0.04245400056242943 0.07069999724626541
2 0.12636099755764008 0.377034991979599 0.03367200121283531 0.046418000012636185
1 0.38475799560546875 0.0446619987487793 0.05557499825954437 0.07075399905443192
1 0.6276339888572693 0.6676269769668579 0.044130999594926834 0.05101199820637703
1 0.8664000034332275 0.40696901082992554 0.06315699964761734 0.08270800113677979
2 0.6074389815330505 0.73158198595047 0.07778099924325943 0.09129299968481064
1 0.39816901087760925 0.1096159964799881 0.05204299837350845 0.06045899912714958
1 0.6912199854850769 0.32670000195503235 0.03962799906730652 0.07095400243997574
1 0.6032559871673584 0.9731919765472412 0.03793900087475777 0.04577000066637993
2 0.31172698736190796 0.6281139850616455 0.04191699996590614 0.050324998795986176
2 0.59026700258255 0.2529439926147461 0.04774700105190277 0.06776999682188034
1 0.7381110191345215 0.3195900022983551 0.051201000809669495 0.06455899775028229
1 0.6126350164413452 0.7322869896888733 0.06441199779510498 0.08170700073242188
2 0.6251789927482605 0.2858949899673462 0.05698399990797043 0.07786300033330917
1 0.39850500226020813 0.42097699642181396 0.06307400017976761 0.082007996737957
1 0.4377169907093048 0.01182399969547987 0.07016000151634216 0.023646999150514603
2 0.22361299395561218 0.6421279907226562 0.06214199960231781 0.07610200345516205
2 0.1572439968585968 0.3847840130329132 0.03723299875855446 0.0481100007891655
2 0.6390929818153381 0.19285599887371063 0.057665999978780746 0.0822950005531311
1 0.27696600556373596 0.4519909918308258 0.034012001007795334 0.050804998725652695
2 0.6468920111656189 0.3424060046672821 0.05694599822163582 0.0701809972524643
1 0.590749979019165 0.25304800271987915 0.04843800142407417 0.06736800074577332
1 0.65071702003479 0.7333440184593201 0.037578001618385315 0.06709200143814087
2 0.16742900013923645 0.5290949940681458 0.03205699846148491 0.043726999312639236
2 0.16142000257968903 0.36512699723243713 0.04496299847960472 0.0561630018055439
2 0.09132199734449387 0.43030399084091187 0.03114599920809269 0.04022400081157684
