2 0.6618810296058655 0.4434019923210144 0.06578700244426727 0.08660399913787842
2 0.34697699546813965 0.757207989692688 0.05090799927711487 0.06836199760437012
2 0.8311660289764404 0.4996510148048401 0.06103599816560745 0.07987499982118607
1 0.8670089840888977 0.3445819914340973 0.056425001472234726 0.07909200340509415
2 0.35983699560165405 0.8954480290412903 0.04306799918413162 0.05688399821519852
1 0.5975540280342102 0.6646929979324341 0.053390998393297195 0.06654900312423706
1 0.9230800271034241 0.31817999482154846 0.06331200152635574 0.08144699782133102
1 0.8425099849700928 0.6990839838981628 0.0515809990465641 0.06681200116872787
1 0.8084440231323242 0.3022780120372772 0.06312700361013412 0.0896259993314743
2 0.41626399755477905 0.4379749894142151 0.06048800051212311 0.08131799846887589
2 0.38603198528289795 0.823436975479126 0.04163099825382233 0.056873999536037445
2 0.4294489920139313 0.19240699708461761 0.05322900041937828 0.06977199763059616
2 0.763139009475708 0.4054810106754303 0.05869400128722191 0.07523299753665924
2 0.6734989881515503 0.11642999947071075 0.06231800094246864 0.08441200107336044
2 0.8256829977035522 0.6233800053596497 0.06215500086545944 0.0801210030913353
2 0.6413689851760864 0.30609598755836487 0.05653800070285797 0.07506000250577927
2 0.3677470088005066 0.12071999907493591 0.050276998430490494 0.06261400133371353
2 0.12079399824142456 0.38170701265335083 0.04813800007104874 0.06294800341129303
2 0.40593698620796204 0.6801519989967346 0.051297999918460846 0.08205799758434296
1 0.6688230037689209 0.751882016658783 0.03913399949669838 0.06632500141859055
2 0.4428040087223053 0.6332359910011292 0.049883000552654266 0.06967800110578537
2 0.47150498628616333 0.11191099882125854 0.05119600147008896 0.06942900270223618
2 0.662971019744873 0.3611370027065277 0.05790400132536888 0.07188200205564499
2 0.40193799138069153 0.07207600027322769 0.052212998270988464 0.07052300125360489
2 0.2557179927825928 0.6566870212554932 0.05189000070095062 0.06504300236701965
2 0.47905001044273376 0.6993489861488342 0.05889799818396568 0.0764399990439415
1 0.7599130272865295 0.6364240050315857 0.052414000034332275 0.07531200349330902
2 0.13477499783039093 0.533715009689331 0.044766999781131744 0.057753000408411026
2 0.34089699387550354 0.601061999797821 0.04801199957728386 0.060954999178647995
2 0.6534029841423035 0.21340300142765045 0.058729998767375946 0.08128900080919266
2 0.2757520079612732 0.7164700031280518 0.04552900046110153 0.06097399815917015
1 0.6288110017776489 0.9871569871902466 0.04932300001382828 0.025685999542474747
1 0.7138959765434265 0.6614019870758057 0.060148000717163086 0.08369600027799606
1 0.45163100957870483 0.02487899921834469 0.060819000005722046 0.04975900053977966
1 0.7016239762306213 0.21477599442005157 0.06249599903821945 0.08025600016117096
2 0.23635700345039368 0.6770089864730835 0.042360998690128326 0.0661109983921051
2 0.6068869829177856 0.27375999093055725 0.0482649989426136 0.06793200224637985
2 0.41639798879623413 0.1336739957332611 0.05017400160431862 0.05993499979376793
1 0.15046100318431854 0.27398499846458435 0.04129200056195259 0.058563001453876495
2 0.2138260006904602 0.4103350043296814 0.04440100118517876 0.06390299648046494
2 0.7529109716415405 0.33604899048805237 0.05215800181031227 0.06487300246953964
2 0.8795599937438965 0.4207310080528259 0.06066200137138367 0.08083699643611908
1 0.8046119809150696 0.6861749887466431 0.04118699952960014 0.06633000075817108
1 0.4161050021648407 0.13432000577449799 0.05114800110459328 0.06111200153827667
2 0.46609601378440857 0.20227600634098053 0.04398500174283981 0.0657849982380867
1 0.880623996257782 0.5434489846229553 0.05084799975156784 0.07103200256824493
2 0.6282129883766174 0.7462760210037231 0.06766600161790848 0.08257900178432465
2 0.5625010132789612 0.6047629714012146 0.059498000890016556 0.07283300161361694
1 0.2700769901275635 0.5606880187988281 0.04821399971842766 0.06098499894142151
1 0.7445380091667175 0.9194089770317078 0.04733100160956383 0.057270001620054245
1 0.609175980091095 0.5509920120239258 0.04801899939775467 0.07971200346946716
1 0.48034000396728516 0.7007650136947632 0.05849900096654892 0.07599599659442902
2 0.33228799700737 0.14918400347232819 0.0363989993929863 0.04433799907565117
2 0.1335970014333725 0.3124310076236725 0.03701699897646904 0.042263999581336975
1 0.5623959898948669 0.6052420139312744 0.05767799913883209 0.07347799837589264
2 0.7127090096473694 0.6624259948730469 0.06166800111532211 0.08276800066232681
1 0.2836199998855591 0.5211549997329712 0.04607100039720535 0.047995999455451965
2 0.14464899897575378 0.4803920090198517 0.04340200126171112 0.050147999078035355
1 0.6316210031509399 0.7465389966964722 0.060805998742580414 0.07844799757003784
1 0.6472470164299011 0.6845999956130981 0.04419799894094467 0.05347000062465668
1 0.29641199111938477 0.6121169924736023 0.04507799819111824 0.05930100008845329
2 0.7064340114593506 0.3451240062713623 0.04166200011968613 0.06923600286245346
2 0.6089869737625122 0.5514450073242188 0.04728899896144867 0.0789709985256195
2 0.14994199573993683 0.41253700852394104 0.035068001598119736 0.04467000067234039
2 0.08033599704504013 0.4710789918899536 0.028859000653028488 0.03565799817442894
2 0.602226972579956 0.7362009882926941 0.029458999633789062 0.07625100016593933
1 0.13310399651527405 0.3131990134716034 0.03547700121998787 0.04227500036358833
1 0.14510700106620789 0.4798620045185089 0.04432599991559982 0.05339699983596802
1 0.23994000256061554 0.5180010199546814 0.04531100019812584 0.057996999472379684
1 0.3687959909439087 0.1220650002360344 0.049525000154972076 0.06254500150680542
