2 0.5190569758415222 0.2957339882850647 0.09368599951267242 0.1198820024728775
2 0.49668601155281067 0.9005820155143738 0.0842600017786026 0.11035799980163574
2 0.5211399793624878 0.8171690106391907 0.09728100150823593 0.09707000106573105
2 0.6907389760017395 0.45481300354003906 0.09248699992895126 0.1250469982624054
2 0.7506510019302368 0.5779709815979004 0.10446900129318237 0.13136999309062958
2 0.5886229872703552 0.5309900045394897 0.08426400274038315 0.11340399831533432
2 0.6528760194778442 0.6743599772453308 0.08643999695777893 0.10128600150346756
2 0.3253209888935089 0.6964809894561768 0.09596599638462067 0.11298300325870514
2 0.22507299482822418 0.8352220058441162 0.0945110023021698 0.11304199695587158
1 0.32272300124168396 0.697996973991394 0.09595300257205963 0.11701700091362
2 0.12034499645233154 0.009069999679923058 0.06960400193929672 0.018140999600291252
1 0.01090299990028143 0.34150299429893494 0.021191999316215515 0.11296000331640244
2 0.010981000028550625 0.3416540026664734 0.020855000242590904 0.1188569962978363
