2 0.3837530016899109 0.869234025478363 0.04569299891591072 0.057569000869989395
2 0.689087986946106 0.4192740023136139 0.06629899889230728 0.0846330001950264
2 0.37172800302505493 0.7313590049743652 0.052900999784469604 0.06848599761724472
2 0.14435100555419922 0.35314300656318665 0.049235999584198 0.062348999083042145
1 0.623117983341217 0.6419900059700012 0.05558200180530548 0.07030399888753891
1 0.9537490010261536 0.2923150062561035 0.06248899921774864 0.08096300065517426
1 0.2941089868545532 0.5359979867935181 0.048420000821352005 0.06213799864053726
2 0.16020900011062622 0.5064359903335571 0.04404300078749657 0.058511000126600266
1 0.8977609872817993 0.3173080086708069 0.05940999835729599 0.07731399685144424
1 0.8372640013694763 0.2747980058193207 0.06382499635219574 0.09030599892139435
1 0.7706829905509949 0.897695004940033 0.047839000821113586 0.05651500076055527
1 0.8693910241127014 0.6762239933013916 0.05113000050187111 0.06577300280332565
1 0.7285079956054688 0.18769200146198273 0.05907600000500679 0.07750599831342697
2 0.45425501465797424 0.16465599834918976 0.05407299846410751 0.06951700150966644
1 0.32148298621177673 0.587116003036499 0.04843100160360336 0.06340400129556656
2 0.3003999888896942 0.6916069984436035 0.0492900013923645 0.06106400117278099
2 0.4108859896659851 0.7979549765586853 0.042527999728918076 0.057785000652074814
2 0.49685201048851013 0.08380100131034851 0.051798999309539795 0.06871099770069122
2 0.7908120155334473 0.37992098927497864 0.059397000819444656 0.07397899776697159
1 0.46850499510765076 0.6116229891777039 0.053266000002622604 0.07348799705505371
1 0.5872200131416321 0.5815489888191223 0.05900700017809868 0.07046700268983841
1 0.6555359959602356 0.7243189811706543 0.06348399817943573 0.08544600009918213
1 0.8315190076828003 0.6653810143470764 0.04207799956202507 0.06466399878263474
2 0.700344979763031 0.08864600211381912 0.061257001012563705 0.08480899780988693
2 0.16982200741767883 0.4526990056037903 0.04460399970412254 0.052583999931812286
1 0.7859950065612793 0.6139510273933411 0.05545999854803085 0.07751499861478806
1 0.9087859988212585 0.5194169878959656 0.0486919991672039 0.07181700319051743
2 0.23926199972629547 0.38299399614334106 0.04405700042843819 0.06612200289964676
1 0.6344389915466309 0.5273450016975403 0.04712599888443947 0.0831729993224144
1 0.6892939805984497 0.33704400062561035 0.05423999950289726 0.06892400234937668
1 0.7400400042533875 0.6393229961395264 0.059119001030921936 0.07977599650621414
2 0.39349499344825745 0.09157100319862366 0.05148300155997276 0.062366001307964325
2 0.28217101097106934 0.6313660144805908 0.04836999997496605 0.064519003033638
1 0.364206999540329 0.5762749910354614 0.04702699929475784 0.06462600082159042
1 0.668084979057312 0.2799299955368042 0.0605509988963604 0.0783969983458519
1 0.7792119979858398 0.30949801206588745 0.04933600127696991 0.06375899910926819
1 0.7325850129127502 0.31876400113105774 0.04154900088906288 0.07198400050401688
1 0.8525859713554382 0.5977439880371094 0.061344001442193985 0.07691100239753723
1 0.5044429898262024 0.6758059859275818 0.05797300115227699 0.07733199745416641
2 0.26000699400901794 0.6523339748382568 0.04426800087094307 0.06625500321388245
2 0.852599024772644 0.598484992980957 0.06263700127601624 0.07957299798727036
1 0.44185400009155273 0.10595899820327759 0.05129700154066086 0.061705999076366425
1 0.30867400765419006 0.49594900012016296 0.05029499903321266 0.05449200049042702
2 0.4404340088367462 0.4108799993991852 0.06168999895453453 0.0810990035533905
1 0.6801319718360901 0.18562200665473938 0.057909999042749405 0.08047500252723694
2 0.5033720135688782 0.674813985824585 0.060127999633550644 0.07940699905157089
1 0.6732400059700012 0.6626650094985962 0.046372998505830765 0.052480001002550125
2 0.8577020168304443 0.47311800718307495 0.06194800138473511 0.07848600298166275
2 0.17405200004577637 0.38271498680114746 0.03421499952673912 0.04501200094819069
2 0.49072200059890747 0.1744070053100586 0.04653500020503998 0.06794200092554092
1 0.8590729832649231 0.47637900710105896 0.062254998832941055 0.07731100171804428
2 0.019236000254750252 0.09557200223207474 0.03075600042939186 0.03481300175189972
1 0.6327419877052307 0.24462400376796722 0.046493999660015106 0.06334800273180008
1 0.6952909827232361 0.7270399928092957 0.04027799889445305 0.068743996322155
1 0.9097520112991333 0.3968200087547302 0.06237399950623512 0.08309300243854523
1 0.1774190068244934 0.2463490068912506 0.05103199928998947 0.05945499986410141
2 0.2000110000371933 0.4711030125617981 0.034334998577833176 0.052595000714063644
2 0.10505200177431107 0.4418390095233917 0.028815999627113342 0.035634998232126236
2 0.4418550133705139 0.1054069995880127 0.05178700014948845 0.061223000288009644
2 0.4276359975337982 0.04338499903678894 0.05289800092577934 0.06997299939393997
2 0.432873010635376 0.6568160057067871 0.054246000945568085 0.08085999637842178
1 0.4295769929885864 0.043306998908519745 0.05497799813747406 0.07194499671459198
1 0.2640239894390106 0.4923360049724579 0.045740000903606415 0.05876699835062027
2 0.3597530126571655 0.6249409914016724 0.042621999979019165 0.04873500019311905
1 0.15779399871826172 0.284619003534317 0.036315999925136566 0.04163099825382233
2 0.6338300108909607 0.24624499678611755 0.04735200107097626 0.0659639984369278
1 0.48176199197769165 0.008914000354707241 0.07022199779748917 0.01705699972808361
2 0.14402100443840027 0.4359689950942993 0.032419998198747635 0.038123998790979385
2 0.9077100157737732 0.39705801010131836 0.06065300107002258 0.07960599660873413
1 0.4315800070762634 0.6574299931526184 0.050902001559734344 0.08041500300168991
1 0.7901970148086548 0.3811199963092804 0.059758998453617096 0.07620300352573395
2 0.2026199996471405 0.3866159915924072 0.03814199939370155 0.04655199870467186
2 0.15831099450588226 0.2834619879722595 0.03733399882912636 0.04141499847173691
2 0.01271899975836277 0.05812999978661537 0.025436999276280403 0.03432900086045265
1 0.4400550127029419 0.41200101375579834 0.06222299858927727 0.08261100202798843
2 0.3642460107803345 0.5765460133552551 0.046007998287677765 0.0644799992442131
1 0.6510289907455444 0.9693269729614258 0.03646399825811386 0.04529299959540367
2 0.7383800148963928 0.6405019760131836 0.06349200010299683 0.08296400308609009
1 0.48109400272369385 0.014585000462830067 0.0687979981303215 0.029170000925660133
