2 0.4300450086593628 0.16104400157928467 0.05554800108075142 0.07002100348472595
2 0.8159819841384888 0.7679029703140259 0.06304199993610382 0.07938200235366821
2 0.5086759924888611 0.32688000798225403 0.06131799891591072 0.0760359987616539
1 0.9643779993057251 0.6287299990653992 0.06249700114130974 0.08200599998235703
1 0.3284139931201935 0.7853569984436035 0.05664300173521042 0.06971599906682968
1 0.3754810094833374 0.9091460108757019 0.05402600020170212 0.08182799816131592
2 0.12125399708747864 0.6023399829864502 0.05552799999713898 0.06876900047063828
1 0.3489289879798889 0.842831015586853 0.05758199840784073 0.0737840011715889
2 0.4711889922618866 0.37689900398254395 0.058917999267578125 0.0742259994149208
2 0.5228660106658936 0.39643800258636475 0.05531100183725357 0.06717199832201004
1 0.30395400524139404 0.7420459985733032 0.04234699904918671 0.048516999930143356
1 0.28228598833084106 0.7823259830474854 0.04506099969148636 0.06019999831914902
2 0.5490670204162598 0.46889299154281616 0.07427400350570679 0.08192099630832672
1 0.8618389964103699 0.53370600938797 0.06192300096154213 0.07773599773645401
2 0.5749750137329102 0.3728159964084625 0.05649400129914284 0.0721839964389801
2 0.969605028629303 0.8293139934539795 0.06078900024294853 0.07940799742937088
1 0.138372004032135 0.711368978023529 0.04557099938392639 0.056605998426675797
2 0.1550849974155426 0.47974398732185364 0.05208199843764305 0.06387100368738174
1 0.41610899567604065 0.8896399736404419 0.05287199839949608 0.07186300307512283
2 0.568664014339447 0.2755419909954071 0.0636420026421547 0.07588300108909607
2 0.11872000247240067 0.7597060203552246 0.050937000662088394 0.0657150000333786
2 0.8498209714889526 0.4320800006389618 0.06031600013375282 0.08462399989366531
2 0.01955999992787838 0.40370500087738037 0.03299200162291527 0.042381998151540756
2 0.592585027217865 0.763696014881134 0.07229100167751312 0.08880600333213806
1 0.32888099551200867 0.945805013179779 0.058743998408317566 0.07298699766397476
2 0.8713610172271729 0.13050000369548798 0.06378299742937088 0.07762899994850159
1 0.2835330069065094 0.7015060186386108 0.049201998859643936 0.06992600113153458
2 0.3691290020942688 0.16451400518417358 0.03599200025200844 0.04589800164103508
2 0.15330199897289276 0.3184080123901367 0.032117001712322235 0.038757000118494034
1 0.24205699563026428 0.647819995880127 0.07179500162601471 0.08472000062465668
2 0.2113579958677292 0.7428119778633118 0.05180099979043007 0.06355000287294388
1 0.88053297996521 0.9573649764060974 0.047605000436306 0.06823699921369553
2 0.9156609773635864 0.732030987739563 0.06095999851822853 0.07400500029325485
2 0.15072700381278992 0.28051498532295227 0.03080900013446808 0.03889400139451027
1 0.5771530270576477 0.9880750179290771 0.06391700357198715 0.02384999953210354
2 0.1317330002784729 0.8684859871864319 0.03151800110936165 0.03981199860572815
1 0.16647900640964508 0.7301890254020691 0.03308900073170662 0.05926800146698952
1 0.7167239785194397 0.9341570138931274 0.06286100298166275 0.06459300220012665
2 0.564969003200531 0.7940629720687866 0.055629998445510864 0.0872730016708374
2 0.409635990858078 0.40041300654411316 0.055098000913858414 0.06726600229740143
2 0.12714600563049316 0.32624301314353943 0.030700000002980232 0.03881800174713135
2 0.8042539954185486 0.5238000154495239 0.05937900021672249 0.08211000263690948
1 0.9426869750022888 0.9454270005226135 0.06391599774360657 0.08078200370073318
1 0.3378719985485077 0.8676729798316956 0.06398999691009521 0.07590900361537933
1 0.16605499386787415 0.976622998714447 0.03359900042414665 0.037383001297712326
2 0.5411019921302795 0.9389600157737732 0.0648450031876564 0.08286699652671814
1 0.541022002696991 0.9396539926528931 0.06329700350761414 0.08228500187397003
1 0.8391050100326538 0.6566669940948486 0.04246800020337105 0.06858299672603607
2 0.7976940274238586 0.6118950247764587 0.05136699974536896 0.06425099819898605
2 0.8393530249595642 0.6553990244865417 0.04242800176143646 0.064751997590065
1 0.29291900992393494 0.9610739946365356 0.05255899950861931 0.07785200327634811
2 0.40312498807907104 0.11740399897098541 0.054019998759031296 0.08148299902677536
2 0.5271570086479187 0.24334900081157684 0.054763998836278915 0.06859900057315826
2 0.15765899419784546 0.6698520183563232 0.03653800114989281 0.04678099974989891
1 0.12153799831867218 0.7612019777297974 0.055514998733997345 0.06817899644374847
1 0.7161279916763306 0.9830620288848877 0.06083900108933449 0.03142800182104111
1 0.8861979842185974 0.6529009938240051 0.051065001636743546 0.06527499854564667
1 0.8044899702072144 0.5243250131607056 0.056859999895095825 0.0796009972691536
2 0.39645498991012573 0.1312739998102188 0.0445839986205101 0.06410399824380875
1 0.7963039875030518 0.6137290000915527 0.05003400146961212 0.06520800292491913
2 0.5594840049743652 0.7933840155601501 0.04321099817752838 0.07685700058937073
2 0.8859000205993652 0.6521180272102356 0.054283998906612396 0.06593000143766403
2 0.7502800226211548 0.579039990901947 0.05176800116896629 0.06915300339460373
0 0.928013026714325 0.07354100048542023 0.053502000868320465 0.06419900059700012
2 0.5804380178451538 0.6938380002975464 0.04997999966144562 0.05560800060629845
2 0.8463850021362305 0.980663001537323 0.05429700016975403 0.0386740006506443
