2 0.6568229794502258 0.4439209997653961 0.06444700062274933 0.08591800183057785
2 0.8253340125083923 0.5006060004234314 0.06378299742937088 0.08098399639129639
2 0.3423750102519989 0.7575110197067261 0.051511000841856 0.06813099980354309
1 0.5924310088157654 0.6649479866027832 0.05430600047111511 0.06701699644327164
2 0.35552799701690674 0.895389974117279 0.04358400031924248 0.055872999131679535
1 0.802819013595581 0.30270299315452576 0.06302600353956223 0.09044700115919113
2 0.3819809854030609 0.8235899806022644 0.042520999908447266 0.057822998613119125
1 0.2661769986152649 0.562969982624054 0.050356000661849976 0.06209300085902214
2 0.7566519975662231 0.4065220057964325 0.05641999840736389 0.0753989964723587
2 0.6667789816856384 0.11663399636745453 0.06407099962234497 0.08429399877786636
1 0.8629040122032166 0.3452959954738617 0.05787299945950508 0.07857099920511246
1 0.9173640012741089 0.31918200850486755 0.0641620010137558 0.08034799993038177
2 0.4217900037765503 0.19246000051498413 0.05451299995183945 0.0679360032081604
2 0.11461199820041656 0.38283100724220276 0.04808700084686279 0.05952800065279007
2 0.6568300127983093 0.36382201313972473 0.055932000279426575 0.06776399910449982
1 0.836929976940155 0.7005580067634583 0.04993100091814995 0.06693000346422195
2 0.8199769854545593 0.622979998588562 0.06233900040388107 0.0792049989104271
2 0.6351659893989563 0.3065739870071411 0.05419899895787239 0.0750190019607544
2 0.1312430053949356 0.5347210168838501 0.04889899864792824 0.058472998440265656
2 0.8744680285453796 0.4219230115413666 0.06302899867296219 0.08111000061035156
2 0.36239999532699585 0.12082400172948837 0.0484980009496212 0.061402998864650726
2 0.41088101267814636 0.4381589889526367 0.06253399699926376 0.08093500137329102
2 0.4088220000267029 0.13530799746513367 0.046615999191999435 0.060155000537633896
1 0.5568280220031738 0.6058779954910278 0.057218000292778015 0.07562600076198578
2 0.4752120077610016 0.6997680068016052 0.05740100145339966 0.07343000173568726
2 0.43740400671958923 0.6344760060310364 0.053314998745918274 0.07220999896526337
2 0.40182098746299744 0.6797170042991638 0.05413899943232536 0.08109299838542938
1 0.14593200385570526 0.27548500895500183 0.04851900041103363 0.05717200040817261
1 0.29023200273513794 0.614359974861145 0.04417800158262253 0.06092400103807449
1 0.625374972820282 0.9869980216026306 0.052365999668836594 0.02600499987602234
2 0.23061099648475647 0.6799060106277466 0.044523999094963074 0.06601999700069427
1 0.7558280229568481 0.6377320289611816 0.05309600010514259 0.07409100234508514
2 0.395112007856369 0.07140599936246872 0.05210300162434578 0.06943699717521667
2 0.7064440250396729 0.6645470261573792 0.05990400165319443 0.08151599764823914
2 0.46620699763298035 0.11233600229024887 0.05219599977135658 0.07061100006103516
2 0.602180004119873 0.27267900109291077 0.050195999443531036 0.06791400164365768
1 0.7385550141334534 0.9192950129508972 0.04818100109696388 0.05707700178027153
2 0.2702609896659851 0.7173449993133545 0.0477450005710125 0.06099100038409233
1 0.8752819895744324 0.5442630052566528 0.05249299854040146 0.07061400264501572
1 0.2793140113353729 0.5217159986495972 0.04905499890446663 0.04734300076961517
1 0.7997130155563354 0.6883320212364197 0.04485100135207176 0.06464999914169312
1 0.25267401337623596 0.6540489792823792 0.04972900077700615 0.05831199884414673
2 0.21103499829769135 0.4084149897098541 0.04166899994015694 0.0680219978094101
1 0.6955350041389465 0.2170799970626831 0.0602089986205101 0.0772169977426529
1 0.6639220118522644 0.7524030208587646 0.038704000413417816 0.06309100240468979
2 0.6481220126152039 0.2154099941253662 0.05471000075340271 0.07979000359773636
2 0.5995270013809204 0.7396979928016663 0.03629299998283386 0.07560999691486359
1 0.4450620114803314 0.026265999302268028 0.059408999979496 0.052531998604536057
2 0.45908600091934204 0.20503400266170502 0.04742399975657463 0.06702200323343277
2 0.07539799809455872 0.47238999605178833 0.027752000838518143 0.03448000177741051
1 0.6013889908790588 0.5530009865760803 0.050175998359918594 0.08063499629497528
1 0.7067239880561829 0.6619889736175537 0.05913599953055382 0.08554200083017349
2 0.74788898229599 0.33799299597740173 0.05108699947595596 0.06540799885988235
1 0.627348005771637 0.7479479908943176 0.05914900079369545 0.07632499933242798
1 0.13913899660110474 0.48093900084495544 0.041985999792814255 0.050588998943567276
2 0.6261770129203796 0.7467849850654602 0.0656220018863678 0.07910100370645523
2 0.2519659996032715 0.6556379795074463 0.051600001752376556 0.060405999422073364
2 0.3353849947452545 0.6019999980926514 0.04597200080752373 0.06105000153183937
2 0.14451900124549866 0.41174399852752686 0.03470899909734726 0.044877998530864716
2 0.6005079746246338 0.552715003490448 0.05076099932193756 0.07863900065422058
1 0.33492401242256165 0.6020179986953735 0.04681200161576271 0.06125500053167343
1 0.4866180121898651 0.5424969792366028 0.05025099962949753 0.06386099755764008
2 0.1280370056629181 0.3132359981536865 0.03420000150799751 0.039879001677036285
1 0.4101260006427765 0.4374240040779114 0.06188499927520752 0.08127900213003159
1 0.43742498755455017 0.6367419958114624 0.05344200134277344 0.07208500057458878
1 0.6354719996452332 0.30645400285720825 0.05469899997115135 0.07580400258302689
2 0.17304900288581848 0.41006800532341003 0.03765900060534477 0.05163300037384033
2 0.7016329765319824 0.34632599353790283 0.041370000690221786 0.06801000237464905
1 0.643858015537262 0.6858680248260498 0.04243599995970726 0.05056300014257431
1 0.2335679978132248 0.5180019736289978 0.040077000856399536 0.056612998247146606
2 0.2369379997253418 0.6701779961585999 0.05458400025963783 0.07813899964094162
