2 0.40573298931121826 0.10952600091695786 0.08561799675226212 0.10832999646663666
2 0.1597529947757721 0.6316009759902954 0.08744999766349792 0.10536900162696838
2 0.7020480036735535 0.8504210114479065 0.12049499899148941 0.15027999877929688
2 0.4783270061016083 0.3275899887084961 0.07826299965381622 0.10181000083684921
2 0.3995780050754547 0.656391978263855 0.08110000193119049 0.0973690003156662
2 0.6105530261993408 0.3216150104999542 0.09305699914693832 0.1124889999628067
2 0.5566819906234741 0.23178799450397491 0.08445899933576584 0.11037000268697739
2 0.24651199579238892 0.5026839971542358 0.08466999977827072 0.10323400050401688
2 0.5232170224189758 0.9333570003509521 0.10176599770784378 0.121738001704216
0 0.948714017868042 0.8851850032806396 0.102572001516819 0.14528700709342957
2 0.42460599541664124 0.5988360047340393 0.0756789967417717 0.09184300154447556
0 0.009429000318050385 0.7023860216140747 0.018857000395655632 0.08048500120639801
