2 0.10341200232505798 0.6918060183525085 0.05387499928474426 0.07121499627828598
2 0.4414910078048706 0.3851580023765564 0.06581500172615051 0.08628100156784058
2 0.10906700044870377 0.8335540294647217 0.045591000467538834 0.05891500040888786
2 0.027400000020861626 0.6478840112686157 0.05013100057840347 0.06327000260353088
2 0.607804000377655 0.44672098755836487 0.06184900179505348 0.08248800039291382
2 0.8902570009231567 0.5557659864425659 0.06133199855685234 0.08496899902820587
2 0.6608880162239075 0.37314900755882263 0.06203500181436539 0.08097399771213531
2 0.5445219874382019 0.34942999482154846 0.060373999178409576 0.07399699836969376
2 0.9770990014076233 0.47464001178741455 0.04580099880695343 0.07288599759340286
2 0.210875004529953 0.5679879784584045 0.05467500165104866 0.07033900171518326
2 0.24554899334907532 0.6362360119819641 0.06084499880671501 0.07808800041675568
2 0.5988730192184448 0.5698189735412598 0.0618319995701313 0.07859399914741516
2 0.17544299364089966 0.6156520247459412 0.06069299951195717 0.08396399766206741
1 0.3688260018825531 0.6074029803276062 0.05601000040769577 0.0688449963927269
1 0.6087859869003296 0.6467220187187195 0.048131998628377914 0.06488599628210068
1 0.48728498816490173 0.155348002910614 0.06265699863433838 0.07896000146865845
2 0.46215900778770447 0.050648998469114304 0.06202799826860428 0.0834449976682663
1 0.6503790020942688 0.29469799995422363 0.06239999830722809 0.07942699640989304
1 0.5928419828414917 0.2473430037498474 0.06411600112915039 0.09008599817752838
2 0.1372630000114441 0.7587609887123108 0.042743001133203506 0.05999600142240524
2 0.20586100220680237 0.11410699784755707 0.054048001766204834 0.06931400299072266
1 0.37887001037597656 0.9366350173950195 0.03804299980401993 0.04977099969983101
2 0.019317999482154846 0.5849739909172058 0.03863700106739998 0.07053700089454651
2 0.9630659818649292 0.5446209907531738 0.05649900063872337 0.07498999685049057
1 0.9331960082054138 0.9447389841079712 0.050693999975919724 0.06389500200748444
2 0.9735029935836792 0.27715200185775757 0.052762001752853394 0.07522399723529816
2 0.10179799795150757 0.532043993473053 0.050728000700473785 0.06678300350904465
2 0.4851579964160919 0.6091060042381287 0.06254799664020538 0.08292300254106522
2 0.05536700040102005 0.5413259863853455 0.049880001693964005 0.06793399900197983
2 0.4050169885158539 0.6916729807853699 0.0660879984498024 0.08226899802684784
1 0.02943900041282177 0.4869230091571808 0.05362199991941452 0.06825000047683716
1 0.7065510153770447 0.2706199884414673 0.06268700212240219 0.08439800143241882
2 0.4432609975337982 0.30104300379753113 0.056836001574993134 0.06862500309944153
1 0.4441229999065399 0.3045539855957031 0.05697200074791908 0.06569299846887589
1 0.532971978187561 0.5829780101776123 0.05243299901485443 0.07301799952983856
2 0.14257599413394928 0.032979998737573624 0.055435001850128174 0.06272400170564651
2 0.3699750006198883 0.6803929805755615 0.039229001849889755 0.07792899757623672
2 0.19163000583648682 0.3664669990539551 0.06480900198221207 0.08266700059175491
2 0.3373430073261261 0.5445719957351685 0.06042199954390526 0.07442399859428406
1 0.05522200092673302 0.5410720109939575 0.04946399852633476 0.06784100085496902
1 0.5730090141296387 0.6374189853668213 0.04404300078749657 0.061480000615119934
2 0.42390701174736023 0.241457000374794 0.05596200004220009 0.07739699631929398
1 0.4386039972305298 0.15063300728797913 0.057287998497486115 0.08220600336790085
2 0.9207550287246704 0.5026969909667969 0.04676799848675728 0.06478200107812881
1 0.4229240119457245 0.24140000343322754 0.05272800102829933 0.07965199649333954
1 0.03902500122785568 0.4500339925289154 0.05648300051689148 0.06586100161075592
1 0.9870049953460693 0.9300479888916016 0.02599100023508072 0.06511399894952774
1 0.337228000164032 0.5445759892463684 0.05882500112056732 0.07476100325584412
1 0.5043929815292358 0.8648329973220825 0.04879000037908554 0.05620799958705902
1 0.487278014421463 0.2871379852294922 0.04215199872851372 0.06926199793815613
1 0.652383029460907 0.49460500478744507 0.05043400079011917 0.0749489963054657
1 0.3863779902458191 0.49186500906944275 0.04823499917984009 0.08428999781608582
2 0.2507399916648865 0.034765999764204025 0.05522900074720383 0.06678999960422516
2 0.5352020263671875 0.28088098764419556 0.04970899969339371 0.0627719983458519
2 0.43946000933647156 0.15216700732707977 0.05881299823522568 0.08664900064468384
1 0.41315799951553345 0.9762610197067261 0.03525200113654137 0.04747899994254112
2 0.19412900507450104 0.05024600028991699 0.05924300104379654 0.05753299966454506
1 0.2508760094642639 0.03422100096940994 0.054104000329971313 0.0640759989619255
2 0.1837960034608841 0.008444000035524368 0.06445500254631042 0.01663699932396412
1 0.26688000559806824 0.47388601303100586 0.05536700040102005 0.06748799979686737
2 0.3858009874820709 0.4933969974517822 0.047120001167058945 0.08281199634075165
2 0.09278199821710587 0.5806699991226196 0.05042700096964836 0.05834000185132027
