2 0.6573910117149353 0.702701985836029 0.07862900197505951 0.09800799936056137
2 0.8301500082015991 0.7754110097885132 0.07209800183773041 0.08367899805307388
2 0.8203639984130859 0.9605169892311096 0.06002400070428848 0.07481499761343002
2 0.9595739841461182 0.2818540036678314 0.08085200190544128 0.10691200196743011
1 0.5471130013465881 0.6784669756889343 0.07448100298643112 0.09356699883937836
2 0.4677709937095642 0.7029770016670227 0.07101800292730331 0.09541100263595581
2 0.8585969805717468 0.9266279935836792 0.04470499977469444 0.06433399766683578
2 0.1472640037536621 0.555895984172821 0.03536900132894516 0.04503700137138367
1 0.4671410024166107 0.70278400182724 0.07250600308179855 0.09596399962902069
2 0.9863470196723938 0.3794969916343689 0.027305999770760536 0.08925200253725052
2 0.7842559814453125 0.9468770027160645 0.04863400012254715 0.06909099966287613
2 0.8427410125732422 0.5548660159111023 0.05531800165772438 0.07319799810647964
2 0.14149199426174164 0.6203569769859314 0.027170000597834587 0.036364998668432236
1 0.5609639883041382 0.6077579855918884 0.08123999834060669 0.08654800057411194
2 0.60213702917099 0.8957549929618835 0.03770099952816963 0.048215001821517944
2 0.4449380040168762 0.7949020266532898 0.023816000670194626 0.027590999379754066
