2 0.42153599858283997 0.062206000089645386 0.08698800206184387 0.10824999958276749
2 0.40829500555992126 0.6077929735183716 0.08310700207948685 0.09542399644851685
2 0.7145969867706299 0.808085024356842 0.1211320012807846 0.14456799626350403
2 0.16792500019073486 0.5796530246734619 0.08843100070953369 0.10360799729824066
2 0.6257809996604919 0.27819499373435974 0.09289799630641937 0.1118519976735115
2 0.25709301233291626 0.45389699935913086 0.08531700074672699 0.10421299934387207
2 0.49128100275993347 0.2816399931907654 0.0778530016541481 0.10484299808740616
2 0.5698840022087097 0.18485599756240845 0.08326499909162521 0.11261200159788132
2 0.5299590229988098 0.8948760032653809 0.09864900261163712 0.12419100105762482
2 0.4395799934864044 0.5579900145530701 0.08076299726963043 0.09680099785327911
0 0.9531890153884888 0.8507390022277832 0.09362199902534485 0.14174099266529083
1 0.01083299983292818 0.6579390168190002 0.021052999421954155 0.07689400017261505
