2 0.6038600206375122 0.3614349961280823 0.0823419988155365 0.10120700299739838
2 0.36980000138282776 0.5884510278701782 0.07324499636888504 0.08730600029230118
2 0.5779600143432617 0.1648010015487671 0.08206400275230408 0.10728800296783447
2 0.6074450016021729 0.6615859866142273 0.07119999825954437 0.08160900324583054
2 0.8578619956970215 0.9631860256195068 0.09156499803066254 0.07362700253725052
2 0.19134700298309326 0.5982019901275635 0.06689900159835815 0.08665499836206436
2 0.6603469848632812 0.4455209970474243 0.05347000062465668 0.07388299703598022
2 0.3017539978027344 0.513962984085083 0.08620999753475189 0.09672699868679047
2 0.6268360018730164 0.2604140043258667 0.07901299744844437 0.09894099831581116
2 0.6579800248146057 0.8391730189323425 0.07398399710655212 0.07848600298166275
1 0.24983200430870056 0.5736380219459534 0.07025299966335297 0.08991000056266785
1 0.8749240040779114 0.878620982170105 0.08396299928426743 0.09605100005865097
2 0.28956401348114014 0.5094460248947144 0.09115199744701385 0.09618599712848663
1 0.6666790246963501 0.19297100603580475 0.08965399861335754 0.10668200254440308
2 0.9608190059661865 0.9350299835205078 0.07836200296878815 0.10330799967050552
1 0.9602280259132385 0.9357249736785889 0.07954499870538712 0.10522200167179108
2 0.7069200277328491 0.8101940155029297 0.036056999117136 0.060474999248981476
1 0.7016500234603882 0.8554080128669739 0.04476499930024147 0.05898800119757652
