2 0.5201460123062134 0.6226800084114075 0.06917300075292587 0.0854019969701767
2 0.27535998821258545 0.34465399384498596 0.05561399832367897 0.07679100334644318
2 0.6924899816513062 0.6742079854011536 0.06433700025081635 0.08080299943685532
2 0.5289130210876465 0.2867709994316101 0.06079399958252907 0.08384300023317337
1 0.6693570017814636 0.47277501225471497 0.06332000344991684 0.087226003408432
2 0.18600299954414368 0.05755399912595749 0.05336499959230423 0.07103700190782547
2 0.21005100011825562 0.26353099942207336 0.0531889982521534 0.07028499990701675
2 0.6232830286026001 0.5815500020980835 0.06136300042271614 0.07770399749279022
2 0.2012529969215393 0.9032689929008484 0.04988599941134453 0.06914500147104263
2 0.2960279881954193 0.15362200140953064 0.06499499827623367 0.08254200220108032
2 0.6888009905815125 0.7873950004577637 0.0629659965634346 0.07819200307130814
2 0.29485198855400085 0.8070260286331177 0.05818900093436241 0.07927499711513519
2 0.09847500175237656 0.8294479846954346 0.06268399953842163 0.0763309970498085
1 0.7277609705924988 0.5245910286903381 0.06338799744844437 0.08535899966955185
1 0.45661500096321106 0.8385319709777832 0.054896000772714615 0.07481600344181061
2 0.24488799273967743 0.21108299493789673 0.05628100037574768 0.07393500208854675
1 0.7857210040092468 0.5000039935112 0.06653299927711487 0.0829399973154068
2 0.743910014629364 0.597724974155426 0.06063299998641014 0.08154000341892242
2 0.31216299533843994 0.3443790078163147 0.043175000697374344 0.06535899639129639
2 0.31802499294281006 0.2501089870929718 0.05452600121498108 0.07264500111341476
1 0.5577030181884766 0.38320600986480713 0.06213900074362755 0.08266899734735489
2 0.258776992559433 0.27768298983573914 0.05364000052213669 0.06533899903297424
2 0.1680860072374344 0.019000999629497528 0.04039299860596657 0.03800100088119507
2 0.4948880076408386 0.9247819781303406 0.06511499732732773 0.0839259997010231
2 0.16211600601673126 0.09690900146961212 0.033135998994112015 0.044419001787900925
1 0.3338859975337982 0.8684430122375488 0.05913199856877327 0.07891099900007248
2 0.2610430121421814 0.886264979839325 0.06716100126504898 0.08418799936771393
2 0.1264750063419342 0.8656859993934631 0.0469990000128746 0.06268700212240219
2 0.8772770166397095 0.16736899316310883 0.06824000179767609 0.07464800029993057
1 0.46936899423599243 0.7418149709701538 0.04388799890875816 0.07310999929904938
2 0.5105479955673218 0.37729600071907043 0.05751900002360344 0.08098100125789642
1 0.5079659819602966 0.8361809849739075 0.043921999633312225 0.06281699985265732
2 0.24500399827957153 0.9515560269355774 0.043522000312805176 0.06003100052475929
1 0.11578799784183502 0.7265790104866028 0.05493500083684921 0.06815099716186523
2 0.08332200348377228 0.8415650129318237 0.04992400109767914 0.07478699833154678
1 0.5748590230941772 0.8419119715690613 0.06167899817228317 0.08108100295066833
2 0.5204030275344849 0.5305910110473633 0.0590520016849041 0.07191699743270874
2 0.17449699342250824 0.2885560095310211 0.04328399896621704 0.056113000959157944
1 0.26342299580574036 0.637050986289978 0.06511300057172775 0.09563600271940231
1 0.8792499899864197 0.16694499552249908 0.06763199716806412 0.07124499976634979
1 0.41758298873901367 0.7976059913635254 0.05876300111413002 0.07635799795389175
2 0.08558599650859833 0.6296539902687073 0.05029899999499321 0.05904499813914299
2 0.2740519940853119 0.12120699882507324 0.045458000153303146 0.06491799652576447
1 0.49445998668670654 0.4785909950733185 0.05942400172352791 0.07926999777555466
2 0.4613170027732849 0.439177006483078 0.05077600106596947 0.07541699707508087
1 0.5204070210456848 0.5356720089912415 0.05847499892115593 0.06792999804019928
1 0.14426299929618835 0.781665027141571 0.052365999668836594 0.0736130028963089
2 0.08947200328111649 0.8367499709129333 0.06452599912881851 0.08201699703931808
1 0.5644710063934326 0.5065889954566956 0.04435399919748306 0.07430700212717056
2 0.5743529796600342 0.8395919799804688 0.06426700204610825 0.08857700228691101
2 0.9806879758834839 0.7620220184326172 0.0375560000538826 0.0810299962759018
2 0.6134870052337646 0.5034379959106445 0.053578998893499374 0.06836500018835068
2 0.1889059990644455 0.7658190131187439 0.05157199874520302 0.07021500170230865
2 0.5574989914894104 0.38579100370407104 0.061441998928785324 0.08144599944353104
1 0.6224589943885803 0.8075169920921326 0.05589200183749199 0.07678099721670151
1 0.3403489887714386 0.29879599809646606 0.045559000223875046 0.054127998650074005
2 0.006711000110954046 0.4508790075778961 0.011408000253140926 0.04765800014138222
2 0.14356499910354614 0.7815899848937988 0.052462998777627945 0.07155200093984604
1 0.7069990038871765 0.8482649922370911 0.05010899901390076 0.05916700139641762
1 0.05354899913072586 0.5494179725646973 0.044248998165130615 0.07314799726009369
2 0.051263999193906784 0.5497779846191406 0.04907499998807907 0.07303600013256073
1 0.12830199301242828 0.6705600023269653 0.04690700024366379 0.058921001851558685
2 0.1279889941215515 0.6715689897537231 0.048928000032901764 0.05866499990224838
1 0.34637200832366943 0.7489659786224365 0.05165800079703331 0.05360199883580208
2 0.047478001564741135 0.6044809818267822 0.032593000680208206 0.04185499995946884
1 0.2948020100593567 0.8067280054092407 0.05803700163960457 0.08179699629545212
2 0.4429219961166382 0.5655969977378845 0.043556999415159225 0.05509199947118759
2 0.2625960111618042 0.6416569948196411 0.06380300223827362 0.1027659997344017
1 0.7446680068969727 0.6979600191116333 0.05176199972629547 0.07272700220346451
1 0.45987600088119507 0.44157400727272034 0.051020000129938126 0.07659699767827988
