2 0.08823899924755096 0.45254799723625183 0.08943600207567215 0.10685800015926361
2 0.7391070127487183 0.7630739808082581 0.08538000285625458 0.10098599642515182
2 0.6037830114364624 0.4013260006904602 0.08984799683094025 0.11359299719333649
2 0.2208479940891266 0.09119000285863876 0.0967470034956932 0.11322800070047379
2 0.833158016204834 0.6651999950408936 0.10221599787473679 0.12470199912786484
2 0.7693870067596436 0.5480560064315796 0.09242100268602371 0.1233230009675026
2 0.33039799332618713 0.9262670278549194 0.09412399679422379 0.10670799762010574
2 0.6735050082206726 0.6258130073547363 0.08088699728250504 0.10884600132703781
2 0.616470992565155 0.9019910097122192 0.09094999730587006 0.08630400151014328
2 0.42205798625946045 0.7905139923095703 0.096219003200531 0.11006099730730057
2 0.5915240049362183 0.9664919972419739 0.08149600028991699 0.06558699905872345
2 0.01720999926328659 0.3983539938926697 0.033385999500751495 0.10428199917078018
2 0.00950700044631958 0.48963698744773865 0.01852099969983101 0.09621799737215042
1 0.22065599262714386 0.08936700224876404 0.09757400304079056 0.11939100176095963
1 0.41991299390792847 0.7892169952392578 0.09707699716091156 0.11216700077056885
