2 0.17331700026988983 0.4423460066318512 0.09544000029563904 0.11321400105953217
2 0.2866060137748718 0.4017150104045868 0.08751499652862549 0.10737500339746475
2 0.7931299805641174 0.9505599737167358 0.08586300164461136 0.09888000041246414
2 0.5254349708557129 0.8873239755630493 0.08998099714517593 0.11131499707698822
2 0.814408004283905 0.355446994304657 0.09413199871778488 0.11496700346469879
2 0.42645999789237976 0.047269999980926514 0.09499300271272659 0.09453999996185303
2 0.816107988357544 0.87465500831604 0.09396599978208542 0.10100899636745453
2 0.9521660208702087 0.7316300272941589 0.08773499727249146 0.09914600104093552
2 0.9706829786300659 0.5090190172195435 0.0558909997344017 0.1296900063753128
2 0.8844559788703918 0.5915830135345459 0.08676999807357788 0.10838799923658371
2 0.620186984539032 0.752144992351532 0.09455899894237518 0.11072199791669846
2 0.195933997631073 0.3492560088634491 0.08442699909210205 0.10008200258016586
1 0.618939995765686 0.7511249780654907 0.09397999942302704 0.11134900152683258
