2 0.6592540144920349 0.6316019892692566 0.06610500067472458 0.08596999943256378
1 0.47995999455451965 0.8804590106010437 0.05656300112605095 0.07550299912691116
2 0.8267310261726379 0.6833360195159912 0.06091399863362312 0.07992099970579147
2 0.33872100710868835 0.1142520010471344 0.04944299906492233 0.06621599942445755
2 0.8247500061988831 0.7978010177612305 0.06299000233411789 0.08051099628210068
2 0.4249509871006012 0.376444011926651 0.051683999598026276 0.07038500159978867
2 0.6651549935340881 0.3076469898223877 0.0596500001847744 0.08285900205373764
1 0.8019480109214783 0.48684999346733093 0.06191699951887131 0.08468899875879288
2 0.12017600238323212 0.548658013343811 0.04552900046110153 0.0585159994661808
1 0.862263023853302 0.5328570008277893 0.056085001677274704 0.07734599709510803
2 0.757893979549408 0.593940019607544 0.058469999581575394 0.07703699916601181
1 0.916271984577179 0.507489025592804 0.06376399844884872 0.08005599677562714
2 0.13861200213432312 0.6971859931945801 0.04619099944829941 0.05794399976730347
1 0.5986419916152954 0.8461970090866089 0.053275998681783676 0.07010100036859512
2 0.6371449828147888 0.9305859804153442 0.060022998601198196 0.0800120010972023
1 0.4121600091457367 0.879967987537384 0.06188400089740753 0.0828699991106987
2 0.8759880065917969 0.6074380278587341 0.06134599819779396 0.08079999685287476
2 0.3526810109615326 0.925370991230011 0.04938000068068504 0.06592900305986404
2 0.25029900670051575 0.8459420204162598 0.06245199963450432 0.07804299890995026
1 0.2715890109539032 0.744268000125885 0.04702800139784813 0.06396099925041199
1 0.760595977306366 0.8160439729690552 0.05451900139451027 0.07693099975585938
2 0.3937950134277344 0.25227099657058716 0.05199500173330307 0.07025100290775299
2 0.6586220264434814 0.5469779968261719 0.055031999945640564 0.07029200345277786
2 0.46458399295806885 0.2883470058441162 0.05048900097608566 0.06839700043201447
2 0.13608300685882568 0.4345870018005371 0.04048600047826767 0.04631200060248375
1 0.44411501288414 0.8166630268096924 0.05337100103497505 0.07502800226211548
2 0.36115598678588867 0.3029949963092804 0.04871400073170662 0.06319399923086166
2 0.40927401185035706 0.31560900807380676 0.050530001521110535 0.06046900153160095
2 0.7485859990119934 0.5187579989433289 0.051430001854896545 0.06931599974632263
2 0.24260300397872925 0.8553060293197632 0.05008399859070778 0.07413800060749054
2 0.32462799549102783 0.07219900190830231 0.04118900001049042 0.05089300125837326
2 0.44332799315452576 0.8166999816894531 0.0545630007982254 0.0759970024228096
2 0.6345549821853638 0.49388399720191956 0.05500900000333786 0.07388000190258026
1 0.6938509941101074 0.4039880037307739 0.058876000344753265 0.07628999650478363
1 0.7150800228118896 0.8465800285339355 0.060162000358104706 0.07895500212907791
1 0.6111220121383667 0.7414950132369995 0.04052000120282173 0.08106499910354614
1 0.3412039875984192 0.7822049856185913 0.047940999269485474 0.0667949989438057
2 0.6836410164833069 0.027067000046372414 0.09254200011491776 0.05413400009274483
1 0.649770975112915 0.8564810156822205 0.04180699959397316 0.0583610013127327
1 0.28369298577308655 0.6956660151481628 0.04694100096821785 0.053909000009298325
2 0.6458809971809387 0.4023599922657013 0.04944600164890289 0.0761760026216507
1 0.5629870295524597 0.7987809777259827 0.05920200049877167 0.07468000054359436
2 0.21554900705814362 0.5823779702186584 0.04343099892139435 0.06542599946260452
2 0.414247989654541 0.6397910118103027 0.060802001506090164 0.08011200278997421
2 0.44450700283050537 0.1973540037870407 0.06272800266742706 0.07472699880599976
2 0.2787419855594635 0.8872630000114441 0.04384399950504303 0.05880599841475487
2 0.7141900062561035 0.8446919918060303 0.05976000055670738 0.0807029977440834
2 0.6011049747467041 0.46055200695991516 0.04834099858999252 0.06919199973344803
1 0.2982200086116791 0.7971400022506714 0.04772099852561951 0.06308799982070923
2 0.018662000074982643 0.00885200034826994 0.034981999546289444 0.01683099940419197
1 0.6337810158729553 0.4945780038833618 0.05509499832987785 0.07474999874830246
1 0.6581659913063049 0.5509799718856812 0.055063001811504364 0.06619399785995483
2 0.146029993891716 0.6484419703483582 0.04383600130677223 0.05429299920797348
2 0.7019910216331482 0.5277829766273499 0.04064200073480606 0.07337900251150131
1 0.4424769878387451 0.19597899913787842 0.060832999646663666 0.0787929967045784
2 0.4585300087928772 0.3780690133571625 0.03990500047802925 0.06495700031518936
1 0.8429369926452637 0.8659980297088623 0.050390999764204025 0.06351800262928009
2 0.05379100143909454 0.4808880090713501 0.028390999883413315 0.03787900134921074
2 0.010830000042915344 0.030991999432444572 0.02166000008583069 0.033201999962329865
2 0.15008999407291412 0.5330020189285278 0.03281499817967415 0.04409699887037277
1 0.8792359828948975 0.7155460119247437 0.05212799832224846 0.06978800147771835
2 0.5626469850540161 0.7987340092658997 0.05914299935102463 0.07650599628686905
2 0.19997799396514893 0.6819279789924622 0.02956799976527691 0.04014800116419792
2 0.4268040060997009 0.17430700361728668 0.050891000777482986 0.06798999756574631
2 0.3269810080528259 0.32739099860191345 0.04003100097179413 0.04944099858403206
1 0.4138680100440979 0.6384549736976624 0.062091000378131866 0.0823419988155365
1 0.59968501329422 0.4610620141029358 0.04668999835848808 0.06847400218248367
2 0.14028200507164001 0.4424099922180176 0.046484000980854034 0.05686600133776665
2 0.08214499801397324 0.5840380191802979 0.026794999837875366 0.03779499977827072
2 0.9873909950256348 0.19465400278568268 0.02521900087594986 0.0667480006814003
2 0.7473660111427307 0.010263999924063683 0.051451001316308975 0.020527999848127365
2 0.6045659780502319 0.9105070233345032 0.03115200065076351 0.06305799633264542
2 0.12613500654697418 0.2588469982147217 0.024893000721931458 0.03034999966621399
1 0.24165000021457672 0.6746500134468079 0.04673299938440323 0.0598750002682209
2 0.17866599559783936 0.6613699793815613 0.03475100174546242 0.05371600016951561
2 0.3103800117969513 0.1903820037841797 0.03146899864077568 0.03916100040078163
