2 0.9061999917030334 0.32370901107788086 0.049609001725912094 0.06396500021219254
2 0.9255380034446716 0.4832479953765869 0.04778699949383736 0.060538001358509064
2 0.977105975151062 0.6413170099258423 0.035447001457214355 0.04678900167346001
2 0.7985789775848389 0.497079998254776 0.032846998423337936 0.03963899984955788
2 0.9351509809494019 0.42081499099731445 0.04277700185775757 0.05066300183534622
2 0.7744259834289551 0.4031980037689209 0.03139900043606758 0.041030000895261765
2 0.9844880104064941 0.5714430212974548 0.031024999916553497 0.04706199839711189
2 0.9653239846229553 0.4430829882621765 0.034731000661849976 0.04943900182843208
2 0.7660120129585266 0.5602179765701294 0.029019000008702278 0.0363599993288517
2 0.5847949981689453 0.29126501083374023 0.028067000210285187 0.03143300116062164
2 0.830079972743988 0.3521910011768341 0.030513999983668327 0.03837300091981888
2 0.84101402759552 0.6664080023765564 0.03084000013768673 0.03955499827861786
2 0.5599240064620972 0.3741999864578247 0.027441000565886497 0.03140300139784813
1 0.9249910116195679 0.21992699801921844 0.0491890013217926 0.060332998633384705
2 0.5356410145759583 0.3992120027542114 0.022955000400543213 0.03121500089764595
2 0.4678950011730194 0.2543709874153137 0.027360999956727028 0.03275800123810768
2 0.9868370294570923 0.7752199769020081 0.026325000450015068 0.036719001829624176
2 0.30232900381088257 0.5153710246086121 0.02637599967420101 0.029246000573039055
2 0.9902099967002869 0.29552099108695984 0.019579000771045685 0.06182299926877022
2 0.5745540261268616 0.29235801100730896 0.030768999829888344 0.031127000227570534
2 0.2787579894065857 0.5223000049591064 0.025405999273061752 0.028526000678539276
2 0.3093299865722656 0.5599390268325806 0.020351000130176544 0.02689499966800213
2 0.5049920082092285 0.3503040075302124 0.023792000487446785 0.027921000495553017
1 0.8876399993896484 0.22675299644470215 0.030805999413132668 0.03618500009179115
2 0.7653020024299622 0.07266700267791748 0.02693299949169159 0.02930399961769581
