2 0.6513699889183044 0.4449700117111206 0.06450700014829636 0.08452899754047394
1 0.5879709720611572 0.6654469966888428 0.0555419996380806 0.06706800311803818
2 0.34085801243782043 0.7590140104293823 0.05093799903988838 0.06715899705886841
2 0.3532179892063141 0.8960049748420715 0.04439999908208847 0.05682799965143204
2 0.752810001373291 0.40723899006843567 0.05846099928021431 0.07509300112724304
2 0.3798860013484955 0.8237209916114807 0.04177999868988991 0.058469001203775406
2 0.41854700446128845 0.19470199942588806 0.053314000368118286 0.06821300089359283
2 0.6620320081710815 0.11808300018310547 0.06346499919891357 0.08575999736785889
1 0.7982519865036011 0.3038350045681 0.06302999705076218 0.09126099944114685
1 0.8570770025253296 0.34585100412368774 0.057760000228881836 0.07796599715948105
2 0.8198860287666321 0.5006420016288757 0.062334999442100525 0.08182399719953537
1 0.262580007314682 0.5648559927940369 0.04884999990463257 0.06113699823617935
2 0.13025400042533875 0.5357120037078857 0.04720500111579895 0.05821400135755539
1 0.9120410084724426 0.31940600275993347 0.06455700099468231 0.08072900027036667
2 0.40600499510765076 0.4390009939670563 0.05961399897933006 0.07958000153303146
2 0.8692749738693237 0.42249199748039246 0.06196799874305725 0.08108100295066833
1 0.8336150050163269 0.6990690231323242 0.048344001173973083 0.06686600297689438
2 0.6524950265884399 0.363974004983902 0.05664699897170067 0.06988000124692917
1 0.28722500801086426 0.6161710023880005 0.04339199885725975 0.06181199848651886
2 0.8158270120620728 0.6227920055389404 0.06151299923658371 0.07927100360393524
2 0.6307650208473206 0.3065049946308136 0.05554699897766113 0.07639399915933609
2 0.40036800503730774 0.6805509924888611 0.05766500160098076 0.0791269987821579
2 0.11238899827003479 0.38361498713493347 0.04771300032734871 0.060756999999284744
1 0.6246160268783569 0.9866039752960205 0.05315500125288963 0.026792999356985092
2 0.23294299840927124 0.6765660047531128 0.05455400049686432 0.0716710016131401
2 0.4346419870853424 0.6353520154953003 0.05253300070762634 0.07327800244092941
1 0.7500100135803223 0.63919997215271 0.0561010017991066 0.07702299952507019
1 0.4428730010986328 0.027161000296473503 0.05617599934339523 0.054322998970746994
2 0.26865100860595703 0.7173889875411987 0.048229001462459564 0.061740998178720474
2 0.5977429747581482 0.2763809859752655 0.04710200056433678 0.06841100007295609
2 0.23770800232887268 0.6676759719848633 0.06350500136613846 0.07614400237798691
1 0.5523809790611267 0.6071419715881348 0.05806399881839752 0.07448100298643112
2 0.35876700282096863 0.12389100342988968 0.050050001591444016 0.062300000339746475
2 0.47139599919319153 0.7006679773330688 0.05670800060033798 0.0763150006532669
1 0.14502699673175812 0.27554699778556824 0.04698700085282326 0.05870499834418297
1 0.8714669942855835 0.5448300242424011 0.05213699862360954 0.07288099825382233
2 0.6425650119781494 0.2168940007686615 0.056033000349998474 0.08137600123882294
2 0.4623889923095703 0.11433999985456467 0.05271900072693825 0.07126100361347198
1 0.653406023979187 0.3668709993362427 0.05623399838805199 0.0683789998292923
1 0.6192489862442017 0.7490789890289307 0.06837300211191177 0.08267299830913544
1 0.7964540123939514 0.6880059838294983 0.04501999914646149 0.06576099991798401
1 0.7035859823226929 0.6630719900131226 0.06015300005674362 0.0827149972319603
1 0.6609770059585571 0.7531780004501343 0.03937400132417679 0.06718699634075165
1 0.13807900249958038 0.4819850027561188 0.04160799831151962 0.05067500099539757
1 0.4711169898509979 0.7027490139007568 0.05640000104904175 0.07498600333929062
1 0.6901509761810303 0.21813499927520752 0.06113699823617935 0.07855899631977081
2 0.33165299892425537 0.6029239892959595 0.04797999933362007 0.06307099759578705
1 0.2768059968948364 0.52121502161026 0.04740000143647194 0.04445499926805496
1 0.7364270091056824 0.9193459749221802 0.0480710007250309 0.057507000863552094
2 0.4547010064125061 0.20689600706100464 0.04511599987745285 0.06749600172042847
2 0.24483199417591095 0.6596429944038391 0.05967799946665764 0.06542699784040451
1 0.5975630283355713 0.5545229911804199 0.047745998948812485 0.08153799921274185
2 0.4076020121574402 0.1370529979467392 0.050953999161720276 0.061560001224279404
1 0.4349839985370636 0.6374940276145935 0.05075899884104729 0.07506799697875977
2 0.39198699593544006 0.0740559995174408 0.05065099895000458 0.06942799687385559
1 0.3934360146522522 0.0741180032491684 0.054037999361753464 0.07101599872112274
1 0.6950169801712036 0.3478280007839203 0.04320399835705757 0.07050199806690216
1 0.4063049852848053 0.1368899941444397 0.04914199933409691 0.060690999031066895
2 0.20744599401950836 0.41042301058769226 0.04453499987721443 0.07055500149726868
2 0.6180359721183777 0.7483170032501221 0.07413599640130997 0.08415400236845016
2 0.07488100230693817 0.47242099046707153 0.02769399993121624 0.033642999827861786
1 0.2087550014257431 0.4099630117416382 0.04169800132513046 0.06750400364398956
2 0.5980889797210693 0.5543270111083984 0.04789099842309952 0.08191899955272675
1 0.3315829932689667 0.6027340292930603 0.047919001430273056 0.06313099712133408
2 0.7024679780006409 0.664555013179779 0.06101199984550476 0.08093299716711044
1 0.48437198996543884 0.5432490110397339 0.04723900184035301 0.06341899931430817
1 0.40158000588417053 0.6803780198097229 0.05922799929976463 0.07736899703741074
2 0.7420809864997864 0.3378399908542633 0.05061500146985054 0.06442999839782715
1 0.6392679810523987 0.6850230097770691 0.04440600052475929 0.05195999890565872
1 0.2660430073738098 0.5193610191345215 0.06085599958896637 0.0536080002784729
1 0.24765700101852417 0.6555740237236023 0.055087000131607056 0.05932300165295601
1 0.6310960054397583 0.30657199025154114 0.05828399956226349 0.07938399910926819
1 0.2322079986333847 0.5180000066757202 0.04109400138258934 0.05697000026702881
2 0.14324399828910828 0.4122360050678253 0.03352599963545799 0.04661700129508972
1 0.12692299485206604 0.3136959969997406 0.033261001110076904 0.04085699841380119
1 0.16819000244140625 0.5026260018348694 0.03205300122499466 0.05029499903321266
1 0.5968620181083679 0.27480098605155945 0.047244999557733536 0.06619899719953537
