2 0.7039110064506531 0.43768298625946045 0.06583099812269211 0.08320199698209763
1 0.6389520168304443 0.6584230065345764 0.055768001824617386 0.06947500258684158
1 0.9667379856109619 0.3120430111885071 0.06078999862074852 0.07979799807071686
2 0.3985750079154968 0.8831940293312073 0.045097000896930695 0.057739000767469406
1 0.8519499897956848 0.2925170063972473 0.06274399906396866 0.08855000138282776
2 0.3875100016593933 0.7479519844055176 0.05093599855899811 0.06904900074005127
1 0.7852579951286316 0.9139530062675476 0.047033000737428665 0.05762000009417534
1 0.754414975643158 0.6587619781494141 0.061044998466968536 0.08249399811029434
1 0.8839520215988159 0.6931380033493042 0.049042001366615295 0.06574200093746185
2 0.16103799641132355 0.3702490031719208 0.04766999930143356 0.06108799949288368
1 0.9253759980201721 0.537056028842926 0.0524200014770031 0.0711439996957779
2 0.7161890268325806 0.10804899781942368 0.06171400099992752 0.08440300077199936
2 0.29080501198768616 0.648872971534729 0.060329001396894455 0.06886599957942963
1 0.9130560159683228 0.33615800738334656 0.0561010017991066 0.07596799731254578
1 0.7437189817428589 0.2068129926919937 0.059606000781059265 0.07703299820423126
1 0.8028640151023865 0.629522979259491 0.05416499823331833 0.07489500194787979
2 0.8052170276641846 0.39895099401474 0.05867199972271919 0.07192099839448929
2 0.3170270025730133 0.706233024597168 0.04904999956488609 0.06201300024986267
1 0.6863759756088257 0.6750839948654175 0.04342599958181381 0.046316999942064285
1 0.602770984172821 0.6006349921226501 0.06099500134587288 0.07127899676561356
1 0.3373439908027649 0.6029070019721985 0.045545000582933426 0.06158600002527237
2 0.40910398960113525 0.11101800203323364 0.050074998289346695 0.06340599805116653
2 0.44179001450538635 0.06158699840307236 0.05153200030326843 0.07051499933004379
1 0.31116199493408203 0.553138017654419 0.04912799969315529 0.06250499933958054
1 0.5197589993476868 0.6920089721679688 0.05725200101733208 0.07819399982690811
1 0.6509259939193726 0.5476719737052917 0.046181999146938324 0.08121100068092346
2 0.4688830077648163 0.18255600333213806 0.053732000291347504 0.06779500097036362
1 0.846780002117157 0.682341992855072 0.042711999267339706 0.06314200162887573
2 0.4501990079879761 0.6721739768981934 0.058642998337745667 0.0823189988732338
2 0.17754100263118744 0.5211640000343323 0.04497100040316582 0.05729399994015694
2 0.48327699303627014 0.6267989873886108 0.05361500009894371 0.07300399988889694
2 0.256164014339447 0.3990449905395508 0.04321200028061867 0.06700299680233002
2 0.2863520085811615 0.6594510078430176 0.06412900239229202 0.07856199890375137
1 0.6668999791145325 0.9809309840202332 0.039448000490665436 0.038137998431921005
1 0.925171971321106 0.41347700357437134 0.06129100173711777 0.0806329995393753
2 0.8679900169372559 0.6163759827613831 0.06449300050735474 0.0825899988412857
1 0.8679929971694946 0.6157190203666687 0.06165400147438049 0.07726100087165833
2 0.5122460126876831 0.10036899894475937 0.05106300115585327 0.0685029998421669
2 0.45737800002098083 0.4305030107498169 0.06130199879407883 0.08115199953317642
2 0.4256330132484436 0.8123210072517395 0.041464000940322876 0.05809200182557106
1 0.6836910247802734 0.29656898975372314 0.05728600174188614 0.07612700015306473
2 0.5195459723472595 0.690159022808075 0.05786599963903427 0.07898499816656113
1 0.7029579877853394 0.35446199774742126 0.05722599849104881 0.06642100214958191
1 0.1935109943151474 0.25964900851249695 0.044895000755786896 0.05636800080537796
2 0.8739330172538757 0.492031991481781 0.06281200051307678 0.08185099810361862
2 0.45725399255752563 0.12397799640893936 0.05172999948263168 0.061781998723745346
1 0.4936070144176483 0.021177999675273895 0.06793300062417984 0.04235599935054779
2 0.12109900265932083 0.45595699548721313 0.02860499918460846 0.0346749983727932
1 0.8739879727363586 0.4946900010108948 0.06251099705696106 0.08008299767971039
2 0.6688939929008484 0.7392650246620178 0.0713760033249855 0.08631599694490433
2 0.2797290086746216 0.6651849746704102 0.05099499970674515 0.07046599686145782
2 0.6480759978294373 0.2612740099430084 0.04846600070595741 0.0641769990324974
1 0.6958230137825012 0.20547699928283691 0.05237499997019768 0.08238700032234192
1 0.7109040021896362 0.7420510053634644 0.039482999593019485 0.06586199998855591
1 0.7488660216331482 0.3363569974899292 0.04151400178670883 0.06668800115585327
2 0.1915459930896759 0.39736199378967285 0.03310399875044823 0.04980200156569481
2 0.18584400415420532 0.46804699301719666 0.04166800156235695 0.05197799950838089
2 0.38092899322509766 0.5927990078926086 0.048624999821186066 0.06405600160360336
1 0.7948030233383179 0.3273859918117523 0.04786299914121628 0.064240001142025
2 0.006837999913841486 0.1947370022535324 0.013209999538958073 0.034522999078035355
2 0.17361000180244446 0.2966479957103729 0.032547999173402786 0.04046199843287468
1 0.6712369918823242 0.7408210039138794 0.06494300067424774 0.08506099879741669
2 0.5033559799194336 0.19468100368976593 0.044463999569416046 0.06707599759101868
1 0.5342230200767517 0.5325319766998291 0.04734199866652489 0.06529399752616882
1 0.5626689791679382 0.010118000209331512 0.05037299916148186 0.020236000418663025
2 0.7023220062255859 0.353208988904953 0.05840099975466728 0.07092099636793137
1 0.2802540063858032 0.50729900598526 0.0414390005171299 0.062206000089645386
2 0.03424299880862236 0.10882899910211563 0.031122999265789986 0.03184099867939949
1 0.44971200823783875 0.6712509989738464 0.06075499951839447 0.08138100057840347
1 0.6073600053787231 0.33464300632476807 0.05215499922633171 0.055465999990701675
1 0.3255549967288971 0.5105819702148438 0.048347000032663345 0.05610800161957741
1 0.38083600997924805 0.5919600129127502 0.048562001436948776 0.06311900168657303
1 0.21611300110816956 0.48694899678230286 0.03539599850773811 0.04890400171279907
2 0.21901899576187134 0.39986100792884827 0.03793400153517723 0.04781600087881088
2 0.6442850232124329 0.731095016002655 0.03583100065588951 0.07959400117397308
2 0.6975449919700623 0.20613400638103485 0.05449799820780754 0.08211400359869003
2 0.02744700014591217 0.10713300108909607 0.03290700167417526 0.032917000353336334
