2 0.6674649715423584 0.4488449990749359 0.0636570006608963 0.08223500102758408
2 0.37037399411201477 0.8994179964065552 0.044665999710559845 0.05717800185084343
2 0.35597801208496094 0.7608090043067932 0.04908600077033043 0.06736099720001221
2 0.6797400116920471 0.12160799652338028 0.059810999780893326 0.08271999657154083
2 0.8371999859809875 0.5031440258026123 0.06344299763441086 0.08052299916744232
1 0.8141199946403503 0.30422699451446533 0.0630669966340065 0.08901999890804291
1 0.2800639867782593 0.5685539841651917 0.04963099956512451 0.06168799847364426
1 0.928596019744873 0.3213140070438385 0.06321799755096436 0.0795309990644455
2 0.12931400537490845 0.38773399591445923 0.04936299845576286 0.062112998217344284
1 0.8734700083732605 0.34696000814437866 0.059835001826286316 0.07690300047397614
2 0.486178994178772 0.7039729952812195 0.059505999088287354 0.07858099788427353
2 0.768671989440918 0.4088590145111084 0.06021999940276146 0.07309000194072723
2 0.4509100019931793 0.6399210095405579 0.05356400087475777 0.07231900095939636
1 0.6046890020370483 0.6688089966773987 0.05501699820160866 0.06891100108623505
2 0.43497198820114136 0.19794400036334991 0.053564999252557755 0.06832200288772583
2 0.8324829936027527 0.6258959770202637 0.062212999910116196 0.07641100138425827
2 0.4781990051269531 0.1162939965724945 0.05195000022649765 0.0697219967842102
1 0.29209598898887634 0.5262510180473328 0.04694800078868866 0.0525519996881485
1 0.8484870195388794 0.7028430104255676 0.04925199970602989 0.06572899967432022
1 0.30469799041748047 0.6175810098648071 0.044652000069618225 0.06281500309705734
2 0.39662399888038635 0.8272929787635803 0.04073600098490715 0.058573998510837555
2 0.4063189923763275 0.07819599658250809 0.05166900157928467 0.06998000293970108
2 0.4116649925708771 0.6849610209465027 0.047224998474121094 0.08099599927663803
2 0.6470869779586792 0.3103120028972626 0.0552619993686676 0.0748089998960495
2 0.22300100326538086 0.4149709939956665 0.04403400048613548 0.06589700281620026
2 0.8855260014533997 0.4253099858760834 0.0634400025010109 0.08295799791812897
2 0.37404200434684753 0.1265220046043396 0.04978000000119209 0.06230099871754646
1 0.8124250173568726 0.69343101978302 0.04327100142836571 0.06644699722528458
2 0.6358720064163208 0.7497450113296509 0.07060100138187408 0.08336199820041656
1 0.8878049850463867 0.5460889935493469 0.05064700171351433 0.07283999770879745
1 0.6139640212059021 0.5572999715805054 0.04924599826335907 0.07934200018644333
2 0.6677770018577576 0.3664259910583496 0.05745700001716614 0.0705690011382103
2 0.61319899559021 0.2780269980430603 0.04828999936580658 0.06656800210475922
2 0.3479459881782532 0.6067119836807251 0.04700100049376488 0.06317900121212006
1 0.7673919796943665 0.6406620144844055 0.05349700152873993 0.07495500147342682
2 0.14720000326633453 0.5398430228233337 0.0446459986269474 0.056481000036001205
2 0.7189980149269104 0.6685389876365662 0.06027400121092796 0.07839599996805191
1 0.6384810209274292 0.98819500207901 0.04999300092458725 0.02360999956727028
2 0.4218220114707947 0.44218000769615173 0.05877000093460083 0.07974100112915039
1 0.4577290117740631 0.028734000399708748 0.0592459999024868 0.057468000799417496
2 0.26448899507522583 0.6620979905128479 0.05353600159287453 0.0626010000705719
1 0.7065899968147278 0.22016799449920654 0.05862100049853325 0.07660099864006042
2 0.42166998982429504 0.1407500058412552 0.049476999789476395 0.059328000992536545
2 0.6600109934806824 0.2200549989938736 0.056728001683950424 0.08072800189256668
1 0.2509549856185913 0.5226609706878662 0.04533899948000908 0.055093999952077866
1 0.6779050230979919 0.7545890212059021 0.037960998713970184 0.064969003200531
1 0.5681509971618652 0.6095709800720215 0.05784900113940239 0.07403600215911865
2 0.244718998670578 0.6845139861106873 0.03813000023365021 0.06151700019836426
1 0.16216500103473663 0.2782129943370819 0.03974900022149086 0.05682799965143204
2 0.47110700607299805 0.2096009999513626 0.04139000177383423 0.06665299832820892
2 0.5677109956741333 0.6101409792900085 0.05732500180602074 0.07570900022983551
2 0.01046799961477518 0.13123400509357452 0.01994200050830841 0.031564999371767044
2 0.7051029801368713 0.21942000091075897 0.05981900170445442 0.0768280029296875
2 0.2848609983921051 0.7210289835929871 0.045239001512527466 0.05889400094747543
2 0.15455499291419983 0.4845370054244995 0.043331000953912735 0.04887399822473526
2 0.7586820125579834 0.3410530090332031 0.049024999141693115 0.06131400167942047
2 0.2493019998073578 0.6788190007209778 0.047871001064777374 0.06403499841690063
2 0.14350800216197968 0.3164359927177429 0.03414800018072128 0.041287001222372055
2 0.6252599954605103 0.7454929947853088 0.059154998511075974 0.08445499837398529
2 0.7119830250740051 0.35033199191093445 0.04075000062584877 0.07097099721431732
2 0.16102300584316254 0.4161199927330017 0.03394800052046776 0.04370100051164627
1 0.7526900172233582 0.9228489995002747 0.04808599874377251 0.055768001824617386
1 0.669185996055603 0.36796998977661133 0.05791499838232994 0.06684800237417221
1 0.6394690275192261 0.7523040175437927 0.06136799976229668 0.07852599769830704
2 0.6139780282974243 0.5565080046653748 0.046135999262332916 0.07735300064086914
2 0.005078000016510487 0.09299299865961075 0.010154999792575836 0.04127899929881096
1 0.7208859920501709 0.6653770208358765 0.058952998369932175 0.08121500164270401
1 0.2668060064315796 0.6608080267906189 0.04729599878191948 0.05965099856257439
1 0.028186999261379242 0.9758840203285217 0.028572000563144684 0.03548000007867813
1 0.6472600102424622 0.30941399931907654 0.056821998208761215 0.07830200344324112
2 0.09251400083303452 0.47502100467681885 0.027922000735998154 0.03510399907827377
1 0.7112590074539185 0.35051199793815613 0.041783999651670456 0.07139600068330765
1 0.1542769968509674 0.4858109951019287 0.04335600137710571 0.05143300071358681
2 0.2585720121860504 0.6696460247039795 0.05929400026798248 0.0748400017619133
