2 0.741918683052063 0.9250580072402954 0.05604255199432373 0.05037200450897217
2 0.2147025167942047 0.8715270161628723 0.04989248514175415 0.0512620210647583
2 0.805667519569397 0.8656820058822632 0.051662445068359375 0.04713797569274902
2 0.2331937551498413 0.5397859811782837 0.04958873987197876 0.04850304126739502
2 0.21511873602867126 0.667930006980896 0.04679000377655029 0.048542022705078125
2 0.18655750155448914 0.5436080098152161 0.047217488288879395 0.04732096195220947
2 0.12232126295566559 0.7014729976654053 0.04703626036643982 0.04678499698638916
2 0.0020196884870529175 0.9794269800186157 0.004039376974105835 0.040389060974121094
2 0.23532751202583313 0.777226984500885 0.05001872777938843 0.05219697952270508
2 0.15826624631881714 0.5341029763221741 0.046958744525909424 0.045124053955078125
2 0.7962462902069092 0.16435900330543518 0.04054749011993408 0.03758999705314636
2 0.0041700005531311035 0.8812159895896912 0.008340001106262207 0.04926705360412598
2 0.7626461982727051 0.13679499924182892 0.04160130023956299 0.03752199560403824
2 0.21816247701644897 0.7218189835548401 0.04530000686645508 0.05098295211791992
2 0.1827787458896637 0.6998860239982605 0.04111123085021973 0.04265701770782471
