0 0.2644537389278412 0.607649028301239 0.08723121881484985 0.08788001537322998
0 0.3344250023365021 0.5970270037651062 0.0853462815284729 0.08250105381011963
0 0.5512775182723999 0.6720079779624939 0.09104371070861816 0.09242594242095947
0 0.6745012402534485 0.5587480068206787 0.09234130382537842 0.09400200843811035
0 0.33379626274108887 0.7312120199203491 0.08352997899055481 0.08667004108428955
0 0.6588774919509888 0.6488509774208069 0.09337127208709717 0.08838796615600586
0 0.2589937448501587 0.34639298915863037 0.08996999263763428 0.081246018409729
0 0.5919262170791626 0.48103299736976624 0.09171628952026367 0.09283298254013062
0 0.19753876328468323 0.2639789879322052 0.08748877048492432 0.086326003074646
0 0.735854983329773 0.06746000051498413 0.09149622917175293 0.10515400767326355
0 0.2544649839401245 0.40845900774002075 0.08817625045776367 0.0819159746170044
0 0.6684624552726746 0.7848230004310608 0.08374130725860596 0.08768701553344727
0 0.870131254196167 0.16319400072097778 0.10591369867324829 0.12079700827598572
