0 0.01783156394958496 0.7320119738578796 0.03566312789916992 0.06490397453308105
0 0.16484999656677246 0.08225800096988678 0.04269498586654663 0.04688599705696106
0 0.29819250106811523 0.15748000144958496 0.04360872507095337 0.04493701457977295
0 0.2515462338924408 0.15458199381828308 0.05143249034881592 0.05200299620628357
0 0.4046725034713745 0.07330600172281265 0.04168498516082764 0.04414500296115875
0 0.9792718291282654 0.01632400043308735 0.04145634174346924 0.0326480008661747
0 0.5127312541007996 0.25710898637771606 0.047860026359558105 0.0467119961977005
0 0.26180750131607056 0.09599599987268448 0.041538774967193604 0.047067999839782715
0 0.28898999094963074 0.07959099858999252 0.04399752616882324 0.04141199588775635
0 0.8945574760437012 0.2219579964876175 0.04259371757507324 0.04254800081253052
0 0.18413498997688293 0.17677100002765656 0.04525625705718994 0.04616200923919678
1 0.814050018787384 0.2912440001964569 0.054801225662231445 0.05098801851272583
0 0.6665812730789185 0.9241099953651428 0.05128371715545654 0.057559967041015625
0 0.8859125375747681 0.5905680060386658 0.049688756465911865 0.04543304443359375
0 0.9410136938095093 0.4488779902458191 0.0467686653137207 0.04834401607513428
0 0.20817500352859497 0.10015200078487396 0.042453765869140625 0.045048996806144714
0 0.006196558475494385 0.7774559855461121 0.01239311695098877 0.07046997547149658
0 0.09990748763084412 0.2525070011615753 0.044773757457733154 0.04494601488113403
0 0.12293875217437744 0.20346200466156006 0.0414312481880188 0.040358006954193115
0 0.17745375633239746 0.1459140032529831 0.04464751482009888 0.040684014558792114
0 0.4288562536239624 0.5360339879989624 0.05106246471405029 0.049765944480895996
0 0.2801562547683716 0.2232159972190857 0.04485374689102173 0.0460129976272583
0 0.7110249996185303 0.9008650183677673 0.056572556495666504 0.052098989486694336
0 0.13981249928474426 0.6794999837875366 0.0473637580871582 0.05185496807098389
1 0.42024749517440796 0.9851089715957642 0.06012749671936035 0.02978205680847168
0 0.22077500820159912 0.06695900112390518 0.03635627031326294 0.03679899871349335
1 0.4938575029373169 0.5014430284500122 0.059960007667541504 0.0547809898853302
0 0.24161499738693237 0.2186640053987503 0.040473759174346924 0.04509800672531128
0 0.20530498027801514 0.22257499396800995 0.03950124979019165 0.04348298907279968
0 0.39266371726989746 0.007852250710129738 0.0551774799823761 0.015704501420259476
0 0.9915659427642822 0.22165200114250183 0.016868114471435547 0.04367300868034363
0 1.3127923011779785e-05 0.8333150148391724 2.625584602355957e-05 0.052255988121032715
0 0.9969459772109985 0.04833799973130226 0.00610804557800293 0.04573000222444534
0 0.28955501317977905 0.05329800024628639 0.04043501615524292 0.039319999516010284
1 0.990757167339325 0.5167409777641296 0.018485665321350098 0.04641902446746826
1 0.7317887544631958 0.9858499765396118 0.06271874904632568 0.028300046920776367
0 0.9470025300979614 0.1078999936580658 0.04511380195617676 0.045900993049144745
0 0.009707190096378326 0.771435022354126 0.019414380192756653 0.06666600704193115
