2 0.9961937069892883 0.7096390128135681 0.00761258602142334 0.08848702907562256
2 0.6959925293922424 0.7722330093383789 0.06658995151519775 0.0733109712600708
2 0.4177274703979492 0.41297999024391174 0.0742025375366211 0.08445298671722412
2 0.5081787109375 0.344419002532959 0.06918251514434814 0.08050698041915894
2 0.6862525343894958 0.08952900022268295 0.08565378189086914 0.08123598992824554
2 0.8482962846755981 0.12761999666690826 0.08522254228591919 0.08435199409723282
2 0.8428587913513184 0.057427000254392624 0.07582002878189087 0.07399500161409378
2 0.3360162675380707 0.012288998812437057 0.07184749841690063 0.024305999279022217
2 0.8218862414360046 0.18192699551582336 0.07124876976013184 0.06924700736999512
2 0.7127825021743774 0.09133800119161606 0.08218872547149658 0.08515699207782745
2 0.7748975157737732 0.10837399959564209 0.05344998836517334 0.06762099266052246
