1 0.5153637528419495 0.3090899884700775 0.04993879795074463 0.050369977951049805
1 0.31571877002716064 0.042562998831272125 0.04591625928878784 0.04610200226306915
2 0.20553374290466309 0.22277599573135376 0.047687530517578125 0.049647003412246704
1 0.17522874474525452 0.03049900010228157 0.042999982833862305 0.04851200431585312
1 0.5913724899291992 0.062192998826503754 0.04751002788543701 0.04552200436592102
1 0.4529687166213989 0.1506810039281845 0.047515034675598145 0.04819101095199585
2 0.2999762296676636 0.3952479958534241 0.043532490730285645 0.0471460223197937
2 0.2626599967479706 0.32479000091552734 0.04560375213623047 0.047820985317230225
1 0.4278162717819214 0.31025800108909607 0.04500246047973633 0.04876500368118286
2 0.5033425092697144 0.3814750015735626 0.05179619789123535 0.049817025661468506
2 0.22078752517700195 0.12291599810123444 0.04414999485015869 0.04637199640274048
2 0.4313887357711792 0.4610750079154968 0.04485499858856201 0.04557597637176514
2 0.3852750062942505 0.45356398820877075 0.04265749454498291 0.04537397623062134
2 0.27531373500823975 0.42724499106407166 0.04330247640609741 0.044088006019592285
2 0.24474000930786133 0.40563100576400757 0.04126250743865967 0.041999995708465576
2 0.34716373682022095 0.3337930142879486 0.04243499040603638 0.04720199108123779
0 0.7079412341117859 0.5629760026931763 0.042862534523010254 0.04742002487182617
1 0.21814125776290894 0.040070001035928726 0.04265999794006348 0.04732999950647354
1 0.25366127490997314 0.05347999930381775 0.045257508754730225 0.04756000265479088
2 0.22136622667312622 0.37868499755859375 0.03619498014450073 0.03599202632904053
2 0.3663250207901001 0.28297701478004456 0.04190376400947571 0.04549300670623779
1 0.39327001571655273 0.330610990524292 0.04240751266479492 0.04527097940444946
1 0.28981125354766846 0.07789000123739243 0.04180872440338135 0.044915005564689636
2 0.25908875465393066 0.11045299470424652 0.04535996913909912 0.04874899238348007
2 0.13627251982688904 0.09603700041770935 0.03477875888347626 0.03879900276660919
0 0.7480349540710449 0.40528300404548645 0.042058706283569336 0.042860984802246094
1 0.4666537046432495 0.3304390013217926 0.04274249076843262 0.047200024127960205
2 0.2619374990463257 0.2685770094394684 0.046318769454956055 0.04805700480937958
1 0.40074998140335083 0.1993979960680008 0.04412496089935303 0.04732900857925415
1 0.6859300136566162 0.4475809931755066 0.04408371448516846 0.046707987785339355
1 0.4634912610054016 0.21375900506973267 0.04061627388000488 0.03827899694442749
1 0.5795637965202332 0.2586820125579834 0.043558716773986816 0.04786001145839691
1 0.26131749153137207 0.269010990858078 0.04642874002456665 0.04918499290943146
0 0.5792875289916992 0.2588990032672882 0.04397749900817871 0.047224998474121094
0 0.7444624900817871 0.5453640222549438 0.04623126983642578 0.049430012702941895
1 0.6395187377929688 0.45116299390792847 0.04431498050689697 0.044229984283447266
1 0.6472837328910828 0.40815600752830505 0.0420762300491333 0.04398000240325928
2 0.41043621301651 0.2701539993286133 0.042632460594177246 0.04034699499607086
1 0.4096599817276001 0.2702929973602295 0.04171121120452881 0.040174007415771484
