2 0.9852046966552734 0.8296210169792175 0.029590606689453125 0.0712130069732666
2 0.6663974523544312 0.400193989276886 0.0555649995803833 0.05883002281188965
2 0.9050161838531494 0.2522909939289093 0.05840754508972168 0.06233198940753937
2 0.6238875389099121 0.3804819881916046 0.05361127853393555 0.05910700559616089
2 0.08087125420570374 0.8195130228996277 0.04580751061439514 0.049633026123046875
2 0.36137625575065613 0.7484710216522217 0.04347127676010132 0.04522895812988281
2 0.7608200311660767 0.029265999794006348 0.056612491607666016 0.055945999920368195
2 0.012320935726165771 0.7600330114364624 0.024641871452331543 0.045750975608825684
2 0.21036875247955322 0.7863829731941223 0.045778751373291016 0.04362595081329346
2 0.8769599199295044 0.06168700009584427 0.055928707122802734 0.06476499140262604
2 0.6469612717628479 0.27845099568367004 0.05232501029968262 0.05610001087188721
2 0.8582674264907837 0.01702900044620037 0.06257623434066772 0.03405800089240074
2 0.9904668927192688 0.9731839895248413 0.019066214561462402 0.0529789924621582
2 0.8118324875831604 0.015513000078499317 0.059088706970214844 0.031026000156998634
2 0.6100000143051147 0.28530800342559814 0.05235755443572998 0.05506199598312378
2 0.9305800199508667 0.04568200185894966 0.05909991264343262 0.05844300240278244
