0 0.9015325307846069 0.3506009876728058 0.052976369857788086 0.05358797311782837
0 0.6576762795448303 0.4205160140991211 0.05917501449584961 0.06192302703857422
0 0.08816500008106232 0.33913299441337585 0.05818501114845276 0.05813497304916382
0 0.38090622425079346 0.44870901107788086 0.058602482080459595 0.06151902675628662
0 0.3523462414741516 0.31459298729896545 0.05767127871513367 0.05919599533081055
0 0.9522274732589722 0.20689499378204346 0.05096244812011719 0.0514180064201355
0 0.5218775272369385 0.46312299370765686 0.056536197662353516 0.060552000999450684
0 0.8430250287055969 0.13861599564552307 0.053986191749572754 0.05485200881958008
0 0.6424825191497803 0.512395977973938 0.060637474060058594 0.059505969285964966
0 0.17557752132415771 0.38533300161361694 0.05957376956939697 0.060806989669799805
0 0.4692699909210205 0.41856399178504944 0.05374252796173096 0.05805099010467529
0 0.10283123701810837 0.49346303939819336 0.05199499428272247 0.06202700734138489
0 0.18472126126289368 0.46766701340675354 0.05523872375488281 0.06033897399902344
0 0.591988742351532 0.5508009791374207 0.05722379684448242 0.05681300163269043
0 0.8595887422561646 0.2373639941215515 0.05202120542526245 0.05234400928020477
0 0.15723749995231628 0.20825700461864471 0.061321258544921875 0.05926400423049927
0 0.8804787397384644 0.10631100088357925 0.05398005247116089 0.054319992661476135
0 0.4148774743080139 0.3792000114917755 0.054138779640197754 0.05509299039840698
0 0.12688249349594116 0.6249070167541504 0.05781000852584839 0.06325101852416992
0 0.23218375444412231 0.376336008310318 0.058067500591278076 0.06266897916793823
0 0.7625625133514404 0.7077800035476685 0.04116249084472656 0.04324197769165039
0 0.40800124406814575 0.4808099865913391 0.0577775239944458 0.05957803130149841
0 0.7527687549591064 0.9314450025558472 0.04501628875732422 0.04658496379852295
0 0.8314875364303589 0.06012599915266037 0.05627620220184326 0.06307201087474823
0 0.8325650095939636 0.7206069827079773 0.043546199798583984 0.04614102840423584
0 0.21949374675750732 0.4528459906578064 0.056197524070739746 0.06253600120544434
0 0.8756099939346313 0.05127900093793869 0.05870246887207031 0.05804400146007538
0 0.6892987489700317 0.8808630108833313 0.03668248653411865 0.03937995433807373
0 0.8192662596702576 0.2833369970321655 0.050459980964660645 0.05038297176361084
0 0.8353637456893921 0.06796500086784363 0.06612253189086914 0.07249099016189575
0 0.9896559119224548 0.46919798851013184 0.020688176155090332 0.043560028076171875
0 0.7412137389183044 0.989023745059967 0.048032522201538086 0.021952509880065918
0 0.47630125284194946 0.909608006477356 0.05152249336242676 0.051046013832092285
0 0.44646501541137695 0.3466230034828186 0.05005753040313721 0.05139601230621338
0 0.6987687349319458 0.449396014213562 0.04701876640319824 0.053708016872406006
0 0.9569724798202515 0.4182940125465393 0.04149746894836426 0.03652799129486084
0 0.7976750135421753 0.2757990062236786 0.0429224967956543 0.052030012011528015
0 0.7220699787139893 0.4873720109462738 0.04229879379272461 0.047133028507232666
0 0.6058112978935242 0.9791240096092224 0.0680612325668335 0.041751980781555176
