0 0.5072225332260132 0.26840800046920776 0.09698998928070068 0.0902240127325058
0 0.8823000192642212 0.5893719792366028 0.10408252477645874 0.09952294826507568
0 0.7354974746704102 0.5842310190200806 0.1004112958908081 0.09292495250701904
0 0.37811124324798584 0.26683399081230164 0.10634374618530273 0.10141998529434204
0 0.492196261882782 0.8428940176963806 0.11007249355316162 0.10477697849273682
0 0.6210737228393555 0.5993469953536987 0.09328627586364746 0.08833897113800049
0 0.7761250138282776 0.956352710723877 0.10365498065948486 0.08729451894760132
0 0.5315136909484863 0.9400870203971863 0.11028003692626953 0.11073601245880127
0 0.9128375053405762 0.9135419726371765 0.10461997985839844 0.10407805442810059
0 0.3019925057888031 0.3123930096626282 0.09296125173568726 0.09027200937271118
0 0.9143263101577759 0.6654769778251648 0.0791824460029602 0.07549500465393066
0 0.854091227054596 0.665244996547699 0.08240878582000732 0.08972001075744629
0 0.44233500957489014 0.25412601232528687 0.09355628490447998 0.09805798530578613
0 0.26802873611450195 0.2359910011291504 0.0838174819946289 0.08130800724029541
0 0.9088987112045288 0.8442299962043762 0.07707500457763672 0.08188104629516602
0 0.779786229133606 0.3486579954624176 0.1259000301361084 0.1048550009727478
