0 0.3893774747848511 0.7104399800300598 0.08062875270843506 0.07875096797943115
0 0.9130300283432007 0.041356004774570465 0.07807374000549316 0.07226400077342987
0 0.1789349913597107 0.15625999867916107 0.057961225509643555 0.05506899952888489
0 0.6246437430381775 0.3832840025424957 0.08590996265411377 0.08690899610519409
0 0.47355377674102783 0.5943570137023926 0.07872629165649414 0.075234055519104
0 0.3805975317955017 0.6518949866294861 0.07764875888824463 0.07202696800231934
0 0.44384872913360596 0.6745179891586304 0.06489002704620361 0.07443797588348389
0 0.5384075045585632 0.349155992269516 0.08042871952056885 0.08402502536773682
0 0.7066799998283386 0.31562599539756775 0.08493375778198242 0.08123701810836792
0 0.6010937094688416 0.24408699572086334 0.08437001705169678 0.07265201210975647
0 0.5176799893379211 0.26415398716926575 0.07923996448516846 0.07912200689315796
0 0.16224750876426697 0.6694449782371521 0.057598769664764404 0.05618000030517578
0 0.5494862198829651 0.5291780233383179 0.07349252700805664 0.0720829963684082
0 0.8876650333404541 0.1348160058259964 0.06769752502441406 0.07078999280929565
0 0.43615126609802246 0.10975000262260437 0.07600629329681396 0.06542900204658508
0 0.975821852684021 0.014313999563455582 0.04835629463195801 0.028240002691745758
0 0.5986225008964539 0.6831309795379639 0.06089127063751221 0.05528104305267334
0 0.6018887758255005 0.31234800815582275 0.07081747055053711 0.06609201431274414
0 0.8785974979400635 0.1829729974269867 0.07078748941421509 0.06011700630187988
0 0.39553123712539673 0.9334700107574463 0.1715174913406372 0.13305997848510742
0 0.7251075506210327 0.4308739900588989 0.06106746196746826 0.06482100486755371
