0 0.25618499517440796 0.22987399995326996 0.10434746742248535 0.10120299458503723
0 0.19037747383117676 0.14433600008487701 0.10152125358581543 0.1013059914112091
0 0.0852537453174591 0.47081899642944336 0.14827251434326172 0.13302302360534668
0 0.032007500529289246 0.16151699423789978 0.06401500105857849 0.14338701963424683
0 0.11983375251293182 0.19504700601100922 0.11329874396324158 0.10902899503707886
0 0.43313127756118774 0.03455600142478943 0.043794989585876465 0.04118900001049042
0 0.38576751947402954 0.39683300256729126 0.09420374035835266 0.09767299890518188
0 0.5048487782478333 0.091279998421669 0.04451751708984375 0.0410970002412796
0 0.9010474681854248 0.17035900056362152 0.11319118738174438 0.10425201058387756
0 0.11912499368190765 0.121847003698349 0.07511875033378601 0.0677340030670166
0 0.20938000082969666 0.0657930001616478 0.05284374952316284 0.057346999645233154
0 0.06839999556541443 0.13784900307655334 0.06309375166893005 0.1221190094947815
0 0.29341500997543335 0.11398600041866302 0.0446699857711792 0.039375998079776764
0 0.016546249389648438 0.019463250413537025 0.033092498779296875 0.03892650082707405
0 0.989366888999939 0.40541398525238037 0.02126622200012207 0.09772098064422607
