0 0.7622125148773193 0.4944919943809509 0.07348001003265381 0.0704369843006134
0 0.875694990158081 0.47748899459838867 0.07871872186660767 0.07655799388885498
0 0.850121259689331 0.1847500056028366 0.07289379835128784 0.07174000144004822
1 0.22944375872612 0.4197010099887848 0.08950752019882202 0.10460799932479858
1 0.4502737522125244 0.767104983329773 0.10624873638153076 0.10195696353912354
0 0.6953625082969666 0.1696850061416626 0.09130001068115234 0.0945580005645752
0 0.6124262809753418 0.29867199063301086 0.09766995906829834 0.09561097621917725
0 0.4538712501525879 0.315775990486145 0.07993495464324951 0.08978301286697388
1 0.27737873792648315 0.5033609867095947 0.08791500329971313 0.09270402789115906
0 0.11549749970436096 0.6899629831314087 0.10885751247406006 0.10428094863891602
1 0.47641628980636597 0.6663659811019897 0.10155630111694336 0.09341704845428467
0 0.13958001136779785 0.5914000272750854 0.10100626945495605 0.10196805000305176
0 0.6086349487304688 0.41819798946380615 0.09166252613067627 0.09051799774169922
0 0.9623074531555176 0.4428749978542328 0.07012510299682617 0.0732489824295044
0 0.7884387373924255 0.32222500443458557 0.07654500007629395 0.08084899187088013
0 0.22443249821662903 0.6007760167121887 0.08702749013900757 0.09663999080657959
0 0.18359500169754028 0.4984700083732605 0.09286624193191528 0.08733499050140381
1 0.6120500564575195 0.2989040017127991 0.09744620323181152 0.0963979959487915
0 0.8244887590408325 0.5136690139770508 0.0699387788772583 0.06921198964118958
1 0.11160124838352203 0.4302780032157898 0.08666250109672546 0.08902698755264282
1 0.3017975091934204 0.3840560019016266 0.08362877368927002 0.09205096960067749
1 0.6083450317382812 0.4182870090007782 0.09266245365142822 0.09123402833938599
1 0.44833749532699585 0.5194829702377319 0.08667004108428955 0.09940898418426514
