0 0.9703612327575684 0.12712299823760986 0.05927753448486328 0.07083401083946228
0 0.5347050428390503 0.4733330011367798 0.08361124992370605 0.0855189859867096
0 0.9952768683433533 0.08978299796581268 0.009446263313293457 0.06375500559806824
0 0.017927810549736023 0.09832800179719925 0.035855621099472046 0.050181999802589417
0 0.9784837365150452 0.19391700625419617 0.04303252696990967 0.05852699279785156
0 0.5050612688064575 0.33860599994659424 0.06639254093170166 0.0733489990234375
0 0.49070876836776733 0.4278950095176697 0.07231628894805908 0.07061702013015747
0 0.9776346683502197 0.4111289978027344 0.04473066329956055 0.0675780177116394
0 0.46395498514175415 0.37559500336647034 0.07339870929718018 0.07070797681808472
0 0.016514062881469727 0.03870899975299835 0.03302812576293945 0.06295499205589294
0 0.9283324480056763 0.41759100556373596 0.061522483825683594 0.06306397914886475
0 0.5472999811172485 0.3255600035190582 0.06543993949890137 0.07940500974655151
0 0.8660675287246704 0.4518049955368042 0.0606500506401062 0.05880099534988403
0 0.910216212272644 0.07742200046777725 0.06080007553100586 0.07404600083827972
0 0.17528000473976135 0.34129199385643005 0.05886876583099365 0.048956990242004395
0 0.08950124680995941 0.2941249907016754 0.051375001668930054 0.04686099290847778
0 0.6548162698745728 0.6134909987449646 0.08036375045776367 0.0817270278930664
0 0.08249500393867493 0.3375459909439087 0.06091749668121338 0.05121797323226929
0 0.0816662609577179 0.23957699537277222 0.05310624837875366 0.05103099346160889
