0 0.9978665113449097 0.2782779932022095 0.004266977310180664 0.08229899406433105
0 0.9152013063430786 0.37610098719596863 0.07879757881164551 0.08176201581954956
0 0.06979624927043915 0.10048100352287292 0.07462123036384583 0.06769999861717224
0 0.42871248722076416 0.8398150205612183 0.10198628902435303 0.0915219783782959
0 0.9052462577819824 0.3015420138835907 0.08025002479553223 0.07578200101852417
0 0.928168773651123 0.2310599982738495 0.07799625396728516 0.07942499220371246
0 0.35318249464035034 0.8356789946556091 0.08465996384620667 0.0802149772644043
0 0.9971615672111511 0.12884600460529327 0.005676865577697754 0.08766499161720276
0 0.0034659355878829956 0.19098599255084991 0.006931871175765991 0.055743008852005005
0 0.1182674989104271 0.7012479901313782 0.07333250343799591 0.07947397232055664
0 0.7294987440109253 0.018536251038312912 0.08017504215240479 0.037072502076625824
0 0.0035924986004829407 0.562279999256134 0.007184997200965881 0.06749904155731201
0 0.995291531085968 0.34341999888420105 0.009416937828063965 0.0571100115776062
0 0.3360599875450134 0.7311739921569824 0.07106876373291016 0.06989800930023193
0 0.6936825513839722 0.12063299864530563 0.07260870933532715 0.05787600576877594
0 0.9682610034942627 0.3019680082798004 0.06347799301147461 0.08118999004364014
