1 0.6524499654769897 0.8498839735984802 0.07498621940612793 0.07631301879882812
1 0.5941900014877319 0.821956992149353 0.07519745826721191 0.09374094009399414
1 0.375124990940094 0.7418100237846375 0.07330501079559326 0.07979297637939453
1 0.1783999800682068 0.2772330045700073 0.0662887692451477 0.0721139907836914
1 0.21083375811576843 0.3420270085334778 0.0714225172996521 0.07713699340820312
1 0.18114876747131348 0.23754699528217316 0.07169497013092041 0.07454201579093933
1 0.6438962817192078 0.7789099812507629 0.07997250556945801 0.07797098159790039
1 0.30646374821662903 0.7071329951286316 0.0706300139427185 0.07853400707244873
1 0.9150350093841553 0.09157299995422363 0.056771278381347656 0.07131600379943848
1 0.8590799570083618 0.10558100044727325 0.053730010986328125 0.06679299473762512
1 0.951968789100647 0.07822199910879135 0.04793739318847656 0.05778099596500397
