0 0.49429500102996826 0.7006459832191467 0.08029496669769287 0.07486999034881592
0 0.587853729724884 0.2955789864063263 0.08703875541687012 0.07885599136352539
0 0.13560375571250916 0.8550689816474915 0.07475626468658447 0.07249200344085693
0 0.02047593891620636 0.7936090230941772 0.04095187783241272 0.06608498096466064
0 0.3187037706375122 0.6483529806137085 0.07683002948760986 0.06880998611450195
0 0.2712262272834778 0.7124170064926147 0.07035499811172485 0.06502401828765869
0 0.9770684242248535 0.787443995475769 0.04586315155029297 0.046092987060546875
0 0.957395076751709 0.6781899929046631 0.05985760688781738 0.05679500102996826
0 0.3214762806892395 0.8347700238227844 0.08640998601913452 0.09183895587921143
0 0.10867500305175781 0.6528530120849609 0.07493501901626587 0.07097399234771729
0 0.8401424884796143 0.3603239953517914 0.06723880767822266 0.05852097272872925
0 0.07757124304771423 0.3785629868507385 0.05873751640319824 0.05562800168991089
