0 0.8867150545120239 0.32934001088142395 0.03923749923706055 0.0371059775352478
0 0.8378199934959412 0.434563010931015 0.03715372085571289 0.037532031536102295
0 0.7009762525558472 0.46132999658584595 0.03900253772735596 0.04025501012802124
0 0.8260362148284912 0.33111000061035156 0.03349745273590088 0.035328030586242676
0 0.4850825071334839 0.7882760167121887 0.0425037145614624 0.043161988258361816
0 0.8555974960327148 0.3941589891910553 0.03974872827529907 0.03803598880767822
0 0.9132237434387207 0.2713940143585205 0.03514504432678223 0.034651994705200195
0 0.6108524799346924 0.7006530165672302 0.03965878486633301 0.04177296161651611
0 0.8860212564468384 0.36676299571990967 0.037962496280670166 0.037634968757629395
0 0.6969450116157532 0.6804180145263672 0.039945006370544434 0.040580034255981445
0 0.6966725587844849 0.5808290243148804 0.042619943618774414 0.0430530309677124
0 0.7384562492370605 0.7758610248565674 0.03772377967834473 0.03869295120239258
0 0.7059900164604187 0.7618939876556396 0.036389946937561035 0.037968993186950684
0 0.9134387969970703 0.7551620006561279 0.03879117965698242 0.03824794292449951
0 0.07604125142097473 0.2873840034008026 0.04958748817443848 0.05307900905609131
0 0.03954499959945679 0.25729599595069885 0.04666748642921448 0.0511540025472641
0 0.44370752573013306 0.21486400067806244 0.04566001892089844 0.044890016317367554
0 0.7606862783432007 0.561398983001709 0.04483747482299805 0.04369699954986572
0 0.02126656472682953 0.09157100319862366 0.04253312945365906 0.04383300244808197
0 0.8849200010299683 0.40626999735832214 0.02956247329711914 0.03520399332046509
0 0.27475249767303467 0.29641300439834595 0.04467874765396118 0.045256972312927246
0 0.9518512487411499 0.2660979926586151 0.031972408294677734 0.028491973876953125
0 0.6553499698638916 0.6646010279655457 0.04483747482299805 0.04465305805206299
0 0.33125999569892883 0.3863149881362915 0.044335007667541504 0.05065500736236572
1 0.0900849997997284 0.8622350096702576 0.05425000190734863 0.05013000965118408
1 0.10295999050140381 0.253028005361557 0.051705002784729004 0.051663994789123535
0 0.2983337640762329 0.5168840289115906 0.05268251895904541 0.057991981506347656
1 0.12061626464128494 0.18571500480175018 0.05110500752925873 0.05246099829673767
0 0.24120751023292542 0.0073819998651742935 0.047082483768463135 0.014014000073075294
1 0.13185375928878784 0.3266110122203827 0.0521249920129776 0.052186012268066406
0 0.1321912407875061 0.3266269862651825 0.05268125236034393 0.05281698703765869
0 0.5900862216949463 0.061921000480651855 0.040262460708618164 0.04129800200462341
0 0.5611349940299988 0.5895509719848633 0.04069626331329346 0.043550968170166016
