0 0.8032925128936768 0.9291380047798157 0.05934751033782959 0.05743098258972168
0 0.9272899627685547 0.14978499710559845 0.05184626579284668 0.0540899932384491
0 0.007429063320159912 0.2143000066280365 0.014858126640319824 0.07161301374435425
0 0.8634312152862549 0.9449329972267151 0.05909246206283569 0.058647990226745605
0 0.24223250150680542 0.5277349948883057 0.06199002265930176 0.05646201968193054
0 0.1010337620973587 0.2847079932689667 0.06334373354911804 0.06743699312210083
0 0.3379325270652771 0.7333800196647644 0.05965626239776611 0.05774402618408203
0 0.32227373123168945 0.04341199994087219 0.06551873683929443 0.06318899989128113
0 0.8666212558746338 0.32902300357818604 0.0647125244140625 0.06769001483917236
0 0.2177249789237976 0.5758450031280518 0.0645337700843811 0.0629110336303711
0 0.25044000148773193 0.04325799643993378 0.06020873785018921 0.06216099485754967
0 0.6197324991226196 0.039733998477458954 0.062227487564086914 0.06328000128269196
0 0.1487174928188324 0.6023970246315002 0.0635337382555008 0.05763900279998779
0 0.9840968251228333 0.9493020176887512 0.031806349754333496 0.05406796932220459
0 0.10653499513864517 0.15859900414943695 0.06188373267650604 0.06547600030899048
0 0.77947998046875 0.3827739953994751 0.061604976654052734 0.06685400009155273
0 0.8565800189971924 0.6444709897041321 0.05684250593185425 0.05886101722717285
0 0.48775750398635864 0.6683160066604614 0.052318692207336426 0.05754399299621582
0 0.5246399641036987 0.6632810235023499 0.0520399808883667 0.05601203441619873
0 0.9806171655654907 0.10519000142812729 0.038765668869018555 0.04649500548839569
0 0.8763799667358398 0.5465019941329956 0.054485023021698 0.054190993309020996
0 0.8644287586212158 0.3966679871082306 0.05742502212524414 0.05420500040054321
0 0.16848498582839966 0.2992990016937256 0.06638503074645996 0.06577599048614502
0 0.8924225568771362 0.6201180219650269 0.055322468280792236 0.058500051498413086
0 0.34018874168395996 0.4345549941062927 0.0655524730682373 0.059711992740631104
0 0.5907900333404541 0.9783779978752136 0.05576753616333008 0.043244004249572754
0 0.14810499548912048 0.5669549703598022 0.05132873356342316 0.04985499382019043
0 0.7205437421798706 0.32154300808906555 0.05989503860473633 0.05620002746582031
0 0.2920662462711334 0.013545000925660133 0.06905126571655273 0.026833999902009964
0 0.9885231256484985 0.28012698888778687 0.02295374870300293 0.04932999610900879
0 0.819819986820221 0.3271079957485199 0.0521237850189209 0.05707502365112305
0 0.9890750050544739 0.18420499563217163 0.021849989891052246 0.05306899547576904
0 0.659077525138855 0.03444699943065643 0.050937533378601074 0.05885499715805054
0 0.01567656546831131 0.18518200516700745 0.03135313093662262 0.06092199683189392
0 0.9762006402015686 0.25254499912261963 0.04759871959686279 0.053070008754730225
