0 0.0053359344601631165 0.6429749727249146 0.010671868920326233 0.05681300163269043
0 0.6680800318717957 0.7309799790382385 0.06329751014709473 0.06306600570678711
0 0.21390998363494873 0.7582610249519348 0.06606501340866089 0.0620269775390625
0 0.0820000022649765 0.7020639777183533 0.05656126141548157 0.055014967918395996
0 0.26221874356269836 0.41374000906944275 0.06558126211166382 0.05714297294616699
0 0.25022250413894653 0.6086840033531189 0.06256252527236938 0.06061100959777832
0 0.2107425034046173 0.5935999751091003 0.060871243476867676 0.05834496021270752
0 0.2931312322616577 0.0832199975848198 0.053402483463287354 0.04566499590873718
0 0.3600337505340576 0.12929800152778625 0.05050373077392578 0.04557400196790695
0 0.7531712651252747 0.7305769920349121 0.05438876152038574 0.055235981941223145
