0 0.746275007724762 0.92535799741745 0.05485200136899948 0.06699900329113007
0 0.8919529914855957 0.6938890218734741 0.04383400082588196 0.05393100157380104
0 0.5411710143089294 0.45070400834083557 0.044899001717567444 0.053470999002456665
0 0.2812420129776001 0.20292000472545624 0.05336400121450424 0.06917999684810638
0 0.8354560136795044 0.4745999872684479 0.04604199901223183 0.05882300063967705
0 0.8299580216407776 0.7148910164833069 0.04378800094127655 0.05894099920988083
0 0.31568098068237305 0.23495399951934814 0.052501000463962555 0.06503999978303909
0 0.2066059708595276 0.7859320044517517 0.06583800166845322 0.08774100244045258
0 0.1484060287475586 0.595704972743988 0.06964799761772156 0.08573500066995621
0 0.5344899892807007 0.8514819741249084 0.04811999946832657 0.058465998619794846
0 0.7439889907836914 0.4676930010318756 0.04699299857020378 0.060635000467300415
0 0.7959039807319641 0.5202170014381409 0.04980200156569481 0.06148900091648102
0 0.8507469892501831 0.5811070203781128 0.04841899871826172 0.06243700161576271
0 0.20955097675323486 0.06616999953985214 0.06644300371408463 0.08375599980354309
0 0.7038220167160034 0.8597689867019653 0.044116001576185226 0.054572999477386475
0 0.7171339988708496 0.803820013999939 0.05156699940562248 0.06818000227212906
0 0.13273000717163086 0.7327560186386108 0.0736910030245781 0.09362100064754486
0 0.1821720004081726 0.5208420157432556 0.07181199640035629 0.08986900001764297
0 0.2399979829788208 0.6445350050926208 0.0635870024561882 0.08171200007200241
0 0.18611299991607666 0.6954519748687744 0.06706299632787704 0.08982499688863754
0 0.1564270257949829 0.4377259910106659 0.06563100218772888 0.08648599684238434
0 0.8747600317001343 0.5112000107765198 0.05033000186085701 0.05867300182580948
0 0.6765689849853516 0.771170973777771 0.04406699910759926 0.05584599822759628
0 0.5161730051040649 0.3951520025730133 0.042920999228954315 0.0518839992582798
0 0.4601359963417053 0.41623198986053467 0.04196099936962128 0.051217999309301376
0 0.8561609983444214 0.7401840090751648 0.04211600124835968 0.0570640005171299
0 0.3936700224876404 0.06416500359773636 0.043526001274585724 0.04946799948811531
0 0.057304978370666504 0.6022760272026062 0.06571699678897858 0.07624399662017822
0 0.043932974338531494 0.6706209778785706 0.06591200083494186 0.07949300110340118
0 0.7389569878578186 0.512594997882843 0.045322999358177185 0.05587700009346008
0 0.2603830099105835 0.5593219995498657 0.0641700029373169 0.07485300302505493
0 0.739467978477478 0.5639510154724121 0.043894000351428986 0.05469299852848053
0 0.4382129907608032 0.04517899826169014 0.04558800160884857 0.055383000522851944
0 0.632194995880127 0.827193021774292 0.03949899971485138 0.049240000545978546
0 0.0132560133934021 0.6682310104370117 0.026511000469326973 0.07792200148105621
0 0.8287979960441589 0.21602199971675873 0.029879000037908554 0.0410350002348423
0 0.3573099970817566 0.5800139904022217 0.04764999821782112 0.058660998940467834
0 0.5825830101966858 0.7543759942054749 0.043334998190402985 0.052609000355005264
0 0.5858980417251587 0.6211829781532288 0.039365001022815704 0.05739999935030937
0 0.30523502826690674 0.09892699867486954 0.04450500011444092 0.04772699996829033
0 0.6078140139579773 0.6686609983444214 0.03675900027155876 0.04644399881362915
0 0.847790002822876 0.19027799367904663 0.030817000195384026 0.03812500089406967
0 0.9309099912643433 0.05178900063037872 0.03045699931681156 0.03582900017499924
0 0.5411440134048462 0.4993009865283966 0.041078001260757446 0.04380999878048897
0 0.13523602485656738 0.027080999687314034 0.07567799836397171 0.05416199937462807
0 0.9623739719390869 0.015433000400662422 0.02744700014591217 0.030762000009417534
0 0.7426459789276123 0.507893979549408 0.04843800142407417 0.07268700003623962
0 0.8716279864311218 0.45885300636291504 0.037321001291275024 0.047286998480558395
0 0.9853929877281189 0.45914098620414734 0.02828199975192547 0.0348300002515316
0 0.01818901300430298 0.6693559885025024 0.034873999655246735 0.08313199877738953
0 0.5753160119056702 0.450778990983963 0.03830000013113022 0.050342001020908356
