2 0.40433400869369507 0.39750999212265015 0.0581899993121624 0.08324100077152252
2 0.16656100749969482 0.7454509735107422 0.05531200021505356 0.07382600009441376
2 0.33593302965164185 0.32302799820899963 0.05822400003671646 0.07748500257730484
2 0.06417298316955566 0.0905120000243187 0.06949900090694427 0.08354400098323822
2 0.19839197397232056 0.061117999255657196 0.05974699929356575 0.07495799660682678
2 0.07425397634506226 0.028075000271201134 0.07325699925422668 0.05615000054240227
2 0.4664880037307739 0.014341999776661396 0.061799000948667526 0.027994999662041664
2 0.1624169945716858 0.06556999683380127 0.040327999740839005 0.06582599878311157
2 0.08635902404785156 0.14810900390148163 0.05706299841403961 0.06747999787330627
2 0.12174302339553833 0.07813099771738052 0.05067399889230728 0.0671520009636879
