0 0.8963130116462708 0.7320119738578796 0.04968700185418129 0.06490399688482285
0 0.7681199908256531 0.08225800096988678 0.03415599837899208 0.04688600078225136
0 0.05827200412750244 0.8990110158920288 0.038812000304460526 0.0493599995970726
0 0.6614459753036499 0.15748000144958496 0.03488700091838837 0.044936999678611755
0 0.6987630128860474 0.15458199381828308 0.04114599898457527 0.05200299993157387
0 0.5762619972229004 0.07330600172281265 0.033348001539707184 0.044144999235868454
0 0.9511110186576843 0.6035289764404297 0.04410500079393387 0.05312100052833557
0 0.11225199699401855 0.01632400043308735 0.041825998574495316 0.0326480008661747
0 0.48981499671936035 0.25710898637771606 0.03828800097107887 0.0467119999229908
0 0.6905540227890015 0.09599599987268448 0.03323100134730339 0.047067999839782715
0 0.6688079833984375 0.07959099858999252 0.03519799932837486 0.041411999613046646
0 0.1843540072441101 0.2219579964876175 0.03407499939203262 0.04254800081253052
0 0.7526919841766357 0.17677100002765656 0.036205001175403595 0.04616200178861618
1 0.24875998497009277 0.2912440001964569 0.04384100064635277 0.05098799988627434
0 0.36673498153686523 0.9241099953651428 0.041026998311281204 0.05756000056862831
0 0.19126999378204346 0.5905680060386658 0.039751000702381134 0.04543299973011017
0 0.059780001640319824 0.03645699843764305 0.03332899883389473 0.043372999876737595
0 0.14718902111053467 0.4488779902458191 0.037415001541376114 0.048344001173973083
0 0.733460009098053 0.10015200078487396 0.033962998539209366 0.04504900053143501
0 0.9123200178146362 0.7774559855461121 0.04446899890899658 0.07046999782323837
0 0.9848039746284485 0.534375011920929 0.02845899946987629 0.040151000022888184
0 0.8200740218162537 0.2525070011615753 0.035819001495838165 0.04494599997997284
0 0.8016489744186401 0.20346200466156006 0.0331449992954731 0.04035799950361252
1 0.9827889800071716 0.7598209977149963 0.033222999423742294 0.06703600287437439
0 0.7580369710922241 0.1459140032529831 0.035718001425266266 0.04068399965763092
0 0.5569149851799011 0.5360339879989624 0.04084999859333038 0.04976600036025047
0 0.6758750081062317 0.2232159972190857 0.03588299825787544 0.0460130013525486
0 0.33117997646331787 0.9008650183677673 0.04525800049304962 0.05209900066256523
0 0.7881500124931335 0.6794999837875366 0.037891000509262085 0.05185500159859657
1 0.5638020038604736 0.9851089715957642 0.0481019988656044 0.029782000929117203
0 0.7233799695968628 0.06695900112390518 0.02908499911427498 0.03679899871349335
1 0.5049139857292175 0.5014430284500122 0.047968000173568726 0.054781001061201096
0 0.7067080140113831 0.2186640053987503 0.03237900137901306 0.04509799927473068
0 0.9901419878005981 0.09491600096225739 0.01971600018441677 0.03408899903297424
0 0.7357560396194458 0.22257499396800995 0.03160100057721138 0.04348300024867058
0 0.5858690142631531 0.007852000184357166 0.04414200037717819 0.01570500060915947
0 0.09474998712539673 0.22165200114250183 0.03748900070786476 0.04367300122976303
0 0.9176880121231079 0.8333150148391724 0.03541800007224083 0.05225599929690361
0 0.08782798051834106 0.04833799973130226 0.03411699831485748 0.045729998499155045
0 0.6683560013771057 0.05329800024628639 0.03234799951314926 0.039319999516010284
1 0.0966920256614685 0.5167409777641296 0.03619299829006195 0.04641899839043617
1 0.31456899642944336 0.9858499765396118 0.05017499998211861 0.028300000354647636
0 0.9886760115623474 0.565434992313385 0.022034000605344772 0.04108700156211853
0 0.14239799976348877 0.10790000110864639 0.036090999841690063 0.04590100049972534
0 0.907243013381958 0.771435022354126 0.045549001544713974 0.06666599959135056
