0 0.4216409921646118 0.03860900178551674 0.05274000018835068 0.060509998351335526
0 0.44186097383499146 0.09969999641180038 0.05042799934744835 0.0619949996471405
0 0.21280300617218018 0.9281190037727356 0.04393399879336357 0.05618799850344658
0 0.08933800458908081 0.6568710207939148 0.0497639998793602 0.059053000062704086
0 0.45680397748947144 0.7400010228157043 0.048666998744010925 0.05971600115299225
0 0.3144649863243103 0.8429650068283081 0.03973500058054924 0.04905400052666664
0 0.527338981628418 0.9598150253295898 0.0535460002720356 0.0627250000834465
0 0.6127820014953613 0.9844740033149719 0.048643000423908234 0.031051000580191612
0 0.4513069987297058 0.6345459818840027 0.047628000378608704 0.060113999992609024
0 0.9020130038261414 0.5517719984054565 0.07198400050401688 0.07966499775648117
0 0.13323599100112915 0.519756019115448 0.04776399955153465 0.05808800086379051
0 0.4185119867324829 0.650288999080658 0.045118000358343124 0.05502999946475029
0 0.31858402490615845 0.9477779865264893 0.03755800053477287 0.04763700067996979
0 0.237218976020813 0.864359974861145 0.03752899914979935 0.046376001089811325
0 0.2930229902267456 0.9005460143089294 0.03770900145173073 0.046142999082803726
0 0.4880579710006714 0.6326419711112976 0.04445900022983551 0.061625998467206955
0 0.3400689959526062 0.8130890130996704 0.03488500043749809 0.044684998691082
0 0.05978202819824219 0.6127179861068726 0.04337099939584732 0.05823000147938728
0 0.4146919846534729 0.6156179904937744 0.0429919995367527 0.05425100028514862
