1 0.7639020085334778 0.3287839889526367 0.054666001349687576 0.07383599877357483
1 0.4116380214691162 0.8155930042266846 0.06645900011062622 0.08166000247001648
1 0.45803898572921753 0.7874569892883301 0.05990799888968468 0.08937100321054459
1 0.7901319861412048 0.22171400487422943 0.06193000078201294 0.07778500020503998
1 0.6341589689254761 0.7180410027503967 0.06165299937129021 0.08064399659633636
1 0.4176499843597412 0.7444530129432678 0.06539899855852127 0.07682400196790695
1 0.6890319585800171 0.6747469902038574 0.057812999933958054 0.08961799740791321
1 0.7905319929122925 0.2651830017566681 0.05248099938035011 0.07194200158119202
1 0.9796479940414429 0.2701129913330078 0.04070400074124336 0.08908800035715103
1 0.20980101823806763 0.08304800093173981 0.04326700046658516 0.06773199886083603
1 0.2524600028991699 0.09620100259780884 0.04120500013232231 0.05924699828028679
1 0.18237197399139404 0.0735429972410202 0.04012700170278549 0.0603489987552166
1 0.030324995517730713 0.09666799753904343 0.04948800057172775 0.06915199756622314
