2 0.41702401638031006 0.6148560047149658 0.05365600064396858 0.07516299933195114
2 0.6625850200653076 0.6557779908180237 0.06858599931001663 0.09139200299978256
2 0.7225500345230103 0.6700559854507446 0.0648759976029396 0.08030500262975693
2 0.4841820001602173 0.4975999891757965 0.06296399980783463 0.08160900324583054
2 0.6285309791564941 0.2072490006685257 0.06052999943494797 0.08348599821329117
2 0.942126989364624 0.7760969996452332 0.05282900109887123 0.0693729966878891
2 0.8751320242881775 0.09992700070142746 0.05365699902176857 0.06016699969768524
2 0.46150898933410645 0.6269320249557495 0.05773799866437912 0.07244899868965149
2 0.3803139925003052 0.01221499964594841 0.05021100118756294 0.02442999929189682
2 0.8698210120201111 0.1659889966249466 0.06303499639034271 0.07207000255584717
1 0.7557629942893982 0.4875499904155731 0.042219001799821854 0.06431800127029419
2 0.25337499380111694 0.12612000107765198 0.05339299887418747 0.06140900030732155
2 0.32155299186706543 0.0674860030412674 0.03909299895167351 0.05598499998450279
1 0.776993989944458 0.4301779866218567 0.03566199913620949 0.053275998681783676
2 0.26023298501968384 0.024689000099897385 0.054283998906612396 0.04937899857759476
2 0.35188400745391846 0.04999899864196777 0.04488600045442581 0.05877399817109108
2 0.02599501609802246 0.08008600026369095 0.05122299864888191 0.06986399739980698
2 0.9599840044975281 0.1425189971923828 0.05117600038647652 0.07222399860620499
2 0.3001840114593506 0.06244499981403351 0.046856001019477844 0.059144001454114914
2 0.9835450053215027 0.14133700728416443 0.032005999237298965 0.07296399772167206
2 0.07044202089309692 0.27087798714637756 0.05017700046300888 0.06565699726343155
2 0.3757169842720032 0.015352999791502953 0.05725900083780289 0.026054000481963158
2 0.2840830087661743 0.1905049979686737 0.05113400146365166 0.05704500153660774
1 0.7206209897994995 0.47574499249458313 0.03477900102734566 0.05116099864244461
2 0.3127859830856323 0.06749700009822845 0.053984999656677246 0.05663599818944931
2 0.9918100237846375 0.03816799819469452 0.014469999819993973 0.06899499893188477
1 0.5878579616546631 0.16524000465869904 0.054051000624895096 0.07395800203084946
2 0.06075102090835571 0.19891299307346344 0.048305999487638474 0.06464499980211258
2 0.9168239831924438 0.15389099717140198 0.044819001108407974 0.06236499920487404
2 0.6773520112037659 0.45006299018859863 0.0391170009970665 0.05438699945807457
2 0.008507013320922852 0.19510899484157562 0.017014000564813614 0.058740999549627304
1 0.7707070112228394 0.43355798721313477 0.036322999745607376 0.04389899969100952
2 0.8861669898033142 0.21929700672626495 0.053196001797914505 0.05761599913239479
2 0.039012014865875244 0.16048499941825867 0.04998600110411644 0.06056100130081177
