1 0.5357999801635742 0.7055950164794922 0.06543699651956558 0.08095499873161316
1 0.582751989364624 0.6750199794769287 0.06232900172472 0.08971799910068512
1 0.901436984539032 0.2090429961681366 0.05889200046658516 0.07590900361537933
1 0.92985600233078 0.1404239982366562 0.05611500144004822 0.07607199996709824
1 0.9287030100822449 0.09698399901390076 0.06408800184726715 0.07711700350046158
1 0.5417970418930054 0.6319000124931335 0.06509499996900558 0.07601100206375122
1 0.820035994052887 0.5657140016555786 0.056735001504421234 0.08693499863147736
1 0.7616509795188904 0.6138709783554077 0.06497099995613098 0.08651900291442871
1 0.32867902517318726 0.02705099992454052 0.04307600110769272 0.04583299905061722
1 0.33216702938079834 0.01888200081884861 0.0487929992377758 0.035399001091718674
