0 0.8987230062484741 0.8457970023155212 0.05178600177168846 0.06111299991607666
0 0.5826560258865356 0.33786699175834656 0.05529399961233139 0.0659639984369278
0 0.49358898401260376 0.20764599740505219 0.0543380007147789 0.0689850002527237
0 0.5190230011940002 0.9806439876556396 0.056790001690387726 0.038711000233888626
0 0.40411198139190674 0.22995099425315857 0.055403001606464386 0.07279600203037262
0 0.4914429783821106 0.29772698879241943 0.05116799846291542 0.06170399859547615
0 0.404030978679657 0.9382370114326477 0.06101600080728531 0.0730770006775856
0 0.22053498029708862 0.9348530173301697 0.050172001123428345 0.057273998856544495
0 0.936942994594574 0.01609399914741516 0.048489999026060104 0.03218799829483032
0 0.3817260265350342 0.12537400424480438 0.05295899882912636 0.06508000195026398
0 0.4719899892807007 0.23286299407482147 0.07056599855422974 0.07186099886894226
0 0.46312201023101807 0.08442100137472153 0.05593999847769737 0.057927001267671585
0 0.026821017265319824 0.4491350054740906 0.028558000922203064 0.03342900052666664
0 0.48020702600479126 0.22666700184345245 0.07452400028705597 0.08751200139522552
0 0.23552602529525757 0.054283998906612396 0.04194299876689911 0.05011399835348129
0 0.8220939636230469 0.8425189852714539 0.04389199987053871 0.055769000202417374
0 0.11699098348617554 0.5951619744300842 0.03358599916100502 0.03777400031685829
