1 0.3644329905509949 0.4697130024433136 0.0901160016655922 0.10916300117969513
1 0.2927970290184021 0.47498199343681335 0.07495000213384628 0.09910199791193008
0 0.3777559995651245 0.06648299843072891 0.08001600205898285 0.1069599986076355
1 0.39528799057006836 0.5747269988059998 0.09250699728727341 0.10738900303840637
0 0.027926981449127197 0.21834200620651245 0.05585499852895737 0.08325199782848358
1 0.5370590090751648 0.29242900013923645 0.08838599920272827 0.1094060018658638
1 0.5753209590911865 0.19798600673675537 0.08489099889993668 0.12324599921703339
1 0.5858440399169922 0.4077799916267395 0.08577600121498108 0.11599700152873993
1 0.22372901439666748 0.056853998452425 0.09123899787664413 0.11169199645519257
1 0.6638489961624146 0.3971869945526123 0.09838800132274628 0.11339099705219269
0 0.22508400678634644 0.05717699974775314 0.08861800283193588 0.10753100365400314
1 0.23176902532577515 0.19598299264907837 0.09037099778652191 0.10546399652957916
0 0.6881290078163147 0.5075309872627258 0.10238700360059738 0.1272439956665039
