0 0.29128897190093994 0.3040040135383606 0.06529799848794937 0.08943600207567215
0 0.5416139960289001 0.1787090003490448 0.05225899815559387 0.06347999721765518
0 0.3496379852294922 0.3583360016345978 0.062477000057697296 0.07931599766016006
0 0.6457229852676392 0.108474001288414 0.04572900012135506 0.053077999502420425
0 0.14753401279449463 0.46246498823165894 0.06519299745559692 0.08272700011730194
0 0.3483849763870239 0.27693700790405273 0.06437999755144119 0.07899799942970276
0 0.7101420164108276 0.1436060070991516 0.04522699862718582 0.052411001175642014
0 0.8444809913635254 0.12792900204658508 0.03654100000858307 0.04420499876141548
0 0.13507097959518433 0.6491730213165283 0.06644999980926514 0.08240800350904465
0 0.9690560102462769 0.16504999995231628 0.04034300148487091 0.051121000200510025
0 0.17083901166915894 0.6861670017242432 0.06719999760389328 0.08009699732065201
0 0.24974501132965088 0.35563498735427856 0.06594999879598618 0.08332899957895279
0 0.4396880269050598 0.6242049932479858 0.06282699853181839 0.0779620036482811
0 0.8788890242576599 0.143204003572464 0.03645100072026253 0.04739600047469139
0 0.27029597759246826 0.4563310146331787 0.06770899891853333 0.08566699922084808
0 0.509039044380188 0.04231499880552292 0.04994500055909157 0.06035200133919716
0 0.3185970187187195 0.672855019569397 0.06372100114822388 0.07441899925470352
0 0.40234601497650146 0.2828559875488281 0.06678999960422516 0.0834290012717247
0 0.3177899718284607 0.4721739888191223 0.05485900118947029 0.06973999738693237
0 0.23734599351882935 0.3097659945487976 0.06334900110960007 0.08384700119495392
0 0.345615029335022 0.44733700156211853 0.058713000267744064 0.08008500188589096
0 0.1865820288658142 0.6479470133781433 0.06743700057268143 0.08616500347852707
0 0.6764609813690186 0.7858870029449463 0.05075399950146675 0.06078999862074852
0 0.9364749789237976 0.05958599969744682 0.03774699941277504 0.047210998833179474
0 0.1712920069694519 0.4197410047054291 0.06800200045108795 0.08137399703264236
0 0.01849198341369629 0.386447012424469 0.036984000355005264 0.08013100177049637
