0 0.25736600160598755 0.9291380047798157 0.047478001564741135 0.05743100121617317
0 0.1581680178642273 0.14978499710559845 0.04147699847817421 0.054090000689029694
0 0.9164440035820007 0.2143000066280365 0.05666099861264229 0.07161299884319305
0 0.20925498008728027 0.9449329972267151 0.04727400094270706 0.0586480014026165
0 0.7062140107154846 0.5277349948883057 0.049591999500989914 0.05646200105547905
0 0.8191729784011841 0.2847079932689667 0.05067500099539757 0.06743700057268143
0 0.6296539902687073 0.7333800196647644 0.047724999487400055 0.05774400010704994
0 0.6421810388565063 0.04341199994087219 0.05241499841213226 0.06318899989128113
0 0.20670300722122192 0.32902300357818604 0.05177000164985657 0.06768999993801117
0 0.054853975772857666 0.34019801020622253 0.04058599844574928 0.05087000131607056
0 0.725820004940033 0.5758450031280518 0.05162699893116951 0.06291099637746811
0 0.6996480226516724 0.043258000165224075 0.04816700145602226 0.062160998582839966
0 0.014227986335754395 0.14459499716758728 0.027946000918745995 0.042941998690366745
0 0.4042140245437622 0.039733998477458954 0.04978200048208237 0.06328000128269196
0 0.9815279841423035 0.2196889966726303 0.03694399818778038 0.07306600362062454
0 0.7810260057449341 0.6023970246315002 0.05082700029015541 0.057638999074697495
0 0.10315501689910889 0.9493020176887512 0.04458000138401985 0.05406799912452698
0 0.8147720098495483 0.15859900414943695 0.04950699955224991 0.06547600030899048
0 0.27641600370407104 0.3827739953994751 0.04928399994969368 0.06685400009155273
0 0.2147359848022461 0.6444709897041321 0.04547400027513504 0.05886099860072136
0 0.5097939968109131 0.6683160066604614 0.04185499995946884 0.05754400044679642
0 0.480288028717041 0.6632810235023499 0.04163200035691261 0.056012000888586044
0 0.11178302764892578 0.10519000142812729 0.03845899924635887 0.04649500176310539
0 0.19889599084854126 0.5465019941329956 0.043588001281023026 0.05419100075960159
0 0.20845699310302734 0.3966679871082306 0.04594000056385994 0.05420500040054321
0 0.7652119994163513 0.2992990016937256 0.05310799926519394 0.06577599793672562
0 0.9646710157394409 0.062460001558065414 0.050999999046325684 0.0695049986243248
0 0.18606197834014893 0.6201180219650269 0.0442579984664917 0.05849999934434891
0 0.9429100155830383 0.015988999977707863 0.05000599846243858 0.03182800114154816
0 0.6278489828109741 0.4345549941062927 0.052441999316215515 0.0597120001912117
0 0.4273679852485657 0.9783779978752136 0.044613998383283615 0.043244000524282455
0 0.7815160155296326 0.5669549703598022 0.04106299951672554 0.04985500127077103
0 0.9873650074005127 0.03267199918627739 0.02372400090098381 0.06534499675035477
0 0.3235650062561035 0.32154300808906555 0.047915998846292496 0.05620000138878822
0 0.6663470268249512 0.013544999994337559 0.05524099990725517 0.026833999902009964
0 0.10030800104141235 0.28012698888778687 0.03610999882221222 0.04932999983429909
0 0.2441440224647522 0.3271079957485199 0.04169899970293045 0.057075001299381256
0 0.09628701210021973 0.18420499563217163 0.042385999113321304 0.05306899920105934
0 0.3727380037307739 0.03444699943065643 0.04075000062584877 0.058855000883340836
0 0.007408022880554199 0.7360770106315613 0.01398599985986948 0.058883000165224075
0 0.8977519869804382 0.18518200516700745 0.04566900059580803 0.06092200055718422
0 0.11730301380157471 0.25254499912261963 0.04155199974775314 0.05307000130414963
