1 0.367900013923645 0.7836750149726868 0.05956599861383438 0.09099200367927551
1 0.701088011264801 0.2660810053348541 0.0525830015540123 0.07175599783658981
1 0.3276379704475403 0.7391769886016846 0.064301997423172 0.078234001994133
1 0.32274097204208374 0.8123120069503784 0.06827999651432037 0.08118300139904022
1 0.6769289970397949 0.32961198687553406 0.05420399829745293 0.07358399778604507
1 0.7010350227355957 0.22541700303554535 0.061209000647068024 0.07351800054311752
1 0.8953009843826294 0.27014899253845215 0.058788999915122986 0.08567000180482864
1 0.5991730093955994 0.6734030246734619 0.05791600048542023 0.0891759991645813
1 0.5451920032501221 0.714805006980896 0.0638749971985817 0.07758499681949615
1 0.922743022441864 0.2983430027961731 0.05637500062584877 0.08150400221347809
1 0.12925398349761963 0.0845630019903183 0.04181699827313423 0.06145799905061722
1 0.09958100318908691 0.07645799964666367 0.03696399927139282 0.059801001101732254
