0 0.17877399921417236 0.3506009876728058 0.04238099977374077 0.05358799919486046
0 0.3738589882850647 0.4205160140991211 0.04733999818563461 0.06192300096154213
0 0.8294680118560791 0.33913299441337585 0.04654800146818161 0.05813499912619591
0 0.5952750444412231 0.44870901107788086 0.04688199982047081 0.06151900067925453
0 0.6181229948997498 0.31459298729896545 0.0461370013654232 0.059195999056100845
0 0.1382179856300354 0.20689499378204346 0.04077000170946121 0.0514179989695549
0 0.4824979901313782 0.46312299370765686 0.045228999108076096 0.060552000999450684
0 0.22557997703552246 0.13861599564552307 0.043189000338315964 0.05485200136899948
0 0.3860139846801758 0.512395977973938 0.048510000109672546 0.059505999088287354
0 0.7595379948616028 0.38533300161361694 0.047658998519182205 0.0608070008456707
0 0.5245839953422546 0.41856399178504944 0.042994000017642975 0.05805100128054619
0 0.8177350163459778 0.49346300959587097 0.04159599915146828 0.06202699989080429
0 0.752223014831543 0.46766701340675354 0.04419099912047386 0.06033900007605553
0 0.4264090061187744 0.5508009791374207 0.04577900096774101 0.05681300163269043
0 0.2123289704322815 0.2373639941215515 0.04161699861288071 0.052344001829624176
0 0.7742099761962891 0.20825700461864471 0.0490569993853569 0.05926400050520897
0 0.19561702013015747 0.10631100088357925 0.04318400099873543 0.05432000011205673
0 0.5680980086326599 0.3792000114917755 0.04331099987030029 0.05509300157427788
0 0.7984939813613892 0.6249070167541504 0.046248000115156174 0.06325100362300873
0 0.7142530083656311 0.376336008310318 0.04645400121808052 0.06266900151968002
0 0.28995001316070557 0.7077800035476685 0.032930001616477966 0.04324200004339218
0 0.5735989809036255 0.4808099865913391 0.04622200131416321 0.059578001499176025
0 0.2977849841117859 0.9314450025558472 0.03601299971342087 0.046585001051425934
0 0.2348099946975708 0.06012599915266037 0.04502100124955177 0.06307200342416763
0 0.2339479923248291 0.7206069827079773 0.03483700007200241 0.04614099860191345
0 0.7244049906730652 0.4528459906578064 0.044957999140024185 0.06253600120544434
0 0.19951200485229492 0.05127900093793869 0.04696200042963028 0.05804400146007538
0 0.34856098890304565 0.8808630108833313 0.029346000403165817 0.03937999904155731
0 0.2445870041847229 0.2833369970321655 0.04036799818277359 0.05038300156593323
0 0.23170900344848633 0.06796500086784363 0.05289800092577934 0.07249099761247635
0 0.09867000579833984 0.46919798851013184 0.03576099872589111 0.04355999827384949
0 0.30702900886535645 0.9890239834785461 0.038426000624895096 0.021952999755740166
0 0.5189589858055115 0.909608006477356 0.041218001395463943 0.05104599893093109
0 0.5428279638290405 0.3466230034828186 0.040045998990535736 0.051396001130342484
0 0.3409850001335144 0.449396014213562 0.03761500120162964 0.053707998245954514
0 0.13442200422286987 0.4182940125465393 0.033197999000549316 0.03652799874544144
0 0.2618600130081177 0.2757990062236786 0.034338001161813736 0.05203000083565712
0 0.32234400510787964 0.4873720109462738 0.03383899852633476 0.04713299870491028
0 0.4153509736061096 0.9791240096092224 0.05444899946451187 0.04175199940800667
