0 0.13412702083587646 0.22734999656677246 0.07226800173521042 0.08469200134277344
1 0.780243992805481 0.4266830086708069 0.09732499718666077 0.11594100296497345
1 0.5011929869651794 0.3330000042915344 0.08330699801445007 0.11016999930143356
1 0.7000179886817932 0.22613699734210968 0.08992599695920944 0.12167300283908844
1 0.6527659893035889 0.31589800119400024 0.08420299738645554 0.10453200340270996
0 0.49253398180007935 0.08523000031709671 0.0749640017747879 0.09505700320005417
1 0.7002710103988647 0.4322519898414612 0.0753680020570755 0.10831999778747559
1 0.3476099967956543 0.07825800031423569 0.08951599895954132 0.11152099817991257
1 0.4755139946937561 0.48664599657058716 0.08924700319766998 0.10632000118494034
1 0.503242015838623 0.5931119918823242 0.09052599966526031 0.1050729975104332
1 0.352383017539978 0.21623599529266357 0.0834759995341301 0.10809499770402908
0 0.057507991790771484 0.19140300154685974 0.06619799882173538 0.08464600145816803
1 0.7471230030059814 0.12975600361824036 0.08038900047540665 0.11086300015449524
0 0.18200898170471191 0.2711319923400879 0.057673998177051544 0.07761800289154053
1 0.8004350066184998 0.5363810062408447 0.10398399829864502 0.12069199979305267
0 0.13331997394561768 0.3222210109233856 0.06026099994778633 0.06971599906682968
0 0.8009439706802368 0.5312150120735168 0.10730399936437607 0.10698000341653824
0 0.7467780113220215 0.13059799373149872 0.07932999730110168 0.11127900332212448
0 0.11169499158859253 0.16601699590682983 0.06696300208568573 0.07751800119876862
0 0.34806501865386963 0.0776360034942627 0.08800599724054337 0.10751699656248093
0 0.3521609902381897 0.21529099345207214 0.08171399682760239 0.10898099839687347
0 0.2744449973106384 0.06252200156450272 0.07589700073003769 0.10791999846696854
