1 0.161562979221344 0.8312609791755676 0.06414400041103363 0.0782419964671135
1 0.2053930163383484 0.8003129959106445 0.05997199937701225 0.0907440036535263
1 0.5361859798431396 0.23483699560165405 0.05735199898481369 0.07570400089025497
1 0.7558380365371704 0.29973700642585754 0.053137000650167465 0.07940399646759033
1 0.5124850273132324 0.33964401483535767 0.0598829984664917 0.07590699940919876
1 0.16444098949432373 0.7605500221252441 0.06445600092411041 0.07872699946165085
1 0.5380330085754395 0.27611398696899414 0.051141999661922455 0.06883999705314636
1 0.7250840067863464 0.2735559940338135 0.06142200157046318 0.08457600325345993
1 0.44121700525283813 0.6830250024795532 0.05726800113916397 0.08955100178718567
1 0.3910149931907654 0.7263290286064148 0.062359001487493515 0.07806599885225296
1 0.022294998168945312 0.12658999860286713 0.04374200105667114 0.05924300104379654
