0 0.021660983562469482 0.09441199898719788 0.03919399902224541 0.051454998552799225
0 0.9068440198898315 0.9018239974975586 0.05670899897813797 0.070701003074646
0 0.7320449948310852 0.1092350035905838 0.03982999920845032 0.05156400054693222
0 0.44344598054885864 0.32732200622558594 0.042833998799324036 0.047485001385211945
0 0.9598600268363953 0.7207810282707214 0.049293000251054764 0.05972199887037277
0 0.018236994743347168 0.3287140130996704 0.036472998559474945 0.048027001321315765
0 0.0597190260887146 0.1975730061531067 0.04089999943971634 0.04952700063586235
0 0.722087025642395 0.22051699459552765 0.03865300118923187 0.045244000852108
0 0.1516140103340149 0.7039099931716919 0.041329000145196915 0.047099001705646515
0 0.3342739939689636 0.8324919939041138 0.04237399995326996 0.04170599952340126
0 0.09041798114776611 0.5693849921226501 0.04288399964570999 0.0500589981675148
0 0.810126006603241 0.23712299764156342 0.03182100132107735 0.042197998613119125
0 0.11505800485610962 0.3106650114059448 0.0404449999332428 0.04730499908328056
2 0.4691399931907654 0.6327270269393921 0.05173499882221222 0.0626629963517189
0 0.7768099904060364 0.23111699521541595 0.035096000880002975 0.04405999928712845
0 0.6253319978713989 0.11789599806070328 0.03786500170826912 0.04693499952554703
0 0.025093019008636475 0.19147400557994843 0.03926999866962433 0.04839500039815903
1 0.4693790078163147 0.6320719718933105 0.05150400102138519 0.061482999473810196
0 0.4796130061149597 0.41905999183654785 0.038304999470710754 0.04709300026297569
0 0.5073580145835876 0.41123199462890625 0.03184400126338005 0.04045800119638443
0 0.5280159711837769 0.02634499967098236 0.0428600013256073 0.04979399964213371
0 0.6962599754333496 0.13696500658988953 0.03711400181055069 0.044794999063014984
0 0.44283998012542725 0.026274999603629112 0.04413200169801712 0.050648998469114304
1 0.18318700790405273 0.40880098938941956 0.04814400151371956 0.05253300070762634
0 0.6625670194625854 0.19713500142097473 0.044178999960422516 0.05134199932217598
0 0.6485480070114136 0.13444800674915314 0.03500499948859215 0.04784400016069412
0 0.009029984474182129 0.1353919953107834 0.01773099973797798 0.04930099844932556
0 0.5285450220108032 0.6635259985923767 0.0441179983317852 0.05301100015640259
0 0.6222879886627197 0.19932200014591217 0.040437001734972 0.048608001321554184
0 0.992775022983551 0.942313015460968 0.014398000203073025 0.07413800060749054
0 0.010693013668060303 0.11767099797725677 0.02050499990582466 0.05935699865221977
0 0.7476010322570801 0.20336300134658813 0.03178799897432327 0.044599998742341995
0 0.6833549737930298 0.09954000264406204 0.03305000066757202 0.04035399854183197
