0 0.4942219853401184 0.26840800046920776 0.07759200036525726 0.0902239978313446
0 0.19415998458862305 0.5893719792366028 0.0832659974694252 0.09952300041913986
0 0.31160199642181396 0.5842310190200806 0.08032900094985962 0.09292499721050262
0 0.5975109934806824 0.26683399081230164 0.0850749984383583 0.10142000019550323
0 0.5062429904937744 0.8428940176963806 0.0880580022931099 0.10477700084447861
0 0.4031410217285156 0.5993469953536987 0.07462900131940842 0.08833900094032288
0 0.2791000008583069 0.9563530087471008 0.0829240009188652 0.08729500323534012
0 0.474789023399353 0.9400870203971863 0.08822400122880936 0.11073599755764008
0 0.16973000764846802 0.9135419726371765 0.08369600027799606 0.10407800227403641
0 0.6584060192108154 0.3123930096626282 0.07436899840831757 0.09027200192213058
0 0.16853898763656616 0.6654769778251648 0.0633459985256195 0.07549499720335007
0 0.21672701835632324 0.665244996547699 0.06592699885368347 0.08972000330686569
0 0.06118202209472656 0.7370859980583191 0.04633200168609619 0.05213300138711929
0 0.54613196849823 0.25412601232528687 0.07484500110149384 0.09805800020694733
0 0.6855770349502563 0.2359910011291504 0.06705400347709656 0.08130799978971481
0 0.17288100719451904 0.8442299962043762 0.06165999919176102 0.08188100159168243
0 0.01380002498626709 0.8583940267562866 0.027243999764323235 0.06462600082159042
0 0.010029017925262451 0.25453901290893555 0.020058000460267067 0.09056200087070465
0 0.2761710286140442 0.3486579954624176 0.10072000324726105 0.1048550009727478
