0 0.7110979557037354 0.430743008852005 0.054666001349687576 0.06608299911022186
0 0.767037034034729 0.41661399602890015 0.05352799966931343 0.06425599753856659
0 0.5759760141372681 0.3953239917755127 0.041558001190423965 0.05021499842405319
0 0.8330379724502563 0.8915879726409912 0.04963500052690506 0.06050200015306473
0 0.810662031173706 0.7752050161361694 0.051711998879909515 0.06673900038003922
0 0.7500500082969666 0.4610069990158081 0.0499969981610775 0.05785999819636345
0 0.27844202518463135 0.026427999138832092 0.049421001225709915 0.052345000207424164
0 0.8259379863739014 0.44262999296188354 0.04755600169301033 0.0578560009598732
0 0.8528729677200317 0.7069910168647766 0.0516199991106987 0.0651170015335083
0 0.9807950258255005 0.6392580270767212 0.037438999861478806 0.07398100197315216
0 0.8235419988632202 0.37318700551986694 0.04994000121951103 0.06681100279092789
0 0.8151429891586304 0.28664499521255493 0.04680100083351135 0.059905000030994415
0 0.9915509819984436 0.7679550051689148 0.015576000325381756 0.07403299957513809
0 0.7819010019302368 0.36834800243377686 0.0414390005171299 0.0519229993224144
0 0.00568699836730957 0.27048900723457336 0.011373000219464302 0.047752998769283295
