0 0.8572679758071899 0.3305650055408478 0.07017599791288376 0.0842600017786026
0 0.7650430202484131 0.21400399506092072 0.06855399906635284 0.08435700088739395
0 0.2923809885978699 0.17940300703048706 0.05038899928331375 0.05816999822854996
0 0.8485170006752014 0.2537260055541992 0.06622199714183807 0.07816900312900543
0 0.8827660083770752 0.5605440139770508 0.057307999581098557 0.07263100147247314
0 0.5229089856147766 0.912755012512207 0.048151999711990356 0.06027999892830849
0 0.8485239744186401 0.709775984287262 0.057565998286008835 0.07226400077342987
0 0.8919190168380737 0.4980120062828064 0.0548119992017746 0.06648299843072891
0 0.31758999824523926 0.820792019367218 0.04232199862599373 0.05750200152397156
0 0.5529569983482361 0.8863909840583801 0.050227999687194824 0.06198799982666969
0 0.47609901428222656 0.061129000037908554 0.04944400116801262 0.06070699915289879
0 0.3437889814376831 0.8405410051345825 0.04250499978661537 0.05493300035595894
0 0.9463509917259216 0.667497992515564 0.05175099894404411 0.06290499866008759
0 0.7969080209732056 0.3294520080089569 0.06256599724292755 0.07929400354623795
0 0.9573850035667419 0.34600600600242615 0.05766500160098076 0.07354199886322021
0 0.3867179751396179 0.11809299886226654 0.051516998559236526 0.061135001480579376
0 0.45925700664520264 0.9067419767379761 0.04641500115394592 0.058632999658584595
0 0.5287039875984192 0.3474999964237213 0.05208100005984306 0.06310699880123138
0 0.4932209849357605 0.6272510290145874 0.04787899926304817 0.05923600122332573
0 0.2719089984893799 0.3070099949836731 0.05101500079035759 0.06131599843502045
0 0.5652849674224854 0.30674898624420166 0.04800499975681305 0.060509998351335526
0 0.5358890295028687 0.037094999104738235 0.052358001470565796 0.0633620023727417
0 0.8386899828910828 0.5671210289001465 0.052397001534700394 0.07049000263214111
0 0.8342000246047974 0.4791930019855499 0.06121699884533882 0.06967300176620483
0 0.46240198612213135 0.11263900250196457 0.047405000776052475 0.05926699936389923
0 0.6911939978599548 0.5109260082244873 0.04841500148177147 0.06252700090408325
0 0.6053619980812073 0.9027820229530334 0.04527299851179123 0.06340499967336655
0 0.6675959825515747 0.2003750056028366 0.060669999569654465 0.07345300167798996
0 0.893921971321106 0.9792420268058777 0.059411000460386276 0.04065600037574768
0 0.6163240075111389 0.6839410066604614 0.05076799914240837 0.06391599774360657
0 0.975678026676178 0.304980993270874 0.04864399880170822 0.06463299691677094
0 0.6049660444259644 0.9155480265617371 0.0497869998216629 0.06522999703884125
0 0.11806601285934448 0.5698230266571045 0.04973800107836723 0.059932999312877655
0 0.5969979763031006 0.24478000402450562 0.05379199981689453 0.07164199650287628
0 0.4428650140762329 0.030612999573349953 0.04838300123810768 0.05949399992823601
0 0.5809990167617798 0.05084900185465813 0.05100400000810623 0.05743499845266342
0 0.5274760127067566 0.2855510115623474 0.04999599978327751 0.05899199843406677
0 0.7623729705810547 0.7284380197525024 0.06046599894762039 0.07535599917173386
0 0.04415100812911987 0.792497992515564 0.04704400151968002 0.059014998376369476
0 0.42644202709198 0.11178000271320343 0.04437800124287605 0.062421999871730804
0 0.5030319690704346 0.17999599874019623 0.0556039996445179 0.06655699759721756
0 0.6777049899101257 0.65584397315979 0.050416000187397 0.06416299939155579
0 0.0448799729347229 0.5392709970474243 0.05623999983072281 0.06743399798870087
0 0.02229297161102295 0.2621240019798279 0.04086500033736229 0.058827001601457596
0 0.5590380430221558 0.17852100729942322 0.0509909987449646 0.06403200328350067
0 0.02063000202178955 0.7569670081138611 0.0412600003182888 0.057617999613285065
0 0.240136981010437 0.2715829908847809 0.04542199894785881 0.05371899902820587
0 0.9296020269393921 0.33422601222991943 0.048183999955654144 0.06949099898338318
0 0.27715301513671875 0.22917799651622772 0.05032699927687645 0.06095099821686745
0 0.5826190114021301 0.013935999944806099 0.05834599956870079 0.027871999889612198
0 0.04760301113128662 0.5805540084838867 0.04812299832701683 0.04625999927520752
0 0.5739970207214355 0.24091599881649017 0.056488998234272 0.06753700226545334
0 0.7809399962425232 0.24188999831676483 0.06260299682617188 0.07547400146722794
0 0.7648459672927856 0.6591619849205017 0.052274998277425766 0.06893199682235718
