2 0.25046998262405396 0.6378380060195923 0.06555700302124023 0.08912800252437592
0 0.4913570284843445 0.4159969985485077 0.04853900149464607 0.06016400083899498
0 0.5705159902572632 0.9366949796676636 0.053929999470710754 0.06414899975061417
2 0.05706101655960083 0.7137330174446106 0.08668799698352814 0.10734599828720093
2 0.3161829710006714 0.6584500074386597 0.06716500222682953 0.08770500123500824
0 0.614827036857605 0.9350749850273132 0.05211300030350685 0.060846999287605286
2 0.2370309829711914 0.3759540021419525 0.07214599847793579 0.09136400371789932
2 0.2190679907798767 0.1350259929895401 0.07377000153064728 0.09110599756240845
0 0.40973198413848877 0.8494799733161926 0.04947600141167641 0.06280499696731567
1 0.32944297790527344 0.3903050124645233 0.07514400035142899 0.0853390023112297
2 0.2883809804916382 0.5319910049438477 0.070203997194767 0.09678799659013748
0 0.875868022441864 0.9109950065612793 0.13378900289535522 0.1512179970741272
0 0.2940000295639038 0.2986780107021332 0.05311800166964531 0.08062099665403366
2 0.38157397508621216 0.8051220178604126 0.051447998732328415 0.06277099996805191
1 0.2845190167427063 0.531578004360199 0.06717699766159058 0.10208500176668167
0 0.2666879892349243 0.14447900652885437 0.06370799988508224 0.08073700219392776
2 0.0420529842376709 0.6341570019721985 0.08132900297641754 0.09056100249290466
1 0.3261820077896118 0.49220699071884155 0.06998699903488159 0.08025000244379044
0 0.051068007946014404 0.8716970086097717 0.05822400003671646 0.07646100223064423
