2 0.9295009970664978 0.2903609871864319 0.0711819976568222 0.08848699927330017
2 0.656794011592865 0.2277669906616211 0.053272001445293427 0.07331100106239319
2 0.43418198823928833 0.5870200395584106 0.05936200171709061 0.08445300161838531
2 0.506542980670929 0.655580997467041 0.05534600093960762 0.08050700277090073
2 0.6490020155906677 0.9104710221290588 0.06852299720048904 0.08123599737882614
2 0.7786369919776917 0.8723800182342529 0.06817799806594849 0.08435200154781342
2 0.7742869853973389 0.9425730109214783 0.060655999928712845 0.07399500161409378
2 0.9796789884567261 0.2990890145301819 0.04064200073480606 0.1041330024600029
2 0.9849410057067871 0.2963600158691406 0.030117999762296677 0.09869299829006195
2 0.36881300806999207 0.9877110123634338 0.05747799947857857 0.024305999279022217
2 0.7575089931488037 0.818073034286499 0.056999001652002335 0.06924699991941452
2 0.975426971912384 0.30787402391433716 0.043382998555898666 0.08925099670886993
2 0.670225977897644 0.9086620211601257 0.06575100123882294 0.08515699952840805
2 0.7199180126190186 0.8916260004043579 0.04275999963283539 0.06762100011110306
