1 0.4641999900341034 0.2944049835205078 0.06543699651956558 0.08095499873161316
1 0.417248010635376 0.3249800205230713 0.06232900172472 0.08971799910068512
1 0.09856300055980682 0.790956974029541 0.05889200046658516 0.07590900361537933
1 0.07014399766921997 0.8595759868621826 0.05611500144004822 0.07607199996709824
1 0.07129699736833572 0.9030159711837769 0.06408800184726715 0.07711700350046158
1 0.458202987909317 0.36809998750686646 0.06509499996900558 0.07601100206375122
1 0.17996400594711304 0.4342859983444214 0.056735001504421234 0.08693499863147736
1 0.23834900557994843 0.3861290216445923 0.06497099995613098 0.08651900291442871
1 0.6713209748268127 0.9729490280151367 0.04307600110769272 0.04583299905061722
1 0.6678329706192017 0.9811180233955383 0.0487929992377758 0.035399001091718674
