2 0.9147909879684448 0.43477898836135864 0.03144099935889244 0.041071001440286636
2 0.9303860068321228 0.46727699041366577 0.03161599859595299 0.03848300129175186
2 0.7335969805717468 0.02765202522277832 0.04250499978661537 0.04833399876952171
2 0.6874769926071167 0.01760697364807129 0.03855299949645996 0.03521500155329704
2 0.8714789748191833 0.9761199951171875 0.04077500104904175 0.04625599831342697
2 0.507427990436554 0.27529197931289673 0.028392000123858452 0.03645100072026253
2 0.3805679976940155 0.4755629897117615 0.023283999413251877 0.031036999076604843
2 0.5307499766349792 0.9549340009689331 0.027039000764489174 0.03648800030350685
2 0.258762001991272 0.4368389844894409 0.02436799928545952 0.031644999980926514
2 0.5176699757575989 0.9254159927368164 0.02485400065779686 0.031596001237630844
2 0.5613070130348206 0.30671197175979614 0.026228999719023705 0.035238999873399734
2 0.5386599898338318 0.31511902809143066 0.024271000176668167 0.03577699884772301
2 0.9295589923858643 0.5567269921302795 0.032676998525857925 0.04104100167751312
2 0.5835769772529602 0.528423011302948 0.024090999737381935 0.030659999698400497
2 0.20852799713611603 0.5508430004119873 0.021505000069737434 0.02583100087940693
2 0.590565025806427 0.6180540323257446 0.024985000491142273 0.032016001641750336
2 0.9048519730567932 0.4967529773712158 0.02788499929010868 0.03408600017428398
2 0.05176499858498573 0.33218497037887573 0.032554998993873596 0.037310998886823654
2 0.4400930106639862 0.5069320201873779 0.023818999528884888 0.03032599948346615
2 0.8282380104064941 0.17825502157211304 0.024598000571131706 0.03158299997448921
2 0.7296199798583984 0.9096069931983948 0.029324999079108238 0.03715100139379501
2 0.4602549970149994 0.4400720000267029 0.022280000150203705 0.030093999579548836
2 0.34665799140930176 0.6242859959602356 0.02056499943137169 0.024153999984264374
2 0.27305400371551514 0.45341402292251587 0.02616799995303154 0.03148400038480759
1 0.443450003862381 0.6206300258636475 0.022298000752925873 0.030811000615358353
2 0.1462080031633377 0.43883901834487915 0.026050999760627747 0.02884400077164173
2 0.1887180060148239 0.3628529906272888 0.02472499944269657 0.028175000101327896
2 0.8777160048484802 0.48542898893356323 0.02646699920296669 0.032538000494241714
2 0.0787540003657341 0.3923580050468445 0.02297299914062023 0.029802000150084496
2 0.15364199876785278 0.6822980046272278 0.021455999463796616 0.027025999501347542
2 0.21400600671768188 0.9337769746780396 0.021389000117778778 0.02491600066423416
2 0.49066901206970215 0.9168440103530884 0.02227099984884262 0.02952899970114231
2 0.6803690195083618 0.6900379657745361 0.026450999081134796 0.030108999460935593
2 0.656665027141571 0.3150259852409363 0.028939999639987946 0.03528600186109543
2 0.39746901392936707 0.8913189768791199 0.021164000034332275 0.024548999965190887
2 0.5272200107574463 0.8951780200004578 0.025483999401330948 0.031074000522494316
2 0.08722099661827087 0.4481070041656494 0.02320599928498268 0.02816000021994114
2 0.22034800052642822 0.6883249878883362 0.02280700020492077 0.027855999767780304
2 0.07907400280237198 0.34113597869873047 0.03064900077879429 0.03709999844431877
