0 0.07694800198078156 0.9485909938812256 0.06595200300216675 0.09148699790239334
0 0.9774399995803833 0.8164060115814209 0.0351330004632473 0.04467200115323067
0 0.5357530117034912 0.20423102378845215 0.04453200101852417 0.056248001754283905
0 0.720736026763916 0.854000985622406 0.042803000658750534 0.05424800142645836
0 0.7291460037231445 0.805732011795044 0.04024900123476982 0.048677001148462296
0 0.22129499912261963 0.7827849984169006 0.05409200116991997 0.07107900083065033
0 0.6434109807014465 0.11028599739074707 0.04554399847984314 0.05933099985122681
0 0.6457430124282837 0.861935019493103 0.03907499834895134 0.04775800183415413
0 0.5214660167694092 0.23178797960281372 0.045756999403238297 0.05524500086903572
0 0.5682790279388428 0.25543999671936035 0.04354500025510788 0.05718100070953369
0 0.026883000507950783 0.3676679730415344 0.051913999021053314 0.07288099825382233
0 0.9317070245742798 0.9386540055274963 0.037365999072790146 0.04808500036597252
0 0.9628009796142578 0.8979309797286987 0.04114000126719475 0.05723800137639046
0 0.7113369703292847 0.771183967590332 0.039840999990701675 0.04844199866056442
0 0.6897559762001038 0.9764729738235474 0.04021599888801575 0.047054000198841095
0 0.8629720211029053 0.9104920029640198 0.04057599976658821 0.0529480017721653
0 0.11801200360059738 0.6014779806137085 0.05392000079154968 0.06955400109291077
0 0.11574900150299072 0.9822850227355957 0.06409499794244766 0.03542900085449219
0 0.4732300043106079 0.9155210256576538 0.053578998893499374 0.05741100013256073
0 0.10749399662017822 0.9772220253944397 0.06911599636077881 0.04555699974298477
