2 0.14911499619483948 0.5007699728012085 0.04197699949145317 0.05511400103569031
2 0.3780960142612457 0.040094971656799316 0.05048900097608566 0.06626299768686295
2 0.9032279849052429 0.5880590081214905 0.0509909987449646 0.06761699914932251
2 0.34390199184417725 0.6072649955749512 0.047249000519514084 0.060120999813079834
2 0.41242900490760803 0.06623899936676025 0.04871099814772606 0.06523200124502182
2 0.3253929913043976 0.8436149954795837 0.04292599856853485 0.056866999715566635
2 0.8334619998931885 0.4489619731903076 0.049633000046014786 0.06208299845457077
2 0.11714500188827515 0.5233449935913086 0.04605500027537346 0.06163499876856804
2 0.8948699831962585 0.4730769991874695 0.05031999945640564 0.06631799787282944
2 0.24835200607776642 0.847694993019104 0.043372999876737595 0.055670998990535736
2 0.9310449957847595 0.49294400215148926 0.051885999739170074 0.0634320005774498
2 0.33544400334358215 0.7907000184059143 0.04139300063252449 0.06303399801254272
2 0.5684599876403809 0.5292680263519287 0.04825799912214279 0.06287600100040436
2 0.8358420133590698 0.4996330142021179 0.05006999894976616 0.060846999287605286
2 0.8728939890861511 0.40263599157333374 0.04799899831414223 0.061021000146865845
2 0.5818560123443604 0.5100420117378235 0.04735599830746651 0.05157199874520302
2 0.33439400792121887 0.9904509782791138 0.05127900093793869 0.01909700036048889
2 0.29259398579597473 0.8516550064086914 0.04465299844741821 0.05480000004172325
2 0.1419849991798401 0.6218639612197876 0.04045100137591362 0.05639899894595146
2 0.2885259985923767 0.989611029624939 0.05051099881529808 0.020778000354766846
2 0.2983120083808899 0.9865019917488098 0.04984400048851967 0.026996999979019165
2 0.8485280275344849 0.37681400775909424 0.04422900080680847 0.05863099917769432
2 0.11319000273942947 0.6149159669876099 0.03951599821448326 0.05224199965596199
1 0.9259949922561646 0.15778100490570068 0.04977099969983101 0.05693100020289421
2 0.5413879752159119 0.030079007148742676 0.04903599992394447 0.05558200180530548
2 0.080595001578331 0.7361209988594055 0.04388200119137764 0.05384200066328049
