0 0.3613640069961548 0.5747590065002441 0.04964900016784668 0.06322000175714493
0 0.2748120129108429 0.45485299825668335 0.049883000552654266 0.06313999742269516
0 0.3607749938964844 0.49059897661209106 0.04818100109696388 0.05885399878025055
0 0.019298000261187553 0.9597399830818176 0.038596998900175095 0.045837000012397766
0 0.4449230134487152 0.5502820014953613 0.05162400007247925 0.06847099959850311
0 0.46883198618888855 0.6526919603347778 0.048590000718832016 0.06165299937129021
0 0.04304699972271919 0.08012300729751587 0.04493499919772148 0.05473100021481514
0 0.39332300424575806 0.6904450058937073 0.051874998956918716 0.05404600128531456
0 0.2624399960041046 0.957660973072052 0.03827099874615669 0.04357900097966194
0 0.3862749934196472 0.5500670075416565 0.056954000145196915 0.06598299741744995
0 0.3251729905605316 0.9073749780654907 0.03590000048279762 0.04285699874162674
