0 0.6178290247917175 0.5640909671783447 0.050624001771211624 0.06045199930667877
0 0.840703010559082 0.9264839887619019 0.04559599980711937 0.05963600054383278
0 0.5383110046386719 0.605006992816925 0.05006499961018562 0.05747099965810776
0 0.6277790069580078 0.9374729990959167 0.04191499948501587 0.050905998796224594
0 0.05561500042676926 0.7070620059967041 0.038809001445770264 0.04824899882078171
0 0.5158720016479492 0.9708089828491211 0.03875400125980377 0.04848499968647957
0 0.8680469989776611 0.42185401916503906 0.06734500080347061 0.08138299733400345
0 0.030768999829888344 0.6033589839935303 0.03719500079751015 0.041767001152038574
0 0.3826029896736145 0.4540950059890747 0.040300000458955765 0.052629999816417694
0 0.799170970916748 0.9558740258216858 0.05014299973845482 0.06308300048112869
0 0.3980660140514374 0.9787999987602234 0.04088800027966499 0.042399998754262924
0 0.5648810267448425 0.33078598976135254 0.04755700007081032 0.05958100035786629
0 0.05083400011062622 0.364529013633728 0.037043001502752304 0.044126998633146286
0 0.44742199778556824 0.058641016483306885 0.04434899985790253 0.056276001036167145
0 0.4953410029411316 0.5711010098457336 0.043209001421928406 0.05428000167012215
0 0.3560650050640106 0.868694007396698 0.036240000277757645 0.0449180006980896
0 0.5352619886398315 0.8841279745101929 0.039145998656749725 0.04802199825644493
0 0.4434159994125366 0.43809497356414795 0.04218199849128723 0.05592399835586548
0 0.7468370199203491 0.965021014213562 0.04668499901890755 0.060189999639987946
0 0.827364981174469 0.6413829922676086 0.052156999707221985 0.06106200069189072
0 0.026280999183654785 0.54169100522995 0.036024998873472214 0.04723399877548218
0 0.40065398812294006 0.40137702226638794 0.0420290008187294 0.05238800123333931
0 0.6499069929122925 0.8874579668045044 0.038722001016139984 0.04911400005221367
0 0.4200420081615448 0.46602100133895874 0.0437219999730587 0.048565998673439026
0 0.9274920225143433 0.372963011264801 0.06076100096106529 0.06764400005340576
0 0.4351550042629242 0.9393249750137329 0.03667699918150902 0.05010800063610077
0 0.4782629907131195 0.45191800594329834 0.043234001845121384 0.05752800032496452
0 0.02609100006520748 0.6467199921607971 0.033580001443624496 0.045274000614881516
0 0.575547993183136 0.5169060230255127 0.045823998749256134 0.05452800169587135
0 0.5253080129623413 0.5564930438995361 0.04026700183749199 0.05351400002837181
0 0.6817299723625183 0.9655709862709045 0.04402599856257439 0.05325600132346153
0 0.9259539842605591 0.33012497425079346 0.05737999826669693 0.06231699883937836
0 0.385466992855072 0.7080450057983398 0.04131300002336502 0.04988500103354454
0 0.4279809892177582 0.024613022804260254 0.03930800035595894 0.046769000589847565
0 0.571025013923645 0.5653560161590576 0.047370001673698425 0.05477000027894974
0 0.6886789798736572 0.9615030288696289 0.053355999290943146 0.058483000844717026
0 0.5021679997444153 0.4130139946937561 0.03819900006055832 0.049293000251054764
0 0.38242799043655396 0.015680015087127686 0.052549999207258224 0.0313589982688427
0 0.14985300600528717 0.9753829836845398 0.03497200086712837 0.04484499990940094
0 0.45813900232315063 0.7807570099830627 0.038405001163482666 0.04692700132727623
0 0.4142639935016632 0.780413031578064 0.033904001116752625 0.039831001311540604
0 0.4049209952354431 0.807083010673523 0.036256998777389526 0.04237699881196022
0 0.00752299977466464 0.6669399738311768 0.014324000105261803 0.04763299971818924
0 0.5616779923439026 0.8920369744300842 0.037036001682281494 0.04843199998140335
0 0.13077199459075928 0.9147239923477173 0.03746600076556206 0.048542000353336334
0 0.19473500549793243 0.9890580177307129 0.04165099933743477 0.02188500016927719
2 0.9787449836730957 0.10458898544311523 0.04239799827337265 0.14269399642944336
1 0.9783220291137695 0.11093801259994507 0.04335499927401543 0.13767799735069275
0 0.009327000007033348 0.7502409815788269 0.01865299977362156 0.06386999785900116
