0 0.8982279896736145 0.370169997215271 0.05172000080347061 0.06182499974966049
0 0.9286209940910339 0.16211700439453125 0.05761700123548508 0.06903199851512909
0 0.941690981388092 0.5330550074577332 0.0640769973397255 0.07644999772310257
0 0.9502819776535034 0.6002260446548462 0.06273899972438812 0.07037000358104706
0 0.9052590131759644 0.3140159845352173 0.05669400095939636 0.06959900259971619
0 0.4954499900341034 0.6117919683456421 0.06949999928474426 0.08817599713802338
0 0.7296199798583984 0.9409729838371277 0.06008100137114525 0.07427699863910675
0 0.12055400013923645 0.33577901124954224 0.04556199908256531 0.057461999356746674
0 0.42792901396751404 0.6490490436553955 0.06523700058460236 0.0859299972653389
0 0.9527570009231567 0.38233697414398193 0.05633300170302391 0.06747700273990631
0 0.947143018245697 0.3043249845504761 0.047901999205350876 0.0682160034775734
0 0.48100200295448303 0.7521539926528931 0.06518600136041641 0.07298000156879425
0 0.8445950150489807 0.5147759914398193 0.05292399972677231 0.06585799902677536
0 0.43284401297569275 0.4703500270843506 0.061087001115083694 0.07318700104951859
0 0.8252040147781372 0.553007960319519 0.05515899881720543 0.0676560029387474
0 0.2939009964466095 0.35485202074050903 0.06102199852466583 0.07075999677181244
0 0.5635579824447632 0.6794390082359314 0.06466399878263474 0.07710099965333939
0 0.4150640070438385 0.7344980239868164 0.06308799982070923 0.07642100006341934
0 0.1470939964056015 0.8519610166549683 0.04503300040960312 0.05291600152850151
0 0.30153098702430725 0.2953450083732605 0.06636200100183487 0.08113700151443481
0 0.35390201210975647 0.8917919993400574 0.060798000544309616 0.0634939968585968
0 0.790736973285675 0.9749410152435303 0.061448000371456146 0.049192000180482864
0 0.8402360081672668 0.9799519777297974 0.05307300016283989 0.040095001459121704
0 0.9848150014877319 0.5282959938049316 0.028989000245928764 0.07644300162792206
0 0.8342810273170471 0.20620501041412354 0.04258500039577484 0.05874300003051758
0 0.34582000970840454 0.32752400636672974 0.05250899866223335 0.07019399851560593
0 0.3722369968891144 0.40690797567367554 0.06195700168609619 0.0726969987154007
0 0.48054200410842896 0.680774986743927 0.05816600099205971 0.06999000161886215
0 0.7097240090370178 0.8500310182571411 0.05451599881052971 0.06591299921274185
0 0.29733899235725403 0.06820499897003174 0.1555970013141632 0.13640999794006348
0 0.7021430134773254 0.8043649792671204 0.056699998676776886 0.0587799996137619
0 0.4977850019931793 0.5216670036315918 0.052604999393224716 0.06142900139093399
