0 0.5526419878005981 0.3740389943122864 0.039342001080513 0.05035800114274025
0 0.48599401116371155 0.3320559859275818 0.03731200098991394 0.047793999314308167
0 0.2317650020122528 0.8107960224151611 0.04267700016498566 0.052476998418569565
0 0.824774980545044 0.2906299829483032 0.038568999618291855 0.04947400093078613
0 0.8323469758033752 0.044448018074035645 0.039007000625133514 0.05345600098371506
0 0.022394999861717224 0.9106119871139526 0.03275400027632713 0.04063599929213524
0 0.49498099088668823 0.27191901206970215 0.0385419987142086 0.04773399978876114
0 0.8697419762611389 0.31258898973464966 0.037960998713970184 0.04809299856424332
0 0.1898770034313202 0.6028349995613098 0.03839600086212158 0.04637699946761131
0 0.4657750129699707 0.3029699921607971 0.0348300002515316 0.047832001000642776
0 0.8035929799079895 0.07326900959014893 0.03731200098991394 0.05230500176548958
0 0.7972990274429321 0.337568998336792 0.04262800142168999 0.05159199982881546
0 0.2003760039806366 0.672044038772583 0.03847400099039078 0.04723900184035301
0 0.6098020076751709 0.2578880190849304 0.04430000111460686 0.056575000286102295
0 0.18680499494075775 0.47651398181915283 0.038051001727581024 0.04957199841737747
0 0.5376160144805908 0.2955089807510376 0.04046899825334549 0.051297999918460846
0 0.9048240184783936 0.21580398082733154 0.03763600066304207 0.049469999969005585
0 0.3779520094394684 0.8253390192985535 0.03615599870681763 0.04801600053906441
0 0.13817599415779114 0.5243630409240723 0.03783499822020531 0.05112199857831001
0 0.024063000455498695 0.8293200135231018 0.030887000262737274 0.038906000554561615
0 0.2015029937028885 0.5632150173187256 0.037174999713897705 0.04227299988269806
0 0.35159599781036377 0.8588730096817017 0.03819400072097778 0.04776199907064438
0 0.24732999503612518 0.0913429856300354 0.03657500073313713 0.044022999703884125
0 0.10655699670314789 0.7733820080757141 0.03884600102901459 0.04542199894785881
0 0.0416020005941391 0.6861109733581543 0.04171400144696236 0.05321599915623665
0 0.36522701382637024 0.9018740057945251 0.03860900178551674 0.04589200019836426
0 0.9850540161132812 0.21260398626327515 0.029891999438405037 0.047290001064538956
0 0.21420599520206451 0.280875027179718 0.03771299868822098 0.04604699835181236
0 0.37343600392341614 0.6969419717788696 0.03640199825167656 0.04775900021195412
0 0.3016529977321625 0.3199859857559204 0.030484000220894814 0.041381001472473145
0 0.12134499847888947 0.5379379987716675 0.03614100068807602 0.04854299873113632
0 0.35956600308418274 0.7940070033073425 0.03933100029826164 0.04938000068068504
0 0.04152899980545044 0.7859939932823181 0.03245500102639198 0.03784099966287613
0 0.0826530009508133 0.6882179975509644 0.03736500069499016 0.04508600011467934
0 0.45618200302124023 0.49142998456954956 0.036570001393556595 0.04628799855709076
0 0.12018200010061264 0.455968976020813 0.03823399916291237 0.04955599829554558
0 0.27987098693847656 0.316536009311676 0.02774300053715706 0.04135800153017044
0 0.21002300083637238 0.02406299114227295 0.03454999998211861 0.042725998908281326
0 0.30768099427223206 0.5886330008506775 0.03534499928355217 0.0454460009932518
0 0.4908599853515625 0.6841219663619995 0.03357600048184395 0.040810998529195786
0 0.20779700577259064 0.6285480260848999 0.04088100045919418 0.044461000710725784
0 0.5732979774475098 0.32654500007629395 0.041039999574422836 0.04942400008440018
0 0.5354520082473755 0.16356098651885986 0.04147600010037422 0.05402899906039238
0 0.4870690107345581 0.5760689973831177 0.03385699912905693 0.04607800021767616
0 0.15348699688911438 0.46189600229263306 0.036823999136686325 0.04990300163626671
0 0.4576660096645355 0.6218309998512268 0.039507001638412476 0.04997299984097481
0 0.6646149754524231 0.3486959934234619 0.04423400014638901 0.051288001239299774
0 0.8283860087394714 0.051957011222839355 0.04063199833035469 0.0594400018453598
0 0.18069599568843842 0.011327981948852539 0.03657900169491768 0.022655999287962914
0 0.8332780003547668 0.8233500123023987 0.038472000509500504 0.04633599892258644
0 0.8648660182952881 0.9826629757881165 0.030027000233530998 0.03331800177693367
0 0.024821000173687935 0.767266035079956 0.02918899990618229 0.04013099893927574
0 0.008256999775767326 0.8096849918365479 0.015951000154018402 0.045343998819589615
0 0.5744730234146118 0.5842800140380859 0.03884100168943405 0.047091998159885406
0 0.7632420063018799 0.12139099836349487 0.03566800057888031 0.05132700130343437
0 0.27485400438308716 0.12584799528121948 0.03220999985933304 0.04063799977302551
