0 0.7082329988479614 0.7633830308914185 0.04966599866747856 0.05927899852395058
0 0.5183669924736023 0.10250198841094971 0.04548399895429611 0.06377000361680984
0 0.0897739976644516 0.8514519929885864 0.050957001745700836 0.05595500022172928
0 0.9069650173187256 0.18436801433563232 0.04253099858760834 0.05438299849629402
0 0.6271820068359375 0.8312079906463623 0.044833000749349594 0.05731600150465965
0 0.5186820030212402 0.15679901838302612 0.04779199883341789 0.05999099835753441
0 0.8632040023803711 0.19321197271347046 0.04547100141644478 0.05854799970984459
0 0.6651560068130493 0.9660589694976807 0.046863000839948654 0.05858200043439865
0 0.4869599938392639 0.702847957611084 0.05070799961686134 0.05788400024175644
0 0.9814350008964539 0.8727859854698181 0.037129998207092285 0.05778700113296509
0 0.8855419754981995 0.2624260187149048 0.04054500162601471 0.04553300142288208
0 0.05820700153708458 0.777309000492096 0.046971000730991364 0.05496399849653244
0 0.7226769924163818 0.817721962928772 0.05077400058507919 0.05989199876785278
0 0.580731987953186 0.007413029670715332 0.04686399921774864 0.014050000347197056
