0 0.6619970202445984 0.8164520263671875 0.08075399696826935 0.10062900185585022
2 0.7988629937171936 0.9659389853477478 0.10083699971437454 0.068122997879982
2 0.6344590187072754 0.4109309911727905 0.07191299647092819 0.09617599844932556
2 0.5862500071525574 0.2315250039100647 0.07305099815130234 0.0979439988732338
0 0.4330269992351532 0.4401819705963135 0.05418200045824051 0.06636299937963486
2 0.823544979095459 0.06977897882461548 0.07561200112104416 0.10178499668836594
2 0.5349349975585938 0.2624650001525879 0.07012200355529785 0.08932700008153915
2 0.6073790192604065 0.6384949684143066 0.08234699815511703 0.10593999922275543
2 0.5647649765014648 0.03285801410675049 0.05757699906826019 0.060819000005722046
2 0.6873419880867004 0.5013090372085571 0.06918399780988693 0.10099700093269348
2 0.6345270276069641 0.11982399225234985 0.06969500333070755 0.09535499662160873
0 0.24529699981212616 0.2536579966545105 0.08208499848842621 0.10359299927949905
2 0.5655549764633179 0.10544997453689575 0.06637000292539597 0.08869300037622452
