0 0.8627179861068726 0.25745201110839844 0.06502500176429749 0.07353399693965912
0 0.09166499972343445 0.6350399851799011 0.049775999039411545 0.05672600120306015
0 0.5683050155639648 0.12039798498153687 0.05992100015282631 0.07241100072860718
0 0.1416040062904358 0.9569439888000488 0.05245799943804741 0.05931200087070465
0 0.9517509937286377 0.6646109819412231 0.06730400025844574 0.07564400136470795
0 0.4703490138053894 0.18800902366638184 0.05399800091981888 0.06407299637794495
0 0.1268559992313385 0.7518180012702942 0.0506259985268116 0.06047999858856201
0 0.6767640113830566 0.25801098346710205 0.054524000734090805 0.062123000621795654
0 0.7230790257453918 0.3180599808692932 0.059741001576185226 0.06769400089979172
0 0.09571299701929092 0.7612339854240417 0.0458809994161129 0.056154001504182816
0 0.7224820256233215 0.13039499521255493 0.0721530020236969 0.09144800156354904
0 0.5513290166854858 0.32267600297927856 0.059693001210689545 0.06710299849510193
0 0.44383999705314636 0.7322480082511902 0.056800998747348785 0.06680800020694733
