2 0.6056579947471619 0.48302197456359863 0.05165199935436249 0.06416700035333633
2 0.558551013469696 0.33959197998046875 0.05964500084519386 0.06975600123405457
2 0.1483439952135086 0.355508029460907 0.05702200159430504 0.07094000279903412
2 0.6407819986343384 0.8609049916267395 0.041731998324394226 0.044833000749349594
2 0.4043619930744171 0.9347779750823975 0.04009399935603142 0.05297200009226799
2 0.08666100353002548 0.32873600721359253 0.05774400010704994 0.07133600115776062
2 0.3848100006580353 0.8904030323028564 0.04102500155568123 0.05520100146532059
2 0.5562959909439087 0.48183101415634155 0.04652699828147888 0.05969399958848953
2 0.6578630208969116 0.9374799728393555 0.03211300075054169 0.04984999820590019
2 0.3560999929904938 0.5999690294265747 0.03159699961543083 0.03799600154161453
2 0.44483301043510437 0.27345097064971924 0.046661000698804855 0.05339900031685829
2 0.3718099892139435 0.9731839895248413 0.0332770012319088 0.04119399935007095
2 0.41651201248168945 0.12595802545547485 0.03763100132346153 0.055309999734163284
1 0.2961370050907135 0.5240210294723511 0.032628998160362244 0.043219998478889465
2 0.33397600054740906 0.9491779804229736 0.039108000695705414 0.05436199903488159
