2 0.03059300035238266 0.6936259865760803 0.05372999981045723 0.06792899966239929
2 0.08957099914550781 0.7486419677734375 0.050234999507665634 0.06833799928426743
2 0.016824999824166298 0.5737869739532471 0.033649999648332596 0.07564300298690796
2 0.34922000765800476 0.14002197980880737 0.0327490009367466 0.04113899916410446
2 0.044408999383449554 0.774886965751648 0.05680299922823906 0.06953199952840805
2 0.4069960117340088 0.8499550223350525 0.052611999213695526 0.06553500145673752
2 0.39074400067329407 0.10106998682022095 0.03141000121831894 0.03988900035619736
2 0.8457120060920715 0.4984390139579773 0.042869001626968384 0.05313299968838692
2 0.6458489894866943 0.2095000147819519 0.04142000153660774 0.05652200058102608
2 0.8394740223884583 0.5505269765853882 0.039487000554800034 0.052241001278162
2 0.42443200945854187 0.795233964920044 0.0451200008392334 0.062780000269413
2 0.07868500053882599 0.3065659999847412 0.03469900041818619 0.04555800184607506
2 0.6528930068016052 0.9205269813537598 0.03065199963748455 0.03966100141406059
2 0.5444129705429077 0.24213600158691406 0.035672999918460846 0.0435900017619133
2 0.3623049855232239 0.12975800037384033 0.034170001745224 0.038339000195264816
2 0.5725550055503845 0.28471797704696655 0.0455080009996891 0.05420399829745293
2 0.5445060133934021 0.1967250108718872 0.0462459996342659 0.055351000279188156
2 0.8833439946174622 0.40514999628067017 0.03485799953341484 0.04482100158929825
2 0.8838599920272827 0.580327033996582 0.04247400164604187 0.05772100016474724
2 0.594914972782135 0.8373910188674927 0.03040199913084507 0.03786100074648857
2 0.9029390215873718 0.46765702962875366 0.0372299998998642 0.046897999942302704
2 0.5446299910545349 0.3049449920654297 0.0340070016682148 0.046980999410152435
2 0.5580390095710754 0.05568897724151611 0.048944998532533646 0.057844001799821854
2 0.922793984413147 0.5140140056610107 0.03934599831700325 0.04531100019812584
2 0.8643410205841064 0.4493970274925232 0.037516999989748 0.04945100098848343
2 0.8442559838294983 0.6229540109634399 0.03660000115633011 0.04603999853134155
2 0.47263801097869873 0.7746059894561768 0.026415999978780746 0.033583998680114746
2 0.5483480095863342 0.8396610021591187 0.024981999769806862 0.02986600063741207
1 0.0731860026717186 0.17670398950576782 0.035732999444007874 0.04058299958705902
2 0.23493100702762604 0.6607990264892578 0.02856599912047386 0.034237999469041824
2 0.9373599886894226 0.474498987197876 0.03229200094938278 0.04647200182080269
2 0.6075850129127502 0.22028297185897827 0.04080500081181526 0.05377599969506264
2 0.6882870197296143 0.2218000292778015 0.03750099986791611 0.048406001180410385
2 0.6154689788818359 0.7432169914245605 0.026823999360203743 0.0274640005081892
2 0.5638899803161621 0.8705869913101196 0.028728000819683075 0.0330980010330677
1 0.6072520017623901 0.22104501724243164 0.041416000574827194 0.05477999895811081
