0 0.3411189913749695 0.6597059965133667 0.04810300096869469 0.05998099967837334
0 0.4745349884033203 0.6009590029716492 0.050165001302957535 0.054297998547554016
0 0.6553980112075806 0.7300580143928528 0.04991700127720833 0.061746999621391296
0 0.7110689878463745 0.39409399032592773 0.05285000056028366 0.05640000104904175
0 0.2831679880619049 0.4655410051345825 0.04202000051736832 0.04559300094842911
0 0.5490679740905762 0.6683319807052612 0.04044700041413307 0.05000000074505806
0 0.08244899660348892 0.386339008808136 0.04285600036382675 0.05582699924707413
0 0.6913490295410156 0.5869160294532776 0.04981299862265587 0.05810600146651268
0 0.3262529969215393 0.6989399790763855 0.04327800124883652 0.050537001341581345
0 0.6588010191917419 0.5695639848709106 0.04615800082683563 0.05409599840641022
0 0.45062199234962463 0.3119490146636963 0.0442189984023571 0.05082499980926514
0 0.0822800025343895 0.27166301012039185 0.046261001378297806 0.06105399876832962
0 0.6672620177268982 0.5727390050888062 0.05654799938201904 0.05614800006151199
0 0.7428560256958008 0.07310699671506882 0.0425029993057251 0.04735900089144707
