1 0.838437020778656 0.8312609791755676 0.06414400041103363 0.0782419964671135
1 0.7946069836616516 0.8003129959106445 0.05997199937701225 0.0907440036535263
1 0.46381399035453796 0.23483699560165405 0.05735199898481369 0.07570400089025497
1 0.24416199326515198 0.29973700642585754 0.053137000650167465 0.07940399646759033
1 0.48751500248908997 0.33964401483535767 0.0598829984664917 0.07590699940919876
1 0.8355590105056763 0.7605500221252441 0.06445600092411041 0.07872699946165085
1 0.46196699142456055 0.27611398696899414 0.051141999661922455 0.06883999705314636
1 0.27491599321365356 0.2735559940338135 0.06142200157046318 0.08457600325345993
1 0.5587829947471619 0.6830250024795532 0.05726800113916397 0.08955100178718567
1 0.6089850068092346 0.7263290286064148 0.062359001487493515 0.07806599885225296
1 0.9777050018310547 0.12658999860286713 0.04374200105667114 0.05924300104379654
