2 0.9295009970664978 0.7096390128135681 0.0711819976568222 0.08848699927330017
2 0.656794011592865 0.7722330093383789 0.053272001445293427 0.07331100106239319
2 0.43418198823928833 0.41297999024391174 0.05936200171709061 0.08445300161838531
2 0.506542980670929 0.344419002532959 0.05534600093960762 0.08050700277090073
2 0.6490020155906677 0.08952900022268295 0.06852299720048904 0.08123599737882614
2 0.7786369919776917 0.12761999666690826 0.06817799806594849 0.08435200154781342
2 0.7742869853973389 0.057427000254392624 0.060655999928712845 0.07399500161409378
2 0.9796789884567261 0.7009109854698181 0.04064200073480606 0.1041330024600029
2 0.9849410057067871 0.7036399841308594 0.030117999762296677 0.09869299829006195
2 0.36881300806999207 0.012288999743759632 0.05747799947857857 0.024305999279022217
2 0.7575089931488037 0.18192699551582336 0.056999001652002335 0.06924699991941452
2 0.975426971912384 0.6921259760856628 0.043382998555898666 0.08925099670886993
2 0.670225977897644 0.09133800119161606 0.06575100123882294 0.08515699952840805
2 0.7199180126190186 0.10837399959564209 0.04275999963283539 0.06762100011110306
