0 0.9278410077095032 0.37339600920677185 0.11737299710512161 0.1464879959821701
0 0.13005800545215607 0.40955299139022827 0.09436699748039246 0.09843699634075165
0 0.4671179950237274 0.4799470007419586 0.034279000014066696 0.04504400119185448
0 0.4784170091152191 0.5397030115127563 0.03371100127696991 0.044155001640319824
0 0.5244060158729553 0.5372400283813477 0.0342090018093586 0.046980999410152435
0 0.48729199171066284 0.5954020023345947 0.03394300118088722 0.04343299940228462
0 0.9583359956741333 0.7615960240364075 0.08218999952077866 0.14205500483512878
0 0.5013610124588013 0.5563669800758362 0.03249799832701683 0.042796000838279724
0 0.5671150088310242 0.29498499631881714 0.032586999237537384 0.04144899919629097
0 0.6684749722480774 0.4214690029621124 0.09726200252771378 0.12377800047397614
0 0.4973050057888031 0.5519689917564392 0.03242199867963791 0.043056000024080276
