0 0.9145100116729736 0.1948540061712265 0.05737699940800667 0.06839299947023392
0 0.22356300055980682 0.754613995552063 0.05381999909877777 0.06292399764060974
0 0.5841829776763916 0.7193520069122314 0.05024300143122673 0.061590999364852905
0 0.03633100166916847 0.6451290249824524 0.05495300143957138 0.05982999876141548
0 0.25840499997138977 0.410861998796463 0.0496629998087883 0.057016998529434204
0 0.11935599893331528 0.7044320106506348 0.0464010015130043 0.05498800054192543
0 0.25213900208473206 0.6063070297241211 0.05123800039291382 0.06224999949336052
0 0.22199399769306183 0.591592013835907 0.05070900171995163 0.05755100026726723
0 0.6559500098228455 0.7180579900741577 0.04403200000524521 0.05562099814414978
0 0.33626800775527954 0.11986500024795532 0.04083700105547905 0.04912500083446503
0 0.9943349957466125 0.061990998685359955 0.011265999637544155 0.0722069963812828
0 0.994055986404419 0.15414200723171234 0.011842000298202038 0.0751269981265068
