2 0.9039430022239685 0.8296210169792175 0.0552310012280941 0.071212999522686
2 0.6331179738044739 0.400193989276886 0.0444520004093647 0.05883000046014786
2 0.8240129947662354 0.2522909939289093 0.04672599956393242 0.06233200058341026
2 0.9414929747581482 0.7992969751358032 0.05354899913072586 0.06844600290060043
2 0.5991100072860718 0.3804819881916046 0.04288899898529053 0.05910699814558029
2 0.16469700634479523 0.8195130228996277 0.036646001040935516 0.049633000046014786
2 0.3891009986400604 0.7484710216522217 0.03477700054645538 0.045228999108076096
2 0.7086560130119324 0.029265999794006348 0.04529000073671341 0.055945999920368195
2 0.10114800184965134 0.7600330114364624 0.03713100031018257 0.04575100168585777
2 0.2682949900627136 0.7863829731941223 0.03662300109863281 0.04362599924206734
2 0.8015679717063904 0.06168700009584427 0.04474300146102905 0.06476499885320663
2 0.6175690293312073 0.27845099568367004 0.04185999929904938 0.05609999969601631
2 0.7866140007972717 0.01702900044620037 0.050060998648405075 0.03405800089240074
2 0.9097530245780945 0.9731839895248413 0.050011999905109406 0.0529789999127388
2 0.7494660019874573 0.015513000078499317 0.0472709983587265 0.031026000156998634
2 0.5879999995231628 0.28530800342559814 0.04188600182533264 0.05506199970841408
2 0.8444640040397644 0.04568200185894966 0.047279998660087585 0.05844299867749214
