2 0.2508769929409027 0.25551000237464905 0.048576001077890396 0.060102999210357666
2 0.6989840269088745 0.638979971408844 0.03684400022029877 0.04701000079512596
2 0.3921140134334564 0.8824650049209595 0.041558001190423965 0.05164400115609169
2 0.25071901082992554 0.9812710285186768 0.032698001712560654 0.03565699979662895
2 0.6830450296401978 0.5900930166244507 0.03993099927902222 0.051040999591350555
2 0.7174000144004822 0.5127689838409424 0.04323200136423111 0.055925000458955765
2 0.2698630094528198 0.3076080083847046 0.04201199859380722 0.0563960000872612
2 0.39173200726509094 0.8384100198745728 0.03327399864792824 0.03859800100326538
2 0.1032089963555336 0.4298349916934967 0.02765900082886219 0.03375000134110451
2 0.5335130095481873 0.8581169843673706 0.03916100040078163 0.04795600101351738
2 0.7198110222816467 0.6799420118331909 0.03339900076389313 0.0425570011138916
2 0.49075499176979065 0.8676789999008179 0.039583999663591385 0.05263499915599823
2 0.4195539951324463 0.7974420189857483 0.043490998446941376 0.05303400009870529
2 0.7357469797134399 0.6216390132904053 0.035319000482559204 0.04612699896097183
2 0.5007500052452087 0.06663399934768677 0.02931400015950203 0.033055998384952545
2 0.209197998046875 0.9427400231361389 0.03361300006508827 0.040438998490571976
1 0.4544839859008789 0.8592299818992615 0.039512999355793 0.05360399931669235
2 0.22505900263786316 0.955187976360321 0.029805000871419907 0.0379210002720356
2 0.5116379857063293 0.18376000225543976 0.030796999111771584 0.03722599893808365
2 0.3929249942302704 0.7780050039291382 0.031915999948978424 0.046195000410079956
2 0.6822050213813782 0.47182801365852356 0.03687800094485283 0.04470700025558472
2 0.5414850115776062 0.0691090002655983 0.02776000089943409 0.035048000514507294
2 0.42885100841522217 0.8933950066566467 0.031279999762773514 0.04208200052380562
1 0.40268000960350037 0.7093080282211304 0.054545000195503235 0.05189799889922142
2 0.6768199801445007 0.5416060090065002 0.03769399970769882 0.048583999276161194
0 0.047993000596761703 0.07859800010919571 0.03505299985408783 0.0343099981546402
2 0.42735999822616577 0.9394540190696716 0.04050099849700928 0.04746999964118004
2 0.5783389806747437 0.014875000342726707 0.030254000797867775 0.029751000925898552
2 0.3392939865589142 0.3225120007991791 0.025116000324487686 0.030720999464392662
2 0.4634050130844116 0.20037099719047546 0.029323000460863113 0.0359250009059906
2 0.4938260018825531 0.10015600174665451 0.026737000793218613 0.03299900144338608
2 0.7544329762458801 0.5782489776611328 0.035245999693870544 0.043839000165462494
2 0.4751870036125183 0.35548099875450134 0.031902000308036804 0.03048899956047535
