1 0.5933899879455566 0.8109310269355774 0.06055999919772148 0.09127700328826904
1 0.2691659927368164 0.27356699109077454 0.052664998918771744 0.07303900271654129
1 0.6355260014533997 0.8410590291023254 0.0670820027589798 0.08124499768018723
1 0.29051700234413147 0.34033501148223877 0.05783500149846077 0.0749799981713295
1 0.6339979767799377 0.7691460251808167 0.06516800075769424 0.07797999680042267
1 0.27124300599098206 0.2359350025653839 0.05856100097298622 0.0764869973063469
1 0.0744440034031868 0.26754799485206604 0.061007000505924225 0.08191899955272675
1 0.042385000735521317 0.2960369884967804 0.055344998836517334 0.07848100364208221
1 0.4125089943408966 0.7299140095710754 0.059895001351833344 0.07447200268507004
1 0.36123400926589966 0.6907839775085449 0.052480001002550125 0.08327099680900574
1 0.827888011932373 0.17556899785995483 0.046011000871658325 0.0619099996984005
1 0.8612620234489441 0.11789199709892273 0.0385110005736351 0.05913500115275383
1 0.790785014629364 0.13793300092220306 0.04048699885606766 0.062157001346349716
1 0.8326579928398132 0.12329699844121933 0.04521999880671501 0.06143200024962425
