1 0.6091639995574951 0.8352760076522827 0.06509199738502502 0.07794299721717834
1 0.38862699270248413 0.727603018283844 0.05698399990797043 0.07732900232076645
1 0.5635489821434021 0.8069919943809509 0.06019299849867821 0.09125900268554688
1 0.2375819981098175 0.22106799483299255 0.05906800180673599 0.07226700335741043
1 0.26211100816726685 0.3283829987049103 0.05695100128650665 0.07566399872303009
1 0.03934299945831299 0.26066699624061584 0.06162799894809723 0.08479300141334534
1 0.6050090193748474 0.7659839987754822 0.06480000168085098 0.07680799812078476
1 0.2362229973077774 0.2635459899902344 0.05161000043153763 0.07219699770212173
1 0.33397600054740906 0.6877409815788269 0.04999399930238724 0.08185099810361862
1 0.7737979888916016 0.10523899644613266 0.039691001176834106 0.06061900034546852
1 0.8461809754371643 0.08245199918746948 0.0347680002450943 0.05611100047826767
1 0.8164680004119873 0.09430599957704544 0.045159999281167984 0.06709399819374084
1 0.0205680001527071 0.29320698976516724 0.04113699868321419 0.07257799804210663
1 0.9891970157623291 0.11744099855422974 0.02160700038075447 0.06782499700784683
