1 0.4695729911327362 0.6864179968833923 0.06821999698877335 0.08318900316953659
1 0.4629780054092407 0.6119610071182251 0.06644300371408463 0.08032099902629852
1 0.10287100076675415 0.19532200694084167 0.06000899896025658 0.07978300005197525
1 0.07418599724769592 0.12539799511432648 0.05631899833679199 0.07629899680614471
1 0.07411099970340729 0.08235999941825867 0.06339100003242493 0.07606100291013718
1 0.24050700664520264 0.5922110080718994 0.061879999935626984 0.08240599930286407
1 0.42134401202201843 0.6588820219039917 0.0631060004234314 0.09651599824428558
1 0.1822340041399002 0.5470629930496216 0.05968200042843819 0.0896729975938797
1 0.6693360209465027 0.022867999970912933 0.04876599833369255 0.045736998319625854
1 0.6631569862365723 0.01802700012922287 0.05429200083017349 0.03605499863624573
0 0.8948370218276978 0.028240999206900597 0.04497700184583664 0.0456480011343956
