2 0.13679200410842896 0.7080739736557007 0.05471700057387352 0.06991299986839294
2 0.6781780123710632 0.17270399630069733 0.04954100027680397 0.06691300123929977
2 0.6676660180091858 0.28588199615478516 0.047885000705718994 0.06589300185441971
2 0.17310099303722382 0.6812229752540588 0.050331998616456985 0.06751800328493118
2 0.7032380104064941 0.2695600092411041 0.04856399819254875 0.06199999898672104
2 0.9331859946250916 0.5383530259132385 0.040031999349594116 0.05128699913620949
2 0.09901999682188034 0.12932699918746948 0.047442998737096786 0.06228100135922432
2 0.606706976890564 0.30724701285362244 0.05096900090575218 0.06614399701356888
2 0.9253309965133667 0.589480996131897 0.04221700131893158 0.0523810014128685
2 0.9150199890136719 0.5016670227050781 0.038304999470710754 0.053647998720407486
2 0.612309992313385 0.2557139992713928 0.05040200054645538 0.05965700000524521
2 0.6182600259780884 0.38373300433158875 0.04303700104355812 0.05842600017786026
2 0.6458619832992554 0.35543501377105713 0.046296000480651855 0.06098800152540207
2 0.1238510012626648 0.842926025390625 0.046441998332738876 0.05707700178027153
2 0.6827279925346375 0.6066409945487976 0.04293200001120567 0.055553000420331955
2 0.3382129967212677 0.2149129956960678 0.046890001744031906 0.06005299836397171
2 0.354746013879776 0.23631399869918823 0.05057099834084511 0.05325600132346153
2 0.9866780042648315 0.421858012676239 0.02664400078356266 0.05113299936056137
2 0.30454400181770325 0.7237380146980286 0.05031700059771538 0.059085000306367874
1 0.30379799008369446 0.8676440119743347 0.05783800035715103 0.06674700230360031
2 0.11519599705934525 0.01999799907207489 0.05255600064992905 0.039997000247240067
2 0.6421290040016174 0.5539870262145996 0.046939998865127563 0.05044500157237053
