0 0.3948560059070587 0.8611649870872498 0.052101001143455505 0.06567700207233429
0 0.6983569860458374 0.8294820189476013 0.043793000280857086 0.05505799874663353
0 0.31020501255989075 0.9007160067558289 0.05047399923205376 0.06671299785375595
0 0.34649398922920227 0.9524180293083191 0.046493999660015106 0.06063399836421013
0 0.4713670015335083 0.5374829769134521 0.047568000853061676 0.060940999537706375
0 0.46254101395606995 0.643983006477356 0.048760998994112015 0.05965999886393547
0 0.7755699753761292 0.4293479919433594 0.04709099978208542 0.057787999510765076
0 0.4733879864215851 0.017727000638842583 0.06338600069284439 0.03495899960398674
0 0.8171989917755127 0.5678970217704773 0.04860199987888336 0.05734400078654289
0 0.5005509853363037 0.5556780099868774 0.04330400004982948 0.056122999638319016
0 0.035691000521183014 0.4391840100288391 0.06223899871110916 0.07067800313234329
0 0.5875120162963867 0.7525280117988586 0.04071199893951416 0.04757799953222275
0 0.4325680136680603 0.5357530117034912 0.04631799831986427 0.05788800120353699
0 0.6062710285186768 0.8070099949836731 0.036368999630212784 0.04476400092244148
0 0.6583690047264099 0.7761369943618774 0.034793999046087265 0.043338000774383545
