2 0.5886949896812439 0.43417900800704956 0.04337799921631813 0.054770998656749725
2 0.8194500207901001 0.7176120281219482 0.05121900141239166 0.06375700235366821
2 0.7665370106697083 0.2860809862613678 0.0446229986846447 0.056081999093294144
2 0.8541579842567444 0.701104998588562 0.051975999027490616 0.06523700058460236
2 0.5600060224533081 0.4095830023288727 0.0411980003118515 0.05355500057339668
2 0.7394310235977173 0.06475500017404556 0.041676998138427734 0.055459000170230865
2 0.8226249814033508 0.8921160101890564 0.04663600027561188 0.0559299997985363
2 0.9823740124702454 0.854282021522522 0.03525200113654137 0.06429900228977203
2 0.6716449856758118 0.1211709976196289 0.04139000177383423 0.050675999373197556
2 0.582177996635437 0.33077698945999146 0.03483999893069267 0.04753199964761734
2 0.7736489772796631 0.18038499355316162 0.04441500082612038 0.057693999260663986
2 0.5223609805107117 0.23653100430965424 0.039657000452280045 0.04840200021862984
2 0.06998299807310104 0.8105890154838562 0.03809899836778641 0.04225999861955643
2 0.5539159774780273 0.32869601249694824 0.03538399934768677 0.047540999948978424
2 0.9801869988441467 0.2808760106563568 0.039625998586416245 0.05472499877214432
