0 0.03075299970805645 0.11617700010538101 0.0598209984600544 0.07022500038146973
0 0.13122600317001343 0.45033198595046997 0.0576310008764267 0.0707779973745346
0 0.11161799728870392 0.5272030234336853 0.05033800005912781 0.05589599907398224
0 0.7467659711837769 0.1982100009918213 0.048257000744342804 0.06250199675559998
0 0.7083659768104553 0.11656899750232697 0.05037600174546242 0.06245199963450432
0 0.13445700705051422 0.5779950022697449 0.04909700155258179 0.061007000505924225
0 0.04405299946665764 0.31481000781059265 0.05173100158572197 0.05993499979376793
0 0.6763880252838135 0.1097479984164238 0.04482800140976906 0.05707100033760071
0 0.988834023475647 0.5613600015640259 0.02233099937438965 0.07052300125360489
0 0.7682719826698303 0.17884500324726105 0.04617299884557724 0.060238998383283615
0 0.0100509999319911 0.5155789852142334 0.018806999549269676 0.08218300342559814
0 0.012218000367283821 0.5228729844093323 0.023732999339699745 0.09404800087213516
