0 0.8712210059165955 0.3484170138835907 0.08769799768924713 0.11228299885988235
0 0.49070999026298523 0.49629199504852295 0.11251000314950943 0.12700200080871582
0 0.4178920090198517 0.30358201265335083 0.09205999970436096 0.10274100303649902
0 0.8996449708938599 0.04280199855566025 0.04280899837613106 0.05357100069522858
0 0.9382339715957642 0.07608400285243988 0.042330000549554825 0.05215099826455116
0 0.8032529950141907 0.4736109972000122 0.06116899847984314 0.06625699996948242
0 0.9622020125389099 0.03469200059771538 0.03840399906039238 0.04792099818587303
0 0.03861000016331673 0.7944430112838745 0.07722099870443344 0.14409899711608887
0 0.9010720252990723 0.18434099853038788 0.058371998369693756 0.06760700047016144
0 0.9496679902076721 0.14966900646686554 0.043372999876737595 0.05523800104856491
0 0.9410179853439331 0.015575000084936619 0.04396099969744682 0.031150000169873238
0 0.7490310072898865 0.46646198630332947 0.039340000599622726 0.053164999932050705
0 0.7794979810714722 0.48512300848960876 0.037994999438524246 0.05668099969625473
0 0.9795190095901489 0.2858569920063019 0.04096199944615364 0.1403069943189621
