2 0.749530017375946 0.6378380060195923 0.06555700302124023 0.08912800252437592
0 0.5086429715156555 0.4159969985485077 0.04853900149464607 0.06016400083899498
0 0.4294840097427368 0.9366949796676636 0.053929999470710754 0.06414899975061417
2 0.9429389834403992 0.7137330174446106 0.08668799698352814 0.10734599828720093
2 0.6838170289993286 0.6584500074386597 0.06716500222682953 0.08770500123500824
0 0.3851729929447174 0.9350749850273132 0.05211300030350685 0.060846999287605286
2 0.7629690170288086 0.3759540021419525 0.07214599847793579 0.09136400371789932
2 0.7809320092201233 0.1350259929895401 0.07377000153064728 0.09110599756240845
0 0.5902680158615112 0.8494799733161926 0.04947600141167641 0.06280499696731567
1 0.6705570220947266 0.3903050124645233 0.07514400035142899 0.0853390023112297
2 0.7116190195083618 0.5319910049438477 0.070203997194767 0.09678799659013748
0 0.12413199990987778 0.9109950065612793 0.13378900289535522 0.1512179970741272
0 0.7059999704360962 0.2986780107021332 0.05311800166964531 0.08062099665403366
2 0.6184260249137878 0.8051220178604126 0.051447998732328415 0.06277099996805191
1 0.7154809832572937 0.531578004360199 0.06717699766159058 0.10208500176668167
0 0.7333120107650757 0.14447900652885437 0.06370799988508224 0.08073700219392776
2 0.9579470157623291 0.6341570019721985 0.08132900297641754 0.09056100249290466
1 0.6738179922103882 0.49220699071884155 0.06998699903488159 0.08025000244379044
0 0.9489319920539856 0.8716970086097717 0.05822400003671646 0.07646100223064423
