0 0.8795179724693298 0.12712299823760986 0.0538799986243248 0.07083400338888168
0 0.5277640223503113 0.4733330011367798 0.06688900291919708 0.08551900088787079
0 0.9165679812431335 0.08978299796581268 0.048250000923871994 0.06375499814748764
0 0.10711800307035446 0.09832800179719925 0.043133001774549484 0.050181999802589417
0 0.8887349963188171 0.19391700625419617 0.04632199928164482 0.05852700024843216
0 0.5040490031242371 0.33860599994659424 0.05311400070786476 0.0733489990234375
0 0.4925670027732849 0.4278950095176697 0.05785299837589264 0.07061699777841568
0 0.8923130035400391 0.4111289978027344 0.05619499832391739 0.06757800281047821
0 0.4711639881134033 0.37559500336647034 0.058719001710414886 0.07070799916982651
0 0.0988050028681755 0.03870899975299835 0.05523499846458435 0.06295499950647354
0 0.9736509919166565 0.2858220040798187 0.04586400091648102 0.05959099903702736
0 0.84266597032547 0.41759100556373596 0.04921799898147583 0.06306400150060654
0 0.5378400087356567 0.3255600035190582 0.052352000027894974 0.07940500229597092
0 0.7928540110588074 0.4518049955368042 0.04851999878883362 0.05880099907517433
0 0.055174000561237335 0.019579999148845673 0.052344001829624176 0.039159998297691345
0 0.8281729817390442 0.07742200046777725 0.04864000156521797 0.07404600083827972
0 0.24022400379180908 0.34129199385643005 0.04709500074386597 0.04895700141787529
0 0.17160099744796753 0.2941249907016754 0.041099999099969864 0.04686100035905838
0 0.6238530278205872 0.6134909987449646 0.06429100036621094 0.08172699809074402
0 0.1659960001707077 0.3375459909439087 0.04873400181531906 0.051217999309301376
0 0.16533300280570984 0.23957699537277222 0.04248499870300293 0.051031000912189484
