2 0.9251130223274231 0.1325570046901703 0.04923800006508827 0.0623599998652935
2 0.7238289713859558 0.2684920132160187 0.04320700094103813 0.05763600021600723
2 0.2386700063943863 0.6531059741973877 0.03588699921965599 0.04727400094270706
2 0.6887099742889404 0.24558499455451965 0.04588799923658371 0.06283500045537949
2 0.17645800113677979 0.5891979932785034 0.0354590006172657 0.04550600051879883
2 0.9775410294532776 0.7148780226707458 0.0449180006980896 0.06847299635410309
2 0.46288400888442993 0.5973309874534607 0.03473399952054024 0.043954998254776
2 0.6839669942855835 0.15104499459266663 0.041134998202323914 0.05349599942564964
2 0.34235501289367676 0.6265439987182617 0.036038998514413834 0.04247000068426132
2 0.9746080040931702 0.857017993927002 0.04446300119161606 0.05687699839472771
2 0.49014198780059814 0.5888670086860657 0.03618500009179115 0.04568300023674965
2 0.7122460007667542 0.1431400030851364 0.03930699825286865 0.053766001015901566
2 0.645907998085022 0.03310000151395798 0.042869001626968384 0.054788000881671906
