0 0.10127700120210648 0.8457970023155212 0.05178600177168846 0.06111299991607666
0 0.41734400391578674 0.33786699175834656 0.05529399961233139 0.0659639984369278
0 0.5064110159873962 0.20764599740505219 0.0543380007147789 0.0689850002527237
0 0.48097699880599976 0.9806439876556396 0.056790001690387726 0.038711000233888626
0 0.5958880186080933 0.22995099425315857 0.055403001606464386 0.07279600203037262
0 0.5085570216178894 0.29772698879241943 0.05116799846291542 0.06170399859547615
0 0.595969021320343 0.9382370114326477 0.06101600080728531 0.0730770006775856
0 0.7794650197029114 0.9348530173301697 0.050172001123428345 0.057273998856544495
0 0.06305699795484543 0.01609399914741516 0.048489999026060104 0.03218799829483032
0 0.6182739734649658 0.12537400424480438 0.05295899882912636 0.06508000195026398
0 0.5280100107192993 0.23286299407482147 0.07056599855422974 0.07186099886894226
0 0.5368779897689819 0.08442100137472153 0.05593999847769737 0.057927001267671585
0 0.9731789827346802 0.4491350054740906 0.028558000922203064 0.03342900052666664
0 0.5197929739952087 0.22666700184345245 0.07452400028705597 0.08751200139522552
0 0.7644739747047424 0.054283998906612396 0.04194299876689911 0.05011399835348129
0 0.17790600657463074 0.8425189852714539 0.04389199987053871 0.055769000202417374
0 0.8830090165138245 0.5951619744300842 0.03358599916100502 0.03777400031685829
