2 0.896902 0.780951 0.134919 0.156790
2 0.923915 0.469759 0.131503 0.151974
1 0.262268 0.355886 0.116392 0.138388
2 0.875605 0.600894 0.118877 0.153500
1 0.363902 0.287940 0.113841 0.137743
2 0.389810 0.712152 0.129421 0.157284
2 0.644950 0.276910 0.124748 0.146343
2 0.070776 0.537050 0.108782 0.120227
1 0.373988 0.437864 0.116371 0.144485
1 0.277908 0.506270 0.124242 0.158950
2 0.579882 0.556723 0.130963 0.160332
1 0.271188 0.667642 0.134970 0.169246
2 0.158031 0.600495 0.125716 0.166095
1 0.182846 0.262693 0.107486 0.138995
2 0.407833 0.574240 0.120205 0.148206
2 0.964624 0.690553 0.070753 0.155165
1 0.277279 0.194087 0.113075 0.132522
2 0.349610 0.854905 0.136444 0.170381
2 0.270687 0.670640 0.138818 0.169675
1 0.585058 0.376537 0.121188 0.144313
1 0.980871 0.307115 0.038257 0.156354
2 0.586529 0.377144 0.120287 0.143501
1 0.495763 0.453418 0.118830 0.150155
2 0.901492 0.326758 0.121172 0.135132
2 0.495351 0.452777 0.120214 0.151007