2 0.291434 0.402561 0.135234 0.159759
2 0.447414 0.362948 0.135548 0.162954
2 0.170538 0.328048 0.125913 0.152768
2 0.189794 0.484214 0.132018 0.162516
2 0.226254 0.210045 0.124177 0.155646
2 0.512761 0.257420 0.120688 0.147621
2 0.418862 0.161676 0.118709 0.154220
1 0.439102 0.972234 0.116318 0.054931
2 0.335871 0.281352 0.123623 0.145085
0 0.423770 0.873596 0.131345 0.157358
1 0.435246 0.049207 0.125829 0.098414
1 0.456691 0.970111 0.135761 0.059779
1 0.302327 0.958799 0.144723 0.079789
0 0.562545 0.922767 0.140130 0.154465
2 0.540529 0.101984 0.128305 0.148458
1 0.561027 0.924252 0.134825 0.151495
2 0.563673 0.099646 0.168853 0.158157
2 0.320856 0.073887 0.108999 0.147773