2 0.370936 0.477601 0.134473 0.165414
2 0.267935 0.558298 0.128362 0.162988
2 0.248845 0.394751 0.120686 0.152432
2 0.597948 0.301673 0.122909 0.152477
2 0.525970 0.419862 0.136282 0.162492
2 0.307457 0.266754 0.121865 0.159137
2 0.502639 0.200437 0.122372 0.161472
2 0.404197 0.112439 0.112672 0.143792
2 0.632001 0.133339 0.127335 0.142472
1 0.525966 0.062289 0.120593 0.124579
2 0.281843 0.134323 0.113042 0.134304
2 0.056265 0.105162 0.110620 0.144372
1 0.628901 0.969591 0.143483 0.060818
0 0.488854 0.945716 0.137761 0.108568
2 0.417345 0.334152 0.120369 0.157584