2 0.438272 0.642830 0.101773 0.151248
2 0.556011 0.575690 0.082246 0.119634
2 0.657518 0.724487 0.095517 0.120182
2 0.753787 0.584913 0.113568 0.145938
2 0.645682 0.612231 0.092861 0.130529
2 0.712502 0.828678 0.118871 0.148412
2 0.539644 0.681994 0.099969 0.129009
2 0.930439 0.944201 0.101505 0.111598
2 0.637603 0.485830 0.097133 0.132688
2 0.951608 0.664290 0.091656 0.135378
2 0.562407 0.452516 0.079907 0.115333
2 0.794845 0.922862 0.088317 0.151167
2 0.769077 0.056496 0.036519 0.047323
2 0.757409 0.019972 0.033953 0.039943
2 0.863917 0.914380 0.074463 0.118336
2 0.662990 0.975271 0.076364 0.049459
2 0.901341 0.027912 0.044506 0.055825
2 0.966019 0.748237 0.064129 0.078986