1 0.809449 0.100182 0.055078 0.066337
1 0.880558 0.171829 0.060601 0.069302
2 0.933327 0.551979 0.055882 0.068833
1 0.863020 0.113782 0.059399 0.066790
2 0.966954 0.508886 0.058235 0.071221
0 0.909942 0.715332 0.049380 0.064407
1 0.426730 0.933033 0.059117 0.074581
1 0.891600 0.248877 0.055048 0.063536
1 0.781195 0.202637 0.050982 0.064951
1 0.951730 0.373591 0.064016 0.077093
1 0.429975 0.058635 0.069630 0.104992
2 0.581418 0.821864 0.058525 0.071499
2 0.382943 0.192448 0.062923 0.079392
1 0.489474 0.874742 0.066782 0.071654
1 0.382826 0.191705 0.063521 0.079259
1 0.203542 0.029199 0.053781 0.050508
1 0.985782 0.309717 0.028435 0.063995