2 0.102169 0.879317 0.077329 0.100062
2 0.572706 0.061255 0.078464 0.090704
2 0.295950 0.662384 0.071032 0.116610
2 0.496555 0.769921 0.094550 0.126350
2 0.827425 0.731446 0.099877 0.139732
2 0.802847 0.879675 0.112121 0.119462
2 0.265843 0.175177 0.055706 0.073854
2 0.035794 0.880301 0.054272 0.087507
2 0.699208 0.113960 0.061029 0.071497
2 0.259810 0.048756 0.060868 0.076851
2 0.737985 0.068926 0.080497 0.109957
2 0.275418 0.117424 0.048337 0.063905
2 0.817587 0.962917 0.108257 0.073178
2 0.973032 0.032522 0.053637 0.065045
2 0.780898 0.020640 0.109620 0.040524
2 0.167513 0.296373 0.060226 0.084233
2 0.762327 0.020431 0.115216 0.039328
2 0.796770 0.015807 0.066260 0.030938
2 0.216702 0.015891 0.053417 0.030427