2 0.342647 0.342227 0.098808 0.123556
2 0.424749 0.158317 0.100807 0.124934
2 0.029678 0.437799 0.059356 0.090787
2 0.916797 0.800101 0.082013 0.103173
2 0.194183 0.350970 0.096717 0.115655
2 0.680529 0.448243 0.080875 0.097351
2 0.351935 0.822649 0.071185 0.084951
2 0.072675 0.340417 0.083268 0.112443
2 0.444111 0.339649 0.071474 0.090297
2 0.273724 0.629762 0.068249 0.101535
2 0.966207 0.714632 0.065031 0.094514
2 0.357260 0.524426 0.109568 0.123345
2 0.176957 0.657372 0.112696 0.113005
2 0.228137 0.226789 0.063920 0.092879
2 0.089472 0.059078 0.071564 0.084762
2 0.218961 0.662640 0.082812 0.103332
2 0.200334 0.113945 0.055360 0.090570
2 0.957413 0.634222 0.051217 0.070365
2 0.156924 0.271904 0.051088 0.077448
2 0.332713 0.537877 0.095487 0.109009
2 0.984253 0.785029 0.031494 0.058975
2 0.263864 0.053947 0.052881 0.080971