0 0.716346 0.546444 0.086007 0.113094
0 0.881755 0.951447 0.075478 0.092721
0 0.828672 0.639336 0.095632 0.114153
0 0.914219 0.672977 0.095924 0.124097
0 0.679078 0.782276 0.074635 0.091898
0 0.948286 0.801592 0.096836 0.121225
0 0.898734 0.478588 0.106736 0.128004
0 0.330520 0.427330 0.089716 0.111274
0 0.838481 0.405398 0.083585 0.103711
1 0.609576 0.520732 0.080427 0.095273
0 0.035823 0.974657 0.071647 0.050685
0 0.985888 0.689605 0.028225 0.113976
1 0.689977 0.694763 0.065790 0.083277
0 0.842153 0.324256 0.095011 0.110105
0 0.979315 0.571145 0.039404 0.111044
0 0.739090 0.450539 0.103573 0.117425
0 0.680651 0.903960 0.061892 0.073274
0 0.856084 0.025351 0.093297 0.050598
0 0.237058 0.323609 0.101527 0.131038
0 0.767209 0.311243 0.072022 0.096422
0 0.681283 0.288408 0.092502 0.119072
0 0.944737 0.959472 0.067354 0.078638
0 0.814808 0.986879 0.069879 0.025616
0 0.989051 0.427045 0.021898 0.112247
0 0.755116 0.677421 0.064621 0.095346
0 0.841679 0.341984 0.093315 0.080441
0 0.943067 0.924723 0.071877 0.133087
0 0.277538 0.498320 0.091568 0.100752
1 0.754203 0.676364 0.064683 0.097016