2 0.781975 0.651563 0.074267 0.093320
2 0.712685 0.304552 0.082338 0.103462
2 0.954889 0.622852 0.071200 0.094462
2 0.849191 0.330505 0.073185 0.095092
0 0.347181 0.406210 0.113963 0.137855
2 0.466690 0.558319 0.077822 0.101069
0 0.389788 0.774021 0.082408 0.104243
2 0.035952 0.380187 0.068651 0.116997
0 0.204853 0.421130 0.122541 0.150002
2 0.319435 0.576872 0.107212 0.123071
2 0.789230 0.050632 0.078412 0.095303
2 0.821510 0.239092 0.097499 0.111894
2 0.981127 0.694328 0.033452 0.087980
0 0.388904 0.229241 0.104806 0.129558
2 0.726357 0.031254 0.074557 0.062215
2 0.491380 0.819132 0.092287 0.111352
2 0.749868 0.434621 0.082559 0.105856
2 0.389356 0.775024 0.078717 0.099249
2 0.796504 0.159749 0.078013 0.093199
2 0.988939 0.879700 0.022121 0.089395
0 0.491275 0.821627 0.090832 0.116394
2 0.212031 0.082183 0.106222 0.152801
2 0.033387 0.322939 0.065489 0.121223
2 0.990648 0.893905 0.018704 0.090128
2 0.038145 0.350565 0.071398 0.182983
0 0.749739 0.435000 0.085256 0.112757
2 0.388167 0.223159 0.108279 0.133822
2 0.950980 0.308194 0.097882 0.117060
0 0.115380 0.341688 0.112178 0.141634
2 0.114205 0.341568 0.106924 0.144376
2 0.408935 0.651436 0.096783 0.133953
2 0.985834 0.889375 0.025277 0.101581