2 0.062674 0.772465 0.071550 0.091423
2 0.653801 0.597880 0.076861 0.100103
2 0.745231 0.694681 0.071855 0.093776
2 0.566487 0.707807 0.080474 0.102865
2 0.178814 0.353636 0.072648 0.089485
2 0.694715 0.672095 0.066556 0.092003
2 0.180967 0.507172 0.070898 0.089602
2 0.491139 0.448660 0.075844 0.091126
2 0.438407 0.889201 0.067365 0.085916
2 0.199750 0.713788 0.071971 0.084002
2 0.282201 0.857371 0.071388 0.090619
2 0.936331 0.903112 0.068294 0.085326
2 0.125049 0.453258 0.072830 0.087726
2 0.023101 0.438987 0.046201 0.076371
2 0.839118 0.282952 0.062391 0.071644
2 0.207769 0.441256 0.082475 0.101017
2 0.185882 0.606347 0.064983 0.078033
1 0.233129 0.772047 0.077664 0.093696
1 0.186466 0.607252 0.066446 0.079035
2 0.233189 0.771876 0.078486 0.091584
1 0.207858 0.441775 0.081959 0.101844
2 0.981040 0.882578 0.037052 0.141153