0 0.866096 0.685423 0.081077 0.103033
0 0.943274 0.685188 0.073248 0.091855
0 0.290392 0.101113 0.081140 0.104170
0 0.604187 0.213290 0.074755 0.092616
0 0.410468 0.139211 0.067333 0.094748
0 0.627223 0.680290 0.071891 0.094636
0 0.132915 0.130794 0.066085 0.088295
0 0.738423 0.549283 0.078903 0.101950
0 0.374091 0.234621 0.079749 0.103264
0 0.029932 0.334788 0.059864 0.100969
0 0.076101 0.286888 0.067153 0.073820
0 0.566832 0.310829 0.062260 0.087439
0 0.094996 0.206179 0.071513 0.084648
0 0.698101 0.692344 0.100035 0.118742
0 0.940092 0.837088 0.090878 0.114051
0 0.318598 0.235471 0.071133 0.098779
0 0.331535 0.800105 0.059694 0.068372
0 0.627136 0.973888 0.089313 0.052224
0 0.980161 0.716637 0.038555 0.083883
0 0.312874 0.870881 0.068034 0.082703
0 0.863317 0.827954 0.063680 0.091446
0 0.721371 0.118107 0.077464 0.112047
0 0.275767 0.964540 0.066908 0.068529
0 0.688995 0.683316 0.079890 0.106914
0 0.964573 0.924614 0.065295 0.082281
0 0.708844 0.714458 0.080150 0.099639