2 0.373798 0.752197 0.072429 0.097454
2 0.229299 0.883113 0.067432 0.084872
2 0.281458 0.828928 0.074635 0.089526
2 0.296871 0.775821 0.073346 0.084660
2 0.078556 0.123166 0.051668 0.062864
1 0.969854 0.451761 0.060293 0.086286
1 0.786387 0.803074 0.064646 0.077802
1 0.862555 0.670642 0.076464 0.086459
2 0.779103 0.490010 0.058726 0.091197
2 0.768393 0.674492 0.070255 0.090306
1 0.830645 0.551403 0.067627 0.085782
1 0.805258 0.873552 0.066609 0.074152
1 0.814295 0.952819 0.060527 0.067735
2 0.094650 0.178583 0.048980 0.061362
1 0.889505 0.509527 0.071424 0.073051
2 0.027539 0.671120 0.055078 0.071705
2 0.805678 0.873733 0.064785 0.075617
1 0.725195 0.783515 0.060838 0.072412
2 0.863393 0.671541 0.074295 0.086850
1 0.826036 0.701416 0.052690 0.070905
2 0.277139 0.717904 0.063188 0.069613
2 0.162589 0.778066 0.042418 0.082392
2 0.690642 0.884419 0.058200 0.077536