2 0.652480 0.584511 0.090029 0.113199
2 0.231869 0.944140 0.086851 0.111720
2 0.024512 0.621441 0.048723 0.100395
1 0.462092 0.089913 0.101040 0.126206
1 0.576945 0.213596 0.094315 0.117280
2 0.324255 0.946373 0.103973 0.107253
1 0.633549 0.466267 0.083211 0.110298
1 0.319093 0.294960 0.103434 0.129537
1 0.709238 0.415779 0.093861 0.112742
2 0.116333 0.859023 0.077643 0.122413
2 0.033219 0.887615 0.065746 0.101423
2 0.363218 0.425721 0.098557 0.125163
2 0.531968 0.388433 0.103080 0.117994
2 0.372262 0.075469 0.100505 0.132933
1 0.671153 0.817652 0.084241 0.117578
1 0.363961 0.427652 0.092161 0.128646
1 0.369412 0.076530 0.099920 0.128593
2 0.462798 0.087649 0.098707 0.127592
1 0.611422 0.367834 0.090473 0.105622
2 0.049294 0.961893 0.097158 0.076215
1 0.722438 0.028114 0.105369 0.053735