2 0.778973 0.339512 0.074136 0.098957
2 0.860830 0.452716 0.071776 0.088866
2 0.821205 0.256092 0.076297 0.090263
2 0.805136 0.538746 0.071468 0.093075
2 0.938139 0.371123 0.071354 0.093443
2 0.964899 0.309043 0.064623 0.078591
2 0.969212 0.441725 0.060216 0.095316
2 0.718192 0.491492 0.064462 0.080426
1 0.444527 0.534871 0.068770 0.091385
1 0.228075 0.246480 0.062705 0.081172
1 0.538152 0.089286 0.078514 0.098119
2 0.717524 0.606612 0.069245 0.087587
1 0.549609 0.510299 0.057237 0.074921
2 0.919203 0.506696 0.067888 0.093413
2 0.549348 0.510748 0.055859 0.075362
1 0.718023 0.610675 0.065641 0.090610