1 0.150157 0.058585 0.091893 0.112082
2 0.077128 0.197801 0.094097 0.122058
2 0.083195 0.537452 0.088063 0.094742
2 0.363037 0.516142 0.093900 0.116534
2 0.467855 0.552418 0.084950 0.104821
2 0.083225 0.463855 0.085007 0.094234
2 0.493423 0.659536 0.103282 0.129811
2 0.038235 0.309047 0.076470 0.125383
2 0.336282 0.616353 0.087078 0.113690
2 0.167535 0.223902 0.079766 0.122209
1 0.080787 0.045654 0.116964 0.086957
2 0.945760 0.055342 0.108480 0.110684
2 0.958212 0.060352 0.078596 0.120704
1 0.038338 0.309991 0.075953 0.117367
2 0.642501 0.294491 0.098230 0.116696
2 0.237022 0.302733 0.081678 0.098462
1 0.075472 0.197352 0.091416 0.115959
2 0.245755 0.236238 0.107298 0.120642
1 0.642701 0.296237 0.096706 0.120629
1 0.073737 0.031841 0.101562 0.063092