0 0.809285 0.646930 0.086301 0.109001
0 0.575162 0.460493 0.098844 0.122649
0 0.722066 0.639675 0.095492 0.123723
0 0.191034 0.058266 0.095916 0.115620
0 0.875668 0.685395 0.078953 0.102972
0 0.545017 0.659054 0.090734 0.116175
0 0.908146 0.785320 0.084691 0.108455
0 0.165030 0.710060 0.070773 0.084372
0 0.214150 0.776019 0.070923 0.093253
0 0.955199 0.052851 0.087781 0.105601
0 0.928491 0.379318 0.081678 0.099307
0 0.457798 0.607321 0.100005 0.114981
0 0.141637 0.059635 0.086148 0.112909
0 0.781603 0.831045 0.108715 0.133649
0 0.387785 0.157874 0.062414 0.097182
0 0.972474 0.111194 0.052818 0.082025
0 0.436892 0.050776 0.085974 0.101553
0 0.705524 0.812768 0.070441 0.114216
0 0.450015 0.962607 0.087603 0.074785
0 0.100500 0.907794 0.079120 0.095588
0 0.813227 0.938634 0.089208 0.106754
0 0.130154 0.969589 0.078130 0.060822
0 0.866652 0.982058 0.082768 0.035885
0 0.067959 0.985846 0.067924 0.027744