0 0.364324 0.859515 0.109261 0.134678
1 0.800722 0.686197 0.072038 0.096910
2 0.678178 0.260313 0.080019 0.067827
0 0.278362 0.433687 0.102328 0.116455
2 0.596500 0.121063 0.066492 0.121181
1 0.706569 0.550395 0.093148 0.108589
0 0.025777 0.046485 0.050365 0.092294
1 0.694293 0.456792 0.085116 0.098873
2 0.677077 0.235339 0.084096 0.118390
0 0.393666 0.523266 0.105724 0.120317
2 0.103532 0.048296 0.106792 0.096592
1 0.040092 0.654027 0.078017 0.124236
0 0.788483 0.776807 0.073531 0.087099
1 0.737600 0.729635 0.069812 0.092499
1 0.031124 0.364449 0.062248 0.115780