1 0.193218 0.738968 0.125689 0.149930
1 0.303742 0.553827 0.115107 0.140503
1 0.516383 0.426909 0.126956 0.151168
1 0.486810 0.658768 0.093086 0.108374
1 0.919330 0.927603 0.084366 0.106333
1 0.578628 0.217952 0.122754 0.148085
1 0.447246 0.754872 0.110832 0.129126
2 0.447008 0.753225 0.111779 0.128752
2 0.024321 0.105793 0.048642 0.151609
2 0.548017 0.770334 0.108111 0.130350
2 0.918659 0.925655 0.085297 0.106800
1 0.545731 0.771079 0.106434 0.130099
2 0.068693 0.048128 0.112723 0.096255
2 0.022729 0.130347 0.045459 0.172429