2 0.246389 0.687492 0.076446 0.103781
2 0.575854 0.570263 0.092906 0.118760
2 0.769934 0.906590 0.071582 0.099583
2 0.218673 0.098459 0.068803 0.096081
2 0.609146 0.703572 0.072580 0.106295
2 0.522381 0.329610 0.077175 0.108938
2 0.715186 0.755727 0.070844 0.110173
2 0.020960 0.461993 0.041777 0.094825
2 0.264466 0.047184 0.069205 0.094058
2 0.264245 0.795535 0.079167 0.096922
2 0.790451 0.743226 0.076860 0.102331
2 0.029426 0.111144 0.058852 0.094481
2 0.191969 0.157533 0.055460 0.077793
2 0.842421 0.804366 0.070322 0.094012
2 0.700038 0.601909 0.060677 0.113417
2 0.862554 0.685204 0.072169 0.082609
2 0.760279 0.593416 0.064584 0.101468
2 0.857083 0.630051 0.072694 0.089202
2 0.540030 0.268975 0.068514 0.073939
2 0.182887 0.041096 0.078200 0.082191
2 0.454556 0.338166 0.072549 0.097975
2 0.332523 0.286068 0.068249 0.079426
2 0.584839 0.986450 0.082913 0.026764
2 0.334240 0.357589 0.059488 0.092934