2 0.393712 0.592460 0.076104 0.099067
2 0.609423 0.673369 0.073156 0.093974
2 0.494283 0.299931 0.074934 0.108961
2 0.434824 0.248339 0.072493 0.093927
2 0.321031 0.223502 0.076520 0.099623
2 0.813586 0.223896 0.080039 0.092471
2 0.513914 0.207945 0.079039 0.095985
2 0.550414 0.565646 0.078298 0.096851
2 0.976828 0.360169 0.046240 0.106981
2 0.483641 0.131059 0.071902 0.090929
2 0.780852 0.723541 0.069501 0.086505
2 0.899165 0.463369 0.089179 0.112157
2 0.508231 0.444011 0.060905 0.082969
2 0.511164 0.525219 0.052699 0.075322
2 0.485946 0.312505 0.088642 0.120620