0 0.518176 0.779495 0.089561 0.116299
0 0.694106 0.220890 0.089219 0.112098
0 0.850199 0.139734 0.090973 0.119463
0 0.421540 0.786870 0.104087 0.128417
0 0.032952 0.311139 0.064899 0.129930
0 0.590777 0.894787 0.074104 0.106248
0 0.927694 0.081739 0.083079 0.117417
0 0.606882 0.164892 0.087994 0.107358
0 0.667412 0.880135 0.070250 0.093435
0 0.076665 0.166543 0.094631 0.128321
0 0.629138 0.479647 0.077309 0.112724
0 0.101901 0.817665 0.097752 0.127272
0 0.757182 0.237151 0.068409 0.097278
2 0.695856 0.621094 0.065041 0.093930
0 0.193000 0.810953 0.096910 0.136742
0 0.221771 0.066644 0.083623 0.128948
0 0.222085 0.087922 0.079130 0.082681