2 0.826592 0.503139 0.062824 0.081122
2 0.659402 0.448804 0.066270 0.085018
2 0.358516 0.897588 0.043232 0.055885
2 0.345507 0.759019 0.052027 0.067094
1 0.594353 0.668503 0.054457 0.068401
1 0.804068 0.305853 0.061692 0.090580
2 0.668628 0.121497 0.064930 0.085319
1 0.863751 0.348013 0.057773 0.079372
2 0.385563 0.825333 0.041907 0.058442
2 0.119216 0.383716 0.048754 0.061699
1 0.268656 0.565104 0.049101 0.062249
2 0.439855 0.636343 0.052443 0.069572
2 0.413378 0.440713 0.060647 0.080730
2 0.134358 0.535891 0.046309 0.057534
2 0.274133 0.719184 0.046876 0.061878
1 0.918184 0.322573 0.064650 0.080301
2 0.424942 0.197650 0.053529 0.068743
2 0.398033 0.075918 0.050622 0.070058
1 0.696652 0.219614 0.060922 0.077539
2 0.758499 0.409218 0.058344 0.074144
2 0.637148 0.310409 0.055178 0.075247
1 0.757201 0.640192 0.052802 0.072951
1 0.839138 0.702699 0.051509 0.066252
2 0.476273 0.701429 0.060296 0.078921
2 0.822272 0.625725 0.063390 0.078773
2 0.658533 0.367013 0.056577 0.068172
2 0.363973 0.123946 0.049263 0.060926
1 0.876789 0.545663 0.052362 0.070773
2 0.402488 0.684272 0.048899 0.081366
2 0.256100 0.658787 0.047786 0.062009
1 0.284140 0.527179 0.048500 0.055691
1 0.559100 0.608543 0.057864 0.075728
1 0.666784 0.755114 0.039386 0.065148
2 0.875371 0.426242 0.063860 0.085290
1 0.447201 0.027715 0.056363 0.055430
1 0.294300 0.615967 0.045527 0.061790
2 0.469641 0.116811 0.053095 0.067982
2 0.603866 0.279131 0.049478 0.070918
2 0.337453 0.604642 0.045854 0.062936
1 0.627291 0.987820 0.050167 0.024359
2 0.214253 0.413643 0.042793 0.066162
1 0.801406 0.691867 0.042779 0.064968
2 0.461866 0.209212 0.044918 0.068263
1 0.150007 0.278648 0.047692 0.057445
2 0.649136 0.217501 0.054141 0.079542
2 0.708256 0.667428 0.059752 0.079982
2 0.627424 0.749125 0.068545 0.080703
1 0.628102 0.749970 0.060032 0.078886
2 0.232058 0.682310 0.036125 0.062238
2 0.603021 0.555105 0.049286 0.079421
2 0.413145 0.139343 0.049296 0.060511
1 0.602691 0.555692 0.051846 0.080215
1 0.414405 0.138801 0.049461 0.061270
1 0.468818 0.116239 0.051764 0.068192
1 0.708705 0.664815 0.060823 0.083300
1 0.239002 0.520690 0.045287 0.056664
1 0.603275 0.275418 0.044674 0.064996
2 0.148491 0.413776 0.032999 0.043942
2 0.749741 0.341366 0.051121 0.063046
2 0.131978 0.314360 0.035433 0.040552
1 0.741302 0.921146 0.049131 0.056637
1 0.144150 0.482354 0.045397 0.053079
2 0.143701 0.482629 0.044943 0.050213
2 0.703461 0.348886 0.039791 0.068339
2 0.080126 0.473181 0.028470 0.035213
1 0.131519 0.315446 0.035146 0.041093
2 0.329743 0.651004 0.036882 0.045418
1 0.637155 0.309520 0.055504 0.076586
1 0.645030 0.689138 0.042079 0.050893