2 0.669589 0.447573 0.065694 0.083779
2 0.370886 0.897210 0.044075 0.056184
2 0.681132 0.118325 0.059808 0.083760
2 0.356746 0.758940 0.049460 0.066523
2 0.838600 0.501140 0.064001 0.079945
1 0.815568 0.302801 0.062330 0.089291
2 0.489194 0.702063 0.056903 0.073032
2 0.770099 0.407630 0.058824 0.074743
1 0.874716 0.345255 0.060127 0.077939
2 0.451612 0.638512 0.053312 0.073618
1 0.606091 0.666400 0.054310 0.068172
2 0.478712 0.113887 0.053809 0.071289
2 0.130172 0.384409 0.049665 0.062232
1 0.280248 0.565220 0.049040 0.061213
1 0.930981 0.319413 0.063148 0.079705
1 0.708007 0.218196 0.059511 0.075695
2 0.435030 0.195316 0.054248 0.067679
2 0.397227 0.825076 0.040345 0.058242
1 0.305287 0.615675 0.044032 0.062738
1 0.850492 0.701585 0.051698 0.068024
2 0.407952 0.074112 0.052193 0.068403
1 0.293182 0.524865 0.047851 0.051949
2 0.720687 0.665684 0.060395 0.080048
2 0.423616 0.439839 0.060741 0.080046
2 0.638719 0.748158 0.068861 0.079496
1 0.889722 0.546393 0.052738 0.071052
2 0.669854 0.365708 0.056462 0.066305
2 0.834319 0.624635 0.063227 0.077056
2 0.422761 0.137776 0.048410 0.059318
2 0.613880 0.275168 0.047149 0.066476
1 0.614908 0.555503 0.049640 0.081344
2 0.223869 0.413214 0.044235 0.065600
2 0.647958 0.308218 0.055164 0.074262
1 0.640266 0.987346 0.051731 0.025309
2 0.375830 0.122748 0.048375 0.059959
1 0.679345 0.754269 0.037429 0.063446
2 0.266442 0.659049 0.052103 0.061292
2 0.348224 0.605269 0.046334 0.062641
1 0.813251 0.690960 0.041738 0.063734
1 0.459323 0.027560 0.060823 0.055120
1 0.162985 0.276021 0.042127 0.058830
2 0.887781 0.423389 0.062668 0.080571
2 0.660906 0.217688 0.057506 0.081158
2 0.147298 0.538186 0.045109 0.057764
1 0.251076 0.520305 0.045054 0.056199
2 0.411455 0.682961 0.045945 0.076616
1 0.769276 0.638497 0.053044 0.072672
2 0.247106 0.679289 0.042704 0.060970
1 0.647379 0.307694 0.056045 0.077165
2 0.472031 0.207131 0.042430 0.067209
1 0.570461 0.606887 0.058564 0.074171
1 0.753970 0.921483 0.048218 0.055461
1 0.670403 0.367793 0.056020 0.066348
1 0.268007 0.657692 0.047829 0.058095
2 0.010845 0.128634 0.020658 0.031959
1 0.376254 0.123071 0.050573 0.066380
2 0.285367 0.718431 0.045110 0.059889
2 0.570182 0.608820 0.060148 0.073319
1 0.713860 0.347543 0.041257 0.068675
2 0.154812 0.482501 0.044355 0.049049
1 0.833083 0.624760 0.062276 0.076671
1 0.423556 0.138015 0.050243 0.060255
2 0.615097 0.554649 0.047764 0.080144
2 0.613718 0.742744 0.032158 0.076859
2 0.092868 0.472802 0.028165 0.034221
1 0.143277 0.314118 0.033972 0.040311
2 0.759552 0.338411 0.048709 0.061791
1 0.028547 0.973154 0.027329 0.036579
1 0.409084 0.074344 0.054543 0.069215
1 0.613768 0.274119 0.044584 0.065354
1 0.721082 0.663419 0.060369 0.082968
1 0.640200 0.749514 0.060379 0.076823
1 0.304936 0.481769 0.035534 0.048315
2 0.619519 0.743659 0.045381 0.082879
2 0.005056 0.088732 0.010113 0.040119
1 0.348436 0.604331 0.046098 0.062454
1 0.185973 0.501412 0.031400 0.052788
2 0.143607 0.313843 0.033920 0.039294