2 0.436412 0.395109 0.066599 0.087163
2 0.601656 0.459057 0.060879 0.077998
2 0.879256 0.567755 0.059636 0.080660
2 0.092895 0.699754 0.054010 0.070504
2 0.237637 0.644889 0.060545 0.079408
2 0.171689 0.625182 0.061547 0.082156
2 0.098161 0.840121 0.045853 0.059481
2 0.952941 0.553904 0.058417 0.078518
2 0.653865 0.382434 0.059388 0.083060
2 0.478372 0.618337 0.062389 0.082717
2 0.589717 0.580310 0.062438 0.077871
2 0.968202 0.487402 0.056316 0.072653
1 0.645045 0.307380 0.059212 0.079288
2 0.538680 0.360819 0.059134 0.075349
1 0.586797 0.259707 0.063520 0.086810
2 0.332181 0.552855 0.060839 0.071996
2 0.022714 0.655294 0.045428 0.062953
2 0.204253 0.575079 0.055375 0.071322
2 0.128545 0.766474 0.044384 0.061631
1 0.482542 0.165475 0.059164 0.078054
2 0.458497 0.064616 0.059220 0.083987
1 0.419693 0.251517 0.057787 0.079387
2 0.093729 0.541980 0.052032 0.066462
2 0.399234 0.702039 0.064105 0.083131
1 0.700777 0.284421 0.062272 0.080051
1 0.367264 0.944367 0.042327 0.051841
1 0.437556 0.312471 0.057788 0.066608
2 0.908135 0.515519 0.049966 0.065925
2 0.967472 0.293535 0.059585 0.076808
2 0.378867 0.502468 0.047414 0.078304
1 0.361528 0.614922 0.058593 0.069956
2 0.199368 0.122653 0.051500 0.069593
2 0.361750 0.689351 0.039777 0.079219
2 0.188118 0.375572 0.066294 0.083961
2 0.015954 0.591661 0.031909 0.070328
2 0.030756 0.455727 0.055940 0.067444
1 0.598402 0.657090 0.051092 0.066490
2 0.137439 0.042624 0.055897 0.064751
2 0.024443 0.495930 0.048886 0.067083
1 0.435815 0.161928 0.052719 0.082664
2 0.189569 0.061033 0.052254 0.060088
1 0.187993 0.376592 0.066482 0.085240
1 0.047471 0.551021 0.050204 0.068470
2 0.419602 0.252545 0.056881 0.078769
2 0.047611 0.550798 0.050536 0.067732
2 0.236951 0.134762 0.043640 0.067706
2 0.528546 0.291035 0.049201 0.064249
2 0.989602 0.329906 0.020796 0.063839
1 0.495516 0.873575 0.047210 0.058459
1 0.524253 0.592810 0.055539 0.078151
2 0.437357 0.310961 0.057710 0.069979
1 0.979480 0.941584 0.041039 0.062135
1 0.919608 0.953268 0.050590 0.058162
2 0.385463 0.215094 0.047094 0.062541
2 0.174133 0.015057 0.062376 0.030113
1 0.481438 0.299277 0.041332 0.073631
1 0.246058 0.042590 0.052448 0.067159
1 0.967757 0.293098 0.059963 0.076397
2 0.082822 0.591549 0.045276 0.052566
2 0.210595 0.127675 0.071616 0.070974