2 0.676727 0.425611 0.066208 0.084518
1 0.940801 0.298210 0.064125 0.079195
1 0.824313 0.282852 0.063415 0.084950
2 0.373439 0.874196 0.044391 0.056936
1 0.715279 0.192324 0.060238 0.077014
2 0.361386 0.735514 0.050708 0.067887
1 0.885485 0.323267 0.058791 0.074582
1 0.897253 0.403728 0.060727 0.077417
2 0.132913 0.359375 0.048110 0.060993
2 0.149825 0.512131 0.045340 0.057232
1 0.857561 0.679365 0.048995 0.065673
2 0.455785 0.613976 0.051123 0.070059
1 0.896031 0.524143 0.051430 0.071974
2 0.289365 0.695865 0.048257 0.062736
2 0.399775 0.801944 0.041243 0.060175
2 0.689298 0.095524 0.058230 0.081662
2 0.268608 0.636574 0.052952 0.067504
1 0.655458 0.282681 0.058884 0.077415
2 0.419048 0.661083 0.053673 0.081242
1 0.611067 0.645968 0.054992 0.069214
1 0.728584 0.643091 0.059355 0.081687
2 0.442419 0.169926 0.052032 0.068757
2 0.493717 0.680001 0.058135 0.080550
1 0.660971 0.666013 0.043201 0.052799
1 0.309573 0.591662 0.047121 0.064565
1 0.767553 0.314938 0.050994 0.064082
2 0.429426 0.417906 0.058821 0.079240
2 0.225399 0.386646 0.049239 0.070389
1 0.758883 0.900735 0.047554 0.057323
2 0.485456 0.088061 0.051832 0.066943
1 0.668634 0.191700 0.054807 0.082311
1 0.283897 0.540923 0.048545 0.060934
1 0.821189 0.670210 0.043629 0.064885
2 0.249918 0.655888 0.046371 0.064661
1 0.676464 0.341513 0.057016 0.064815
1 0.721030 0.322653 0.043467 0.067743
2 0.641236 0.728128 0.071872 0.087364
1 0.622426 0.533166 0.046665 0.079375
1 0.254875 0.496412 0.047223 0.058408
1 0.774712 0.617450 0.054822 0.076773
2 0.382310 0.098660 0.051342 0.064632
1 0.842229 0.603493 0.062521 0.079911
1 0.428922 0.111499 0.051667 0.057651
2 0.777884 0.385951 0.058591 0.072052
2 0.158400 0.457340 0.042255 0.049573
1 0.575844 0.586024 0.060329 0.072227
1 0.847088 0.480281 0.062751 0.080692
1 0.469768 0.015820 0.067809 0.031606
1 0.684120 0.732116 0.039680 0.067638
1 0.166713 0.248164 0.048126 0.059355
1 0.778688 0.385433 0.060369 0.070999
2 0.348969 0.628354 0.040645 0.051868
2 0.011371 0.102264 0.021896 0.033166
2 0.576698 0.584575 0.059769 0.075145
2 0.726337 0.642582 0.064205 0.086706
1 0.640856 0.973851 0.036423 0.044963
2 0.845699 0.478744 0.063483 0.082260
2 0.095065 0.447745 0.028642 0.036400
2 0.477076 0.180777 0.044364 0.068166
2 0.655031 0.283875 0.055558 0.076331
2 0.414084 0.049467 0.049621 0.069946
2 0.354193 0.581647 0.045375 0.060269
2 0.007078 0.064269 0.014157 0.036636
1 0.415137 0.050122 0.050798 0.068806
2 0.676403 0.340777 0.056282 0.069096
1 0.354017 0.580783 0.047051 0.062916
1 0.642983 0.729145 0.065583 0.085790
1 0.296279 0.500695 0.049566 0.053910
2 0.841868 0.604058 0.060682 0.078104
1 0.527547 0.939190 0.042848 0.042492
2 0.132139 0.442164 0.032632 0.038527
2 0.192232 0.393078 0.036318 0.046962
1 0.148479 0.288795 0.036869 0.043134
2 0.188344 0.475635 0.033074 0.054284
1 0.620058 0.247922 0.045127 0.060018
2 0.622798 0.533475 0.046336 0.079100
2 0.148257 0.289298 0.036530 0.042077
2 0.197827 0.370797 0.046491 0.061347