2 0.665282 0.447809 0.065009 0.083772
2 0.832942 0.503239 0.062049 0.077796
2 0.351047 0.758776 0.052619 0.068176
2 0.362572 0.897025 0.043021 0.057406
1 0.601084 0.668699 0.055477 0.068128
2 0.677584 0.120803 0.061823 0.084738
2 0.828006 0.626323 0.061853 0.079530
2 0.765679 0.408750 0.060150 0.073204
1 0.812079 0.306045 0.064223 0.089627
1 0.871180 0.348074 0.061052 0.076874
2 0.483464 0.702525 0.058288 0.075088
1 0.926392 0.322516 0.063390 0.080871
2 0.475266 0.115027 0.052345 0.072240
2 0.139874 0.536649 0.044505 0.057726
2 0.124320 0.383959 0.046344 0.060871
2 0.446498 0.636564 0.050537 0.067517
1 0.844889 0.703172 0.050051 0.066709
2 0.432069 0.196603 0.056674 0.071566
2 0.372188 0.124442 0.049361 0.061844
1 0.761406 0.641572 0.055266 0.076944
2 0.610913 0.277072 0.047115 0.067593
2 0.409616 0.682802 0.050381 0.076948
2 0.419688 0.439507 0.059242 0.078725
2 0.643919 0.310778 0.056218 0.077722
2 0.389516 0.825771 0.041461 0.056386
1 0.274941 0.565888 0.048684 0.063130
2 0.882267 0.426251 0.064769 0.082364
2 0.405005 0.075957 0.052256 0.071370
2 0.657238 0.218536 0.055606 0.080485
2 0.240636 0.679911 0.045392 0.064281
1 0.633485 0.987662 0.052534 0.024675
1 0.299445 0.615602 0.043868 0.060431
1 0.612205 0.558158 0.049082 0.079291
1 0.808396 0.693267 0.044656 0.066436
2 0.665879 0.365617 0.057534 0.069181
1 0.455460 0.028398 0.060510 0.056796
2 0.343317 0.604440 0.048635 0.062743
2 0.258580 0.660836 0.049551 0.067043
2 0.219700 0.411916 0.044364 0.065985
1 0.746503 0.923475 0.047241 0.057835
1 0.883809 0.546425 0.049647 0.070496
2 0.703070 0.219267 0.060887 0.078991
2 0.250186 0.666531 0.060740 0.073477
1 0.287391 0.522624 0.044709 0.046873
2 0.278847 0.718874 0.047472 0.061268
2 0.467986 0.207405 0.043253 0.067397
2 0.714375 0.667026 0.062022 0.082495
1 0.512740 0.959713 0.036596 0.044596
1 0.157526 0.276103 0.046474 0.056306
2 0.629604 0.748912 0.071385 0.082574
2 0.420091 0.138605 0.051233 0.061675
1 0.565222 0.608218 0.056789 0.073446
1 0.673273 0.753936 0.039188 0.070293
1 0.716452 0.665544 0.058388 0.082644
2 0.565507 0.608289 0.057187 0.075766
1 0.704942 0.220168 0.059437 0.078827
2 0.608618 0.741802 0.037691 0.080553
1 0.418844 0.138295 0.049440 0.060468
2 0.154019 0.413091 0.033272 0.047305
2 0.755513 0.341356 0.050537 0.063667
2 0.148916 0.482054 0.041544 0.052697
1 0.244310 0.520480 0.041996 0.056304
1 0.708505 0.349201 0.042797 0.069242
2 0.136606 0.313838 0.032801 0.040399
1 0.662175 0.372082 0.047297 0.056365
1 0.148911 0.481740 0.041489 0.053109
2 0.084335 0.473296 0.028216 0.033388
2 0.708573 0.349665 0.043346 0.069634
1 0.735967 0.742223 0.035033 0.055485
2 0.337636 0.150302 0.036769 0.041019
2 0.183147 0.417069 0.036261 0.043282
2 0.612058 0.555746 0.046085 0.080801
1 0.301715 0.480834 0.032829 0.049842
1 0.136575 0.314208 0.032808 0.041110
1 0.667349 0.367079 0.054625 0.068685