2 0.665011 0.450683 0.065243 0.083017
2 0.363970 0.898701 0.044168 0.058161
2 0.351968 0.760729 0.051584 0.067852
2 0.832933 0.504860 0.062544 0.077773
2 0.676912 0.124186 0.060499 0.084200
1 0.601099 0.670270 0.054806 0.068902
2 0.765575 0.411225 0.059780 0.073956
2 0.482947 0.703897 0.057441 0.074764
1 0.275455 0.568556 0.048548 0.062396
2 0.125153 0.385369 0.046021 0.059884
1 0.869397 0.350713 0.061509 0.080272
1 0.811471 0.307789 0.064302 0.088126
2 0.475050 0.117206 0.052088 0.071175
2 0.446336 0.637675 0.052509 0.067005
2 0.828287 0.627941 0.061842 0.080952
1 0.926003 0.325037 0.063296 0.081350
2 0.432746 0.199894 0.054547 0.071508
1 0.845141 0.705204 0.049735 0.065769
2 0.882029 0.428066 0.063992 0.083438
1 0.761221 0.643072 0.054695 0.076792
2 0.643799 0.312238 0.056421 0.077055
2 0.408219 0.684434 0.047784 0.076649
2 0.419483 0.442485 0.059057 0.078553
2 0.280656 0.720609 0.047735 0.060162
2 0.390404 0.826986 0.039779 0.056730
2 0.140684 0.538659 0.044657 0.058237
2 0.656501 0.219846 0.059807 0.082254
2 0.664998 0.368535 0.056560 0.070986
1 0.288027 0.524122 0.044532 0.049429
1 0.300094 0.617179 0.043701 0.060188
1 0.454800 0.029629 0.059868 0.059258
2 0.343727 0.606093 0.048052 0.063132
2 0.250257 0.668453 0.061295 0.074013
1 0.611570 0.559434 0.048563 0.079765
2 0.404289 0.078949 0.051641 0.072037
2 0.242515 0.679250 0.048348 0.069247
1 0.808770 0.694601 0.045693 0.067968
2 0.610758 0.278779 0.048748 0.065073
1 0.632243 0.988341 0.047039 0.023318
2 0.260374 0.660831 0.050741 0.063925
1 0.564731 0.611169 0.058677 0.072735
2 0.372672 0.126988 0.049282 0.062105
1 0.747315 0.925730 0.045656 0.056902
2 0.628472 0.747434 0.075179 0.086440
2 0.714089 0.668922 0.062248 0.081641
2 0.220298 0.412263 0.044130 0.068429
2 0.468433 0.209129 0.040575 0.068017
1 0.156530 0.277239 0.044195 0.054941
1 0.884086 0.547853 0.049596 0.070372
2 0.420551 0.141099 0.051865 0.059689
1 0.419171 0.140754 0.050240 0.059049
2 0.565274 0.610472 0.057008 0.075501
2 0.703054 0.220819 0.059689 0.079041
2 0.085543 0.475426 0.027415 0.033666
1 0.704544 0.220472 0.058464 0.078223
1 0.150075 0.484608 0.041671 0.053673
2 0.608659 0.743965 0.037858 0.081198
1 0.715915 0.667386 0.058115 0.082301
2 0.150159 0.484621 0.041451 0.052856
1 0.244971 0.522281 0.042606 0.054580
1 0.672825 0.754766 0.039074 0.066459
2 0.708622 0.351148 0.042608 0.070517
1 0.644466 0.311513 0.058285 0.078109
2 0.755132 0.343379 0.050804 0.063798
1 0.137077 0.315500 0.031759 0.041645
1 0.665588 0.371784 0.056063 0.065952
2 0.154656 0.415251 0.032912 0.047655
2 0.612057 0.558343 0.045899 0.079207
2 0.137099 0.315166 0.032029 0.040683
1 0.514065 0.963090 0.036348 0.042900
1 0.302728 0.485043 0.032877 0.046560
2 0.121750 0.469399 0.030861 0.040588
1 0.632993 0.750358 0.066410 0.081669
1 0.649799 0.692346 0.043684 0.051507