2 0.350732 0.376911 0.067204 0.085200
1 0.276195 0.596299 0.060265 0.073100
2 0.517289 0.439601 0.062616 0.079984
2 0.940071 0.290935 0.062414 0.079511
2 0.972038 0.368357 0.055923 0.079174
2 0.794603 0.546895 0.059257 0.080157
2 0.150982 0.627758 0.061959 0.082742
2 0.506431 0.561549 0.059457 0.078917
2 0.568948 0.365481 0.062133 0.085466
1 0.516876 0.636629 0.052541 0.064894
2 0.085915 0.608038 0.065340 0.088891
2 0.453039 0.343361 0.058429 0.076874
2 0.117375 0.558520 0.055004 0.071608
1 0.501795 0.240304 0.062794 0.091545
2 0.110902 0.099064 0.055121 0.072051
2 0.882713 0.467056 0.055007 0.073048
2 0.864360 0.531050 0.061270 0.083910
2 0.880110 0.272239 0.059412 0.074575
2 0.017695 0.687780 0.034830 0.070649
1 0.615072 0.264294 0.063013 0.080925
2 0.043220 0.752681 0.044762 0.060147
2 0.372181 0.044854 0.062115 0.084744
2 0.098144 0.041113 0.053796 0.060409
2 0.246470 0.536760 0.062326 0.076334
1 0.442188 0.574059 0.053032 0.077603
2 0.277848 0.670047 0.043206 0.078848
1 0.562045 0.286612 0.055340 0.077473
1 0.411794 0.855438 0.047934 0.056533
2 0.316378 0.683489 0.067510 0.084213
2 0.016677 0.524814 0.031908 0.072833
2 0.156472 0.029004 0.058457 0.058009
2 0.018811 0.828879 0.037623 0.055850
2 0.049652 0.026787 0.058218 0.053574
1 0.396239 0.148213 0.062693 0.077826
2 0.823516 0.493893 0.046492 0.064110
1 0.321688 0.969055 0.036419 0.049786
1 0.348435 0.141875 0.055474 0.084328
2 0.147760 0.115863 0.046062 0.068574
2 0.334567 0.233380 0.060279 0.081038
2 0.393366 0.599334 0.064185 0.084834
1 0.286460 0.929660 0.040652 0.048528
2 0.350582 0.291411 0.059483 0.073764
1 0.351438 0.292951 0.058780 0.069952
1 0.834372 0.930436 0.049465 0.060039
1 0.394201 0.596635 0.063218 0.089183
1 0.481917 0.628954 0.042422 0.066588
1 0.178276 0.464260 0.051935 0.067667
2 0.443395 0.272289 0.050417 0.064469
1 0.334768 0.232112 0.060071 0.079851
1 0.099323 0.357141 0.070018 0.089299
2 0.087632 0.409243 0.048622 0.062764
2 0.099787 0.357325 0.068784 0.085581
2 0.904772 0.307509 0.032749 0.062839
1 0.559847 0.485426 0.047599 0.076065
1 0.293349 0.485532 0.050824 0.084959
1 0.898275 0.917404 0.049367 0.060632
2 0.395854 0.147803 0.060902 0.075168