2 0.798755 0.271776 0.072531 0.092634
2 0.599002 0.652460 0.053987 0.071276
2 0.339271 0.255572 0.053261 0.067416
1 0.359900 0.362656 0.045930 0.054795
2 0.749619 0.056204 0.074132 0.079424
1 0.971241 0.622975 0.056773 0.079360
2 0.581828 0.808299 0.044728 0.060827
2 0.515954 0.550851 0.046143 0.063618
2 0.366480 0.534425 0.034554 0.045548
1 0.563369 0.425837 0.056461 0.071227
2 0.384888 0.463187 0.034835 0.046091
2 0.514555 0.609203 0.050803 0.064383
1 0.923875 0.532127 0.071811 0.071665
2 0.788213 0.522972 0.063784 0.075335
2 0.771799 0.322855 0.049918 0.081149
2 0.549180 0.525581 0.052194 0.067516
2 0.597369 0.738266 0.044559 0.061185
2 0.786053 0.584259 0.055742 0.064134
2 0.341044 0.416981 0.047176 0.062054
2 0.750172 0.505906 0.046184 0.076009
2 0.364442 0.661955 0.030505 0.038150
1 0.930452 0.461820 0.059290 0.076250
1 0.592178 0.478267 0.049352 0.064111
2 0.884957 0.634155 0.062782 0.088500
1 0.889569 0.958440 0.045807 0.057625
2 0.431566 0.417969 0.046348 0.058973
2 0.181070 0.249322 0.031698 0.041219
2 0.592961 0.536946 0.048303 0.059811
2 0.197948 0.353545 0.034056 0.041440
1 0.341835 0.416656 0.049864 0.066150
2 0.632595 0.478455 0.049367 0.069446
2 0.967741 0.421391 0.057606 0.066050
1 0.935149 0.651207 0.045235 0.064998
1 0.454176 0.268559 0.067421 0.099256
1 0.388506 0.387209 0.031771 0.054307
1 0.498886 0.401819 0.041768 0.063723
2 0.930606 0.461026 0.059971 0.077473
1 0.361336 0.313554 0.039816 0.048164
1 0.364225 0.143481 0.054566 0.056331
0 0.007461 0.569240 0.014020 0.040060
1 0.431670 0.418033 0.047171 0.058450
2 0.454369 0.270276 0.064470 0.096901
1 0.971137 0.420704 0.050541 0.062708
2 0.766106 0.392015 0.046404 0.066189
2 0.345316 0.642649 0.026869 0.035896
2 0.989504 0.067112 0.020993 0.090590
2 0.007089 0.951599 0.013025 0.044232
2 0.123422 0.107673 0.026566 0.030924
2 0.501254 0.372176 0.045422 0.059441
1 0.884567 0.634351 0.061144 0.087254
2 0.764450 0.318753 0.040236 0.078044
1 0.500099 0.384935 0.044462 0.085956
1 0.245306 0.210311 0.032139 0.040458