2 0.892459 0.692746 0.086363 0.109779
2 0.816585 0.476959 0.087755 0.106495
2 0.538046 0.884833 0.074726 0.094667
2 0.350012 0.884966 0.074155 0.096461
2 0.902516 0.582174 0.081788 0.103389
2 0.750298 0.714349 0.053080 0.076086
2 0.727475 0.941445 0.067202 0.087593
1 0.953597 0.521353 0.086999 0.106726
2 0.054649 0.350823 0.048925 0.066399
2 0.096149 0.466112 0.044495 0.047178
2 0.442184 0.793846 0.084648 0.093817
1 0.425575 0.868452 0.075094 0.094535
1 0.023983 0.196268 0.039616 0.058722
2 0.146332 0.868566 0.033242 0.041176