2 0.663043 0.444365 0.064779 0.086328
2 0.348268 0.757681 0.050512 0.067547
2 0.831528 0.500574 0.061047 0.078958
1 0.867772 0.345924 0.059072 0.080968
1 0.598708 0.665290 0.053960 0.065974
2 0.360897 0.894938 0.043853 0.057132
1 0.924561 0.319158 0.062995 0.080790
1 0.809648 0.303217 0.063520 0.090138
2 0.430628 0.192679 0.053528 0.067463
2 0.764449 0.406093 0.059394 0.074280
2 0.826339 0.624262 0.062129 0.079299
1 0.842963 0.700050 0.051913 0.066734
2 0.674697 0.117290 0.061853 0.084337
2 0.121469 0.382098 0.047579 0.062161
2 0.472948 0.113045 0.051224 0.069831
2 0.417334 0.438018 0.060108 0.080506
2 0.369290 0.121782 0.050476 0.062074
2 0.405874 0.681362 0.048650 0.081523
2 0.641744 0.307284 0.057076 0.077433
2 0.444240 0.633948 0.050013 0.068924
2 0.403223 0.072735 0.052367 0.070623
1 0.670210 0.752804 0.039270 0.067424
2 0.257562 0.656675 0.050138 0.064873
2 0.136295 0.533229 0.044909 0.056491
2 0.480373 0.700008 0.059151 0.076143
2 0.664028 0.363720 0.056938 0.068808
2 0.386546 0.824284 0.041434 0.056363
2 0.236396 0.678276 0.040439 0.063720
2 0.418027 0.134571 0.050509 0.059829
1 0.629486 0.987087 0.051214 0.025825
1 0.760664 0.637626 0.052014 0.075649
2 0.654352 0.214711 0.058748 0.082134
2 0.341589 0.601259 0.048708 0.060939
1 0.452805 0.025247 0.060418 0.050493
1 0.703979 0.216304 0.062166 0.080111
2 0.608776 0.275192 0.049038 0.069466
2 0.466444 0.202960 0.044431 0.065257
1 0.714721 0.661995 0.060714 0.084246
1 0.882001 0.543469 0.051535 0.071950
1 0.417709 0.135061 0.051049 0.061370
1 0.610307 0.551645 0.046936 0.079117
2 0.753997 0.337104 0.052161 0.065202
2 0.276918 0.717092 0.045955 0.060192
2 0.880825 0.422116 0.060690 0.079616
1 0.563481 0.605641 0.057335 0.073859
1 0.805127 0.687832 0.040713 0.068098
1 0.284669 0.521678 0.046277 0.046939
1 0.271028 0.561546 0.047482 0.061168
1 0.152699 0.274055 0.043293 0.057485
2 0.628050 0.747025 0.071062 0.082522
1 0.632238 0.747025 0.061751 0.079966
1 0.745344 0.920419 0.046632 0.056890
2 0.563539 0.605648 0.060967 0.072095
2 0.214833 0.411052 0.043828 0.064049
2 0.146035 0.481066 0.042713 0.050770
1 0.297377 0.613207 0.044576 0.060128
1 0.241303 0.519065 0.044771 0.056985
2 0.133793 0.312784 0.034780 0.041951
2 0.713590 0.663951 0.062086 0.082601
2 0.150843 0.412319 0.034669 0.045636
2 0.333597 0.150231 0.035340 0.043777
1 0.133850 0.313361 0.034744 0.042590
2 0.251271 0.661863 0.060253 0.073219
1 0.648038 0.685808 0.044405 0.053142
2 0.706497 0.346730 0.042214 0.069877
2 0.603567 0.737256 0.029467 0.075865
2 0.610210 0.552113 0.046255 0.077402
1 0.405486 0.073075 0.053931 0.072062
2 0.080749 0.470864 0.028949 0.035672
2 0.119455 0.464830 0.032923 0.039194
1 0.146625 0.480352 0.043515 0.053754