2 0.380848 0.744799 0.050728 0.067750
2 0.698010 0.435143 0.066667 0.084443
2 0.394983 0.882116 0.045192 0.057320
1 0.632524 0.655174 0.055099 0.069293
2 0.155514 0.367228 0.048039 0.063109
1 0.847240 0.289413 0.062561 0.087036
1 0.905227 0.334168 0.058265 0.077624
1 0.780025 0.910884 0.049400 0.058872
1 0.962791 0.309147 0.062502 0.081111
1 0.878002 0.690763 0.051143 0.065099
1 0.738028 0.203909 0.059828 0.078084
1 0.750752 0.655164 0.058714 0.081119
2 0.478012 0.624373 0.054416 0.076259
1 0.918816 0.533521 0.050678 0.071336
1 0.697487 0.353453 0.058369 0.068270
2 0.309880 0.704383 0.047606 0.061187
2 0.289394 0.644727 0.056082 0.064111
2 0.513776 0.689351 0.060331 0.080511
2 0.710331 0.104996 0.060757 0.084948
2 0.421464 0.810208 0.041884 0.058534
1 0.840991 0.681754 0.041838 0.063060
1 0.796772 0.627693 0.053753 0.072897
1 0.331446 0.600973 0.047520 0.064377
1 0.598655 0.596326 0.061206 0.071374
2 0.799933 0.396061 0.059114 0.073695
2 0.452131 0.425855 0.061206 0.079641
1 0.862502 0.613346 0.064436 0.079670
1 0.489383 0.019588 0.065454 0.039176
2 0.442959 0.669701 0.056147 0.081767
1 0.918731 0.411944 0.063327 0.083044
1 0.676844 0.294461 0.061890 0.077222
2 0.171050 0.519634 0.046924 0.057088
1 0.705576 0.740236 0.038167 0.069239
2 0.114273 0.452994 0.026971 0.035048
1 0.789069 0.325467 0.051160 0.063137
2 0.374647 0.589988 0.047488 0.064997
1 0.644398 0.542586 0.047943 0.079932
2 0.185142 0.396396 0.034421 0.045509
2 0.867288 0.489051 0.063828 0.081225
2 0.403010 0.106800 0.050561 0.063422
1 0.187911 0.258080 0.045874 0.061847
2 0.506323 0.099425 0.052669 0.067795
1 0.689425 0.202383 0.055556 0.081590
2 0.249930 0.395551 0.044328 0.070014
2 0.435477 0.057486 0.052562 0.068138
1 0.305475 0.550258 0.050047 0.063188
2 0.464107 0.181129 0.051325 0.068423
2 0.275086 0.661989 0.050998 0.064501
1 0.451822 0.120337 0.050896 0.059824
2 0.676767 0.294751 0.057218 0.074260
1 0.319634 0.512016 0.051112 0.059267
2 0.166837 0.294479 0.033575 0.040897
2 0.665011 0.735344 0.074336 0.082908
2 0.861878 0.614041 0.065659 0.082302
1 0.464598 0.179439 0.050043 0.064021
2 0.641756 0.262213 0.046056 0.066868
2 0.270085 0.666819 0.040018 0.061793
2 0.179713 0.465370 0.043712 0.051333
1 0.665999 0.736964 0.063829 0.081860
1 0.276071 0.504808 0.048427 0.062450
1 0.867069 0.491528 0.064223 0.081345
2 0.450737 0.120918 0.049183 0.058472
1 0.640724 0.260954 0.042324 0.063737
1 0.743195 0.334923 0.040164 0.071366
1 0.530136 0.529259 0.047253 0.063107
2 0.213717 0.400938 0.038029 0.047287
2 0.022201 0.069772 0.025999 0.032020
1 0.499356 0.192115 0.040805 0.064768
2 0.022149 0.106278 0.031209 0.030006
2 0.330869 0.601332 0.047387 0.064973
2 0.047173 0.951901 0.028195 0.031305
1 0.682862 0.674028 0.043265 0.047082
1 0.438479 0.058032 0.056751 0.066123
2 0.028415 0.106374 0.030372 0.031223
2 0.439063 0.476245 0.036677 0.058762
1 0.557843 0.008496 0.052157 0.016991
1 0.602147 0.333471 0.054146 0.055329