2 0.657391 0.702702 0.078629 0.098008
2 0.830150 0.775411 0.072098 0.083679
2 0.820364 0.960517 0.060024 0.074815
2 0.959574 0.281854 0.080852 0.106912
1 0.547113 0.678467 0.074481 0.093567
2 0.467771 0.702977 0.071018 0.095411
2 0.858597 0.926628 0.044705 0.064334
2 0.147264 0.555896 0.035369 0.045037
1 0.467141 0.702784 0.072506 0.095964
2 0.986347 0.379497 0.027306 0.089252
2 0.784256 0.946877 0.048634 0.069091
2 0.842741 0.554866 0.055318 0.073198
2 0.141492 0.620357 0.027170 0.036365
1 0.560964 0.607758 0.081240 0.086548
2 0.602137 0.895755 0.037701 0.048215
2 0.444938 0.794902 0.023816 0.027591