2 0.511416 0.422783 0.086449 0.106578
2 0.159713 0.150985 0.089573 0.107737
2 0.662458 0.551596 0.087257 0.111944
2 0.719028 0.655041 0.093770 0.114198
2 0.039240 0.497241 0.078480 0.098283
2 0.261274 0.926772 0.084146 0.104658
2 0.235593 0.033378 0.090237 0.066755
2 0.580510 0.634114 0.076094 0.101608
2 0.637972 0.743616 0.080146 0.085665
2 0.348241 0.800385 0.084271 0.104120
2 0.503085 0.960672 0.081783 0.078657
2 0.525607 0.903772 0.083948 0.094109
1 0.348941 0.799867 0.082456 0.103871
0 0.954574 0.330464 0.079962 0.136789