2 0.615826 0.417108 0.064725 0.084459
1 0.546534 0.637256 0.054691 0.066638
2 0.290378 0.724203 0.050775 0.068163
2 0.300136 0.863570 0.043983 0.057219
1 0.658454 0.187763 0.059105 0.075770
2 0.782999 0.474925 0.061913 0.078346
1 0.765016 0.276236 0.064017 0.089376
2 0.718045 0.380065 0.059472 0.073381
2 0.835692 0.400671 0.063183 0.083200
2 0.063330 0.338339 0.047794 0.061150
2 0.327568 0.789834 0.042206 0.060004
1 0.597126 0.277642 0.056311 0.077554
1 0.879451 0.297561 0.063278 0.083265
1 0.242398 0.577675 0.047563 0.063082
2 0.425810 0.667644 0.060452 0.079643
1 0.823092 0.321589 0.063340 0.078987
1 0.217282 0.526238 0.049973 0.061700
1 0.566472 0.966664 0.037317 0.046173
2 0.369211 0.404332 0.060534 0.077776
1 0.357561 0.035523 0.055873 0.071047
2 0.355305 0.649849 0.054041 0.083533
2 0.391712 0.602267 0.051059 0.068463
1 0.087589 0.439329 0.042207 0.053840
2 0.381304 0.157110 0.055385 0.070786
1 0.561823 0.523687 0.046950 0.082935
1 0.617656 0.335522 0.057258 0.068389
2 0.775627 0.599542 0.062837 0.076799
1 0.661197 0.318303 0.042219 0.069845
2 0.218594 0.682882 0.048918 0.059686
2 0.181796 0.639144 0.050679 0.072072
1 0.513767 0.575876 0.059916 0.074813
1 0.099430 0.228286 0.050347 0.062548
2 0.426766 0.076171 0.052098 0.071660
1 0.610800 0.184574 0.053139 0.081704
1 0.789669 0.677688 0.050656 0.065009
1 0.663986 0.636648 0.059460 0.082463
2 0.632803 0.088054 0.057578 0.083935
1 0.563128 0.242335 0.050572 0.070131
1 0.710403 0.611869 0.053205 0.074089
2 0.285293 0.568184 0.049086 0.060762
2 0.198145 0.623575 0.053709 0.066540
1 0.368338 0.097102 0.051851 0.059840
2 0.161477 0.368999 0.042240 0.067341
1 0.321703 0.082425 0.051152 0.064570
1 0.687415 0.895233 0.047241 0.056610
2 0.077170 0.492348 0.045346 0.059769
2 0.418780 0.167021 0.044232 0.064439
1 0.582522 0.722131 0.058957 0.080132
1 0.707465 0.310859 0.049147 0.062690
1 0.831752 0.521232 0.049045 0.072286
2 0.070095 0.267864 0.035476 0.042931
1 0.614119 0.723938 0.039582 0.066693
1 0.118500 0.457219 0.034227 0.050851
1 0.595009 0.660040 0.044333 0.052697
2 0.662832 0.639151 0.061916 0.080545
1 0.088375 0.369470 0.033685 0.045233
1 0.230398 0.483137 0.048817 0.051555
2 0.583473 0.721213 0.060335 0.081341
2 0.550660 0.711487 0.035303 0.075058
1 0.971749 0.012138 0.056501 0.024276
2 0.369407 0.096522 0.051879 0.059676
1 0.752589 0.667729 0.041628 0.062771
1 0.077543 0.493215 0.045009 0.058797
1 0.413748 0.006819 0.069017 0.013048
2 0.015503 0.429495 0.027607 0.037260
1 0.200322 0.619693 0.050875 0.061255
2 0.687115 0.894662 0.047894 0.056864
1 0.158520 0.368876 0.045517 0.071447
2 0.321998 0.081908 0.050737 0.063000