2 0.657683 0.444037 0.066391 0.086155
2 0.826408 0.499996 0.064030 0.080885
2 0.343090 0.758159 0.050363 0.066783
1 0.593393 0.665379 0.054098 0.066637
2 0.356155 0.895885 0.043238 0.056105
2 0.758328 0.406477 0.057262 0.076300
1 0.803880 0.302773 0.062222 0.089342
2 0.382930 0.823910 0.040792 0.057365
2 0.667363 0.116376 0.064440 0.084577
1 0.267075 0.563109 0.050210 0.062122
2 0.875578 0.421070 0.062498 0.081154
2 0.422696 0.192286 0.052306 0.067652
2 0.657806 0.363158 0.056953 0.068916
1 0.863689 0.344610 0.058558 0.078883
2 0.821153 0.622914 0.063144 0.079951
1 0.918807 0.318811 0.064000 0.081450
2 0.363114 0.120720 0.048535 0.061946
2 0.474623 0.698884 0.061722 0.079022
2 0.636181 0.306054 0.054101 0.074913
2 0.115904 0.382491 0.049153 0.062370
1 0.838513 0.699567 0.050968 0.065850
2 0.438567 0.634675 0.052359 0.071136
2 0.411573 0.437992 0.062732 0.081117
2 0.395976 0.071649 0.053199 0.070343
2 0.409069 0.135143 0.046326 0.060216
2 0.131980 0.535662 0.048041 0.058477
1 0.290629 0.613805 0.043595 0.059648
1 0.558304 0.605971 0.056769 0.074882
2 0.270984 0.717434 0.046826 0.061597
1 0.696230 0.216563 0.060709 0.076965
2 0.402044 0.680170 0.051254 0.080780
2 0.467313 0.111753 0.052667 0.070511
1 0.280692 0.522393 0.050286 0.048797
2 0.232212 0.678314 0.045746 0.068166
1 0.148215 0.274834 0.045686 0.058304
1 0.625513 0.986853 0.048458 0.026293
1 0.253382 0.654009 0.049984 0.057766
1 0.756919 0.637629 0.053287 0.073361
2 0.707777 0.663080 0.060684 0.083094
2 0.603302 0.272777 0.050548 0.069295
2 0.749480 0.337336 0.052515 0.066206
2 0.209789 0.408188 0.045753 0.070705
1 0.664042 0.751578 0.038808 0.065091
2 0.648914 0.215418 0.055551 0.083166
2 0.335938 0.601735 0.046306 0.062062
2 0.460448 0.204805 0.046770 0.066492
1 0.875873 0.544393 0.052711 0.071503
1 0.708168 0.661063 0.060596 0.084495
1 0.628277 0.746999 0.058752 0.075872
1 0.445615 0.025937 0.061891 0.051875
1 0.801009 0.687798 0.044977 0.063008
2 0.601994 0.551873 0.050025 0.078804
1 0.739999 0.919117 0.046547 0.057139
2 0.252823 0.655435 0.051607 0.059798
2 0.077789 0.472512 0.027428 0.034607
1 0.140467 0.481037 0.043589 0.051366
1 0.602048 0.552478 0.051136 0.080417
2 0.702352 0.345887 0.040886 0.068889
1 0.335682 0.602052 0.047131 0.061756
2 0.146330 0.412315 0.035412 0.045216
1 0.410784 0.437830 0.062364 0.081886
2 0.624988 0.744992 0.067266 0.082436
2 0.236621 0.671259 0.053867 0.077729
1 0.644769 0.686018 0.043479 0.052698
2 0.600671 0.740009 0.035076 0.076022
1 0.438483 0.636948 0.052707 0.072164
1 0.129134 0.312747 0.034448 0.040252
1 0.236298 0.517210 0.046997 0.056856
1 0.486617 0.542609 0.051079 0.063628
2 0.328329 0.150703 0.035857 0.046050
2 0.140540 0.480948 0.043727 0.050976
2 0.129586 0.313025 0.034426 0.039577
2 0.990231 0.022141 0.019538 0.044283