2 0.443629 0.378710 0.068148 0.086943
1 0.370375 0.600518 0.056649 0.066557
2 0.108855 0.824100 0.045287 0.058791
2 0.891748 0.548892 0.061470 0.082716
2 0.104077 0.684652 0.053985 0.071553
2 0.610959 0.440414 0.063536 0.081964
2 0.662811 0.364244 0.062476 0.085860
2 0.547616 0.342875 0.059457 0.075624
2 0.244949 0.629213 0.061361 0.082234
2 0.028162 0.639143 0.050425 0.064592
2 0.977671 0.467033 0.044658 0.076117
2 0.600541 0.563414 0.062278 0.078283
1 0.595787 0.240069 0.062096 0.090869
2 0.211257 0.559945 0.054356 0.070456
2 0.206217 0.102900 0.054770 0.071828
1 0.652084 0.285939 0.060805 0.080407
2 0.193093 0.042724 0.054182 0.062098
2 0.974257 0.271344 0.051487 0.076824
1 0.710296 0.263982 0.062524 0.080545
1 0.029733 0.479070 0.054289 0.066047
2 0.177351 0.607464 0.060415 0.084468
1 0.610209 0.640960 0.050424 0.064568
2 0.138739 0.751363 0.043209 0.060031
2 0.020874 0.576951 0.041748 0.067563
2 0.193626 0.358485 0.066312 0.081921
2 0.465973 0.042437 0.063471 0.084873
2 0.144552 0.029195 0.057003 0.058389
2 0.488198 0.599221 0.062067 0.082428
2 0.252908 0.028989 0.055555 0.057979
1 0.379040 0.929928 0.040604 0.049906
2 0.408069 0.683503 0.060660 0.079465
1 0.490442 0.146381 0.062345 0.081439
1 0.933323 0.936941 0.050806 0.060628
2 0.425718 0.233752 0.057143 0.078311
1 0.056276 0.534595 0.050500 0.070821
2 0.965027 0.534742 0.059715 0.081118
1 0.444471 0.295044 0.057031 0.071827
2 0.370298 0.672630 0.039199 0.075268
2 0.921224 0.495179 0.049256 0.065106
2 0.242307 0.116384 0.047739 0.070153
1 0.037806 0.439703 0.057192 0.065575
2 0.100938 0.525445 0.052168 0.064911
1 0.440845 0.140782 0.057435 0.085429
1 0.987009 0.922268 0.025796 0.065292
1 0.505572 0.856744 0.049346 0.056508
1 0.425650 0.232475 0.061042 0.080878
2 0.339513 0.537543 0.060045 0.075186
1 0.338655 0.537365 0.062195 0.072553
2 0.390141 0.198046 0.046053 0.069676
1 0.656080 0.486396 0.048798 0.073470
2 0.536820 0.271452 0.051141 0.064009
1 0.534489 0.575945 0.051703 0.075809
2 0.056348 0.535023 0.050256 0.068781
2 0.444916 0.293196 0.058770 0.071820
1 0.411494 0.968320 0.034080 0.050239
1 0.573785 0.626558 0.044160 0.062991
1 0.265170 0.890924 0.039669 0.048333
2 0.490381 0.278266 0.038738 0.072727
2 0.183400 0.413219 0.051620 0.060202
2 0.094781 0.572946 0.050440 0.057678