2 0.786099 0.687848 0.065759 0.083845
2 0.783462 0.360999 0.061488 0.082319
1 0.928065 0.536899 0.062478 0.083436
1 0.813986 0.456230 0.061903 0.078012
1 0.980259 0.585041 0.039482 0.081729
1 0.728256 0.901478 0.054486 0.071466
1 0.403939 0.801143 0.051043 0.064377
2 0.384510 0.903304 0.063900 0.082772
2 0.254045 0.607210 0.048593 0.065001
2 0.859906 0.037884 0.054457 0.068426
1 0.844719 0.903069 0.060399 0.079362
2 0.483810 0.360971 0.050251 0.066612
2 0.545405 0.433364 0.051936 0.070005
2 0.513832 0.308531 0.049202 0.065970
1 0.574023 0.874900 0.055918 0.075692
2 0.957126 0.737159 0.062229 0.078268
1 0.783266 0.602105 0.055770 0.063626
2 0.797784 0.062174 0.073723 0.081578
1 0.892335 0.870045 0.057185 0.076614
2 0.485811 0.967768 0.047889 0.064463
2 0.885099 0.645114 0.059899 0.074622
2 0.458914 0.169190 0.048459 0.063306
1 0.755965 0.547463 0.057486 0.078056
2 0.273942 0.750008 0.047582 0.057066
1 0.957990 0.854758 0.061775 0.075891
1 0.737833 0.801716 0.040684 0.077375
2 0.572862 0.874240 0.055025 0.075348
2 0.539214 0.940625 0.063105 0.082976
1 0.613374 0.935105 0.057153 0.075051
1 0.874016 0.567816 0.050982 0.065227
2 0.441622 0.227885 0.031463 0.040891
1 0.428315 0.852370 0.044975 0.067765
2 0.444295 0.130460 0.039271 0.052112
2 0.531760 0.370480 0.049987 0.058931
1 0.414602 0.755583 0.051719 0.063604
2 0.289342 0.571843 0.033508 0.043696
1 0.977856 0.916655 0.042630 0.062167
1 0.563162 0.250862 0.058978 0.073568
2 0.415581 0.937593 0.047421 0.059189
1 0.942219 0.905501 0.040763 0.056205
1 0.988303 0.662719 0.023395 0.077697
1 0.689571 0.858543 0.056871 0.074216
1 0.782589 0.909294 0.041387 0.059213
2 0.087812 0.377954 0.023561 0.029034
2 0.585312 0.342789 0.051181 0.064904
1 0.538779 0.942540 0.062984 0.085010
1 0.768243 0.452283 0.052963 0.079957
2 0.768741 0.971826 0.059333 0.056348
2 0.451254 0.385579 0.038819 0.050506
2 0.768467 0.452714 0.056783 0.078428
2 0.346356 0.636944 0.040608 0.070716
1 0.827278 0.578726 0.041576 0.071676
2 0.758487 0.548095 0.056452 0.075663
2 0.222968 0.618639 0.028337 0.041735
2 0.538292 0.702432 0.060444 0.081101
1 0.721834 0.517683 0.045221 0.074686
2 0.279285 0.701993 0.043575 0.054091
2 0.340299 0.718477 0.032325 0.042836
2 0.374929 0.720513 0.044250 0.055691
2 0.033310 0.208481 0.024642 0.030189
2 0.311660 0.717531 0.033620 0.050316
2 0.156492 0.048955 0.029581 0.035493
1 0.307667 0.643336 0.039296 0.060254
1 0.471704 0.840247 0.048798 0.070151
1 0.344825 0.636027 0.043716 0.072139
2 0.105363 0.364691 0.025532 0.030928
2 0.689734 0.857942 0.056708 0.074727
1 0.538247 0.702345 0.060034 0.085019
1 0.531829 0.369289 0.049379 0.059407
2 0.561962 0.251944 0.058731 0.071640
1 0.585198 0.343239 0.050765 0.064431
2 0.262733 0.298147 0.026902 0.032522
2 0.827151 0.578372 0.041713 0.073530
2 0.470571 0.841623 0.050645 0.071912
2 0.840804 0.074424 0.047779 0.055843
2 0.133141 0.277278 0.026877 0.030017
0 0.150511 0.514054 0.024484 0.029603
2 0.124242 0.276822 0.029365 0.030621