2 0.0018846839666366577 0.4053030014038086 0.0037693679332733154 0.13865602016448975
2 0.08872750401496887 0.5002139806747437 0.16813498735427856 0.16783499717712402
2 0.20822498202323914 0.6018199920654297 0.15622621774673462 0.1501549482345581
2 0.0783500075340271 0.3499700129032135 0.15485000610351562 0.14547699689865112
2 0.01861531287431717 0.2695780098438263 0.03723062574863434 0.1437699794769287
2 0.30705249309539795 0.5097830295562744 0.1521512269973755 0.14452803134918213
2 0.9455509185791016 0.4431590139865875 0.10889816284179688 0.14632302522659302
2 0.008070625364780426 0.5608180165290833 0.016141250729560852 0.1626570224761963
2 0.9551771879196167 0.22942300140857697 0.0896456241607666 0.13550499081611633
1 0.8985912799835205 0.017220251262187958 0.13541126251220703 0.034440502524375916
1 0.09232001006603241 0.4986700117588043 0.16397252678871155 0.16333800554275513
2 0.9616274833679199 0.6351360082626343 0.07674503326416016 0.16084599494934082
2 0.8972587585449219 0.32533401250839233 0.1379513144493103 0.13627898693084717
