2 0.338670015335083 0.47760099172592163 0.16809126734733582 0.1654139757156372
2 0.2099187672138214 0.5582979917526245 0.1604524850845337 0.16298797726631165
2 0.1860562562942505 0.39475101232528687 0.15085750818252563 0.15243196487426758
2 0.6224350333213806 0.3016729950904846 0.15363621711730957 0.15247701108455658
2 0.532462477684021 0.4198620021343231 0.17035245895385742 0.16249197721481323
2 0.2593212425708771 0.26675400137901306 0.15233123302459717 0.15913701057434082
2 0.5032987594604492 0.20043699443340302 0.15296506881713867 0.16147199273109436
2 0.38024628162384033 0.11243899166584015 0.14084002375602722 0.14379200339317322
2 0.6650012135505676 0.13333900272846222 0.15916872024536133 0.14247199892997742
1 0.5324574708938599 0.062289249151945114 0.15074121952056885 0.12457849830389023
2 0.22730374336242676 0.13432300090789795 0.1413024663925171 0.1343039870262146
2 0.0072343796491622925 0.10516200214624405 0.014468759298324585 0.14437200129032135
1 0.6611262559890747 0.9695910215377808 0.1793537139892578 0.06081795692443848
0 0.4860674738883972 0.9457160234451294 0.1722012758255005 0.10856795310974121
2 0.3966812491416931 0.3341520130634308 0.15046128630638123 0.15758401155471802
