2 0.1976274847984314 0.5645229816436768 0.1704999804496765 0.1637430191040039
1 0.33270373940467834 0.453220009803772 0.15960627794265747 0.15673601627349854
2 0.06918907165527344 0.5002419948577881 0.13837814331054688 0.1561499834060669
2 0.5196874737739563 0.6880639791488647 0.15031754970550537 0.15562796592712402
2 0.6193712949752808 0.5168709754943848 0.15198123455047607 0.15251100063323975
1 0.4978087544441223 0.42081600427627563 0.14230120182037354 0.15406501293182373
2 0.4959750175476074 0.42153099179267883 0.14948999881744385 0.15279698371887207
2 0.4438350200653076 0.5612559914588928 0.15579497814178467 0.1474980115890503
1 0.5069724917411804 0.25113800168037415 0.13628625869750977 0.13574200868606567
2 0.6154612898826599 0.327333003282547 0.15450870990753174 0.14445799589157104
1 0.0721665620803833 0.49477899074554443 0.1443331241607666 0.145781010389328
