2 0.955901563167572 0.7809510231018066 0.08819687366485596 0.15679001808166504
2 0.9738522171974182 0.4697589874267578 0.052295565605163574 0.15197396278381348
1 0.20283502340316772 0.3558860123157501 0.14548999071121216 0.13838797807693481
2 0.9476040601730347 0.6008939743041992 0.10479187965393066 0.15349996089935303
1 0.32987749576568604 0.28793999552726746 0.14230123162269592 0.1377429962158203
2 0.362262487411499 0.7121520042419434 0.16177627444267273 0.15728402137756348
2 0.6811874508857727 0.2769100069999695 0.15593504905700684 0.14634299278259277
2 0.015729375183582306 0.5370500087738037 0.03145875036716461 0.12022697925567627
1 0.3424850106239319 0.4378640055656433 0.1454637348651886 0.1444849967956543
1 0.2223849892616272 0.5062699913978577 0.1553025245666504 0.15894997119903564
2 0.5998525619506836 0.5567229986190796 0.16370368003845215 0.16033196449279785
1 0.21398499608039856 0.6676419973373413 0.16871249675750732 0.16924595832824707
2 0.07555562257766724 0.6004949808120728 0.15111124515533447 0.16609501838684082
1 0.10355749726295471 0.26269298791885376 0.1343575119972229 0.1389949917793274
2 0.3847912549972534 0.5742400288581848 0.15025627613067627 0.14820599555969238
1 0.22159874439239502 0.19408699870109558 0.14134377241134644 0.13252198696136475
2 0.3120124936103821 0.8549050092697144 0.1705549955368042 0.17038094997406006
2 0.21335875988006592 0.6706399917602539 0.1735224723815918 0.16967499256134033
1 0.6063224673271179 0.3765369951725006 0.15148496627807617 0.14431297779083252
2 0.6081612706184387 0.3771440088748932 0.15035879611968994 0.14350098371505737
1 0.4947037696838379 0.45341798663139343 0.1485375165939331 0.15015500783920288
2 0.9630662798881531 0.3267579972743988 0.07386744022369385 0.13513201475143433
2 0.49418872594833374 0.4527769982814789 0.15026748180389404 0.15100699663162231
