1 0.04908299446105957 0.39555099606513977 0.09816700220108032 0.13114799559116364
1 0.7126550078392029 0.5239139795303345 0.11448399722576141 0.14381000399589539
1 0.17556899785995483 0.33294999599456787 0.10097700357437134 0.13527099788188934
2 0.22605597972869873 0.409496009349823 0.11012499779462814 0.14212800562381744
2 0.08607602119445801 0.6076679825782776 0.1359959989786148 0.16449099779129028
1 0.09268200397491455 0.2732140123844147 0.10327599942684174 0.14151200652122498
1 0.6972939968109131 0.381164014339447 0.13309399783611298 0.13566499948501587
2 0.20468199253082275 0.5519539713859558 0.12290900200605392 0.15543200075626373
1 0.84797203540802 0.5935189723968506 0.12712399661540985 0.15033699572086334
1 0.11406397819519043 0.459771990776062 0.13678599894046783 0.16193099319934845
2 0.3016449809074402 0.5014410018920898 0.11095999926328659 0.11275599896907806
1 0.26431602239608765 0.25296398997306824 0.11502700299024582 0.1350110024213791
2 0.931896984577179 0.7025089859962463 0.13303899765014648 0.16427400708198547
1 0.5984200239181519 0.5121790170669556 0.12466499954462051 0.14797300100326538
2 0.15426099300384521 0.7266640067100525 0.10904400050640106 0.1468220055103302
2 0.11446797847747803 0.4589090049266815 0.12956899404525757 0.1574379950761795
1 0.7363569736480713 0.6521430015563965 0.13315799832344055 0.15201500058174133
1 0.08355998992919922 0.6037160158157349 0.12927499413490295 0.16217699646949768
2 0.597806990146637 0.5138649940490723 0.12592299282550812 0.15672099590301514
2 0.7405179738998413 0.6537439823150635 0.14813800156116486 0.16099299490451813
2 0.02112501859664917 0.7653160095214844 0.04225099831819534 0.15184499323368073
1 0.8041080236434937 0.4487749934196472 0.11991599947214127 0.13551700115203857
2 0.02529001235961914 0.5194129943847656 0.04940899834036827 0.13434100151062012
1 0.024466991424560547 0.5186750292778015 0.0489329993724823 0.13415099680423737
1 0.22804099321365356 0.4061700105667114 0.11012499779462814 0.1290069967508316
1 0.02493298053741455 0.29093000292778015 0.04926599934697151 0.1288360059261322
