2 0.9484919905662537 0.4053030014038086 0.1030149981379509 0.13865600526332855
2 0.8290179967880249 0.5002139806747437 0.13450799882411957 0.16783499717712402
2 0.7334200143814087 0.6018199920654297 0.12498100101947784 0.1501549929380417
2 0.8373199701309204 0.3499700129032135 0.12387999892234802 0.14547699689865112
2 0.9295079708099365 0.2695780098438263 0.1185849979519844 0.1437699943780899
2 0.6543580293655396 0.5097830295562744 0.12172099947929382 0.14452800154685974
2 0.11916100978851318 0.4431590139865875 0.13591499626636505 0.14632299542427063
2 0.9402480125427246 0.5608180165290833 0.10632199794054031 0.1626569926738739
2 0.11206400394439697 0.22942300140857697 0.11930499970912933 0.13550500571727753
1 0.18112701177597046 0.01721999980509281 0.10832899808883667 0.03444100171327591
2 0.034060001373291016 0.2717660069465637 0.06812100112438202 0.1476690024137497
1 0.8261439800262451 0.4986700117588043 0.13117800652980804 0.16333800554275513
2 0.09952801465988159 0.6351360082626343 0.12373600155115128 0.16084599494934082
2 0.18219298124313354 0.32533401250839233 0.1103610023856163 0.13627900183200836
