2 0.8969020247459412 0.21904897689819336 0.13491900265216827 0.15679000318050385
2 0.9239150285720825 0.5302410125732422 0.13150300085544586 0.15197399258613586
1 0.2622680068016052 0.6441140174865723 0.11639200150966644 0.138387992978096
2 0.8756049871444702 0.3991060256958008 0.11887700110673904 0.1535000056028366
1 0.3639020025730133 0.7120599746704102 0.1138409972190857 0.1377429962158203
2 0.3898099958896637 0.28784799575805664 0.12942099571228027 0.15728400647640228
2 0.6449499726295471 0.7230899930000305 0.12474799901247025 0.14634299278259277
2 0.07077600061893463 0.4629499912261963 0.10878200083971024 0.12022700160741806
1 0.37398800253868103 0.5621359944343567 0.11637099832296371 0.1444849967956543
1 0.27790799736976624 0.49373000860214233 0.12424200028181076 0.15895000100135803
2 0.579882025718689 0.4432770013809204 0.13096299767494202 0.16033199429512024
1 0.27118799090385437 0.3323580026626587 0.13496999442577362 0.16924600303173065
2 0.15803100168704987 0.39950501918792725 0.12571600079536438 0.16609500348567963
1 0.18284599483013153 0.7373070120811462 0.10748600214719772 0.1389950066804886
2 0.4078330099582672 0.4257599711418152 0.12020500004291534 0.14820599555969238
2 0.9646239876747131 0.3094469904899597 0.07075300067663193 0.15516500174999237
1 0.27727898955345154 0.805912971496582 0.11307500302791595 0.13252200186252594
2 0.34961000084877014 0.14509499073028564 0.13644400238990784 0.17038099467754364
2 0.2706870138645172 0.3293600082397461 0.13881799578666687 0.16967499256134033
1 0.5850579738616943 0.6234630346298218 0.12118799984455109 0.1443129926919937
1 0.9808710217475891 0.6928850412368774 0.03825699910521507 0.15635399520397186
2 0.586529016494751 0.6228560209274292 0.12028700113296509 0.14350099861621857
1 0.49576300382614136 0.5465819835662842 0.11883000284433365 0.1501549929380417
2 0.9014919996261597 0.6732419729232788 0.12117200344800949 0.13513199985027313
2 0.49535098671913147 0.5472229719161987 0.12021400034427643 0.15100699663162231
