1 0.9509170055389404 0.6044490337371826 0.09816700220108032 0.13114799559116364
1 0.2873449921607971 0.4760860204696655 0.11448399722576141 0.14381000399589539
1 0.8244310021400452 0.6670500040054321 0.10097700357437134 0.13527099788188934
2 0.7739440202713013 0.590503990650177 0.11012499779462814 0.14212800562381744
2 0.913923978805542 0.3923320174217224 0.1359959989786148 0.16449099779129028
1 0.9073179960250854 0.7267860174179077 0.10327599942684174 0.14151200652122498
1 0.3027060031890869 0.618835985660553 0.13309399783611298 0.13566499948501587
2 0.7953180074691772 0.4480460286140442 0.12290900200605392 0.15543200075626373
1 0.15202799439430237 0.4064810276031494 0.12712399661540985 0.15033699572086334
1 0.8859360218048096 0.540228009223938 0.13678599894046783 0.16193099319934845
2 0.6983550190925598 0.49855899810791016 0.11095999926328659 0.11275599896907806
1 0.7356839776039124 0.7470359802246094 0.11502700299024582 0.1350110024213791
2 0.06810300052165985 0.29749101400375366 0.13303899765014648 0.16427400708198547
1 0.40158000588417053 0.48782098293304443 0.12466499954462051 0.14797300100326538
2 0.8457390069961548 0.2733359932899475 0.10904400050640106 0.1468220055103302
2 0.885532021522522 0.5410909652709961 0.12956899404525757 0.1574379950761795
1 0.2636429965496063 0.3478569984436035 0.13315799832344055 0.15201500058174133
1 0.9164400100708008 0.39628398418426514 0.12927499413490295 0.16217699646949768
2 0.40219300985336304 0.48613500595092773 0.12592299282550812 0.15672099590301514
2 0.2594819962978363 0.3462560176849365 0.14813800156116486 0.16099299490451813
2 0.9788749814033508 0.23468399047851562 0.04225099831819534 0.15184499323368073
1 0.19589200615882874 0.5512250065803528 0.11991599947214127 0.13551700115203857
2 0.9747099876403809 0.4805870056152344 0.04940899834036827 0.13434100151062012
1 0.9755330085754395 0.4813249707221985 0.0489329993724823 0.13415099680423737
1 0.7719590067863464 0.5938299894332886 0.11012499779462814 0.1290069967508316
1 0.9750670194625854 0.7090699672698975 0.04926599934697151 0.1288360059261322
