2 0.05150799825787544 0.4053030014038086 0.1030149981379509 0.13865600526332855
2 0.1709820032119751 0.5002139806747437 0.13450799882411957 0.16783499717712402
2 0.2665799856185913 0.6018199920654297 0.12498100101947784 0.1501549929380417
2 0.1626800000667572 0.3499700129032135 0.12387999892234802 0.14547699689865112
2 0.07049199938774109 0.2695780098438263 0.1185849979519844 0.1437699943780899
2 0.34564200043678284 0.5097830295562744 0.12172099947929382 0.14452800154685974
2 0.8808389902114868 0.4431590139865875 0.13591499626636505 0.14632299542427063
2 0.059751998633146286 0.5608180165290833 0.10632199794054031 0.1626569926738739
2 0.887935996055603 0.22942300140857697 0.11930499970912933 0.13550500571727753
1 0.8188729882240295 0.01721999980509281 0.10832899808883667 0.03444100171327591
2 0.965939998626709 0.2717660069465637 0.06812100112438202 0.1476690024137497
1 0.1738560050725937 0.4986700117588043 0.13117800652980804 0.16333800554275513
2 0.9004719853401184 0.6351360082626343 0.12373600155115128 0.16084599494934082
2 0.8178070187568665 0.32533401250839233 0.1103610023856163 0.13627900183200836
