2 0.5163900256156921 0.7190870046615601 0.1311729997396469 0.14089299738407135
2 0.58467698097229 0.528427004814148 0.09389399737119675 0.12147899717092514
2 0.3091149926185608 0.5680590271949768 0.12101099640130997 0.13791200518608093
2 0.23541900515556335 0.7795060276985168 0.13552600145339966 0.17077399790287018
2 0.4125230014324188 0.8189569711685181 0.15637299418449402 0.18730799853801727
2 0.743116021156311 0.8772040009498596 0.15950199961662292 0.1757660061120987
2 0.3965100049972534 0.659309983253479 0.11640100181102753 0.13735699653625488
2 0.44166600704193115 0.5369769930839539 0.11587599664926529 0.14360399544239044
2 0.6401330232620239 0.6788859963417053 0.12786799669265747 0.11877600103616714
2 0.7735289931297302 0.74276202917099 0.1354289948940277 0.12304999679327011
1 0.7421079874038696 0.8781880140304565 0.14861400425434113 0.18925300240516663
2 0.5284690260887146 0.25454598665237427 0.10323800146579742 0.1243939995765686
1 0.6413940191268921 0.6776329874992371 0.1260800063610077 0.12470100075006485
2 0.6733880043029785 0.5850489735603333 0.11568400263786316 0.11906400322914124
2 0.36132100224494934 0.4636400043964386 0.09241700172424316 0.09854699671268463
2 0.5215659737586975 0.6101379990577698 0.12061800062656403 0.10917899757623672
2 0.11520099639892578 0.6330059766769409 0.13592900335788727 0.16348400712013245
