0 0.42295998334884644 0.25263500213623047 0.11188998818397522 0.13360899686813354
0 0.19880127906799316 0.3481549918651581 0.1280612349510193 0.13235199451446533
0 0.3138824701309204 0.22349900007247925 0.13498246669769287 0.1382800191640854
0 0.36134377121925354 0.05324700102210045 0.09614747762680054 0.1064940020442009
1 0.06016968935728073 0.8909839987754822 0.12033937871456146 0.13428997993469238
0 0.8070774674415588 0.8054159879684448 0.07867372035980225 0.08220398426055908
0 0.7464925050735474 0.7936699986457825 0.05771005153656006 0.07345497608184814
1 0.060443758964538574 0.4859189987182617 0.12088751792907715 0.11346101760864258
2 0.05952811986207962 0.4839169979095459 0.11905623972415924 0.11347103118896484
0 0.9167712926864624 0.33264800906181335 0.053356170654296875 0.05465298891067505
