0 0.6400024890899658 0.16092999279499054 0.09787249565124512 0.1053059995174408
0 0.7018725275993347 0.05768999829888344 0.10517621040344238 0.1036129966378212
0 0.09418249875307083 0.8076379895210266 0.09441123902797699 0.09438204765319824
0 0.15561750531196594 0.8701819777488708 0.09082622826099396 0.08421695232391357
0 0.7676862478256226 0.7281000018119812 0.09875249862670898 0.10034799575805664
0 0.519012451171875 0.8597260117530823 0.0758887529373169 0.07649195194244385
0 0.04620844125747681 0.8893200159072876 0.09241688251495361 0.10008001327514648
0 0.6995087265968323 0.7151809930801392 0.06673872470855713 0.07843303680419922
0 0.7700675129890442 0.07502000033855438 0.06738746166229248 0.10747599601745605
0 0.6674362421035767 0.8120409846305847 0.06978499889373779 0.07351195812225342
0 0.8474612236022949 0.5111370086669922 0.09371250867843628 0.07567799091339111
0 0.016882814466953278 0.33855900168418884 0.033765628933906555 0.1022840142250061
0 0.14803749322891235 0.7454469799995422 0.06461626291275024 0.08705198764801025
1 0.5939624905586243 0.5806639790534973 0.09746253490447998 0.1011430025100708
0 0.01389969140291214 0.8587549924850464 0.02779938280582428 0.06792497634887695
1 0.4968862533569336 0.28662699460983276 0.09004127979278564 0.09324800968170166
0 0.010539695620536804 0.9499310255050659 0.02107939124107361 0.06445503234863281
2 0.5934662818908691 0.5829709768295288 0.0951312780380249 0.09881401062011719
2 0.4960924983024597 0.2852979898452759 0.09019243717193604 0.09383600950241089
