2 0.5008025169372559 0.5066789984703064 0.08341002464294434 0.09902098774909973
2 0.9884912967681885 0.855741024017334 0.023017406463623047 0.10126304626464844
2 0.3616262674331665 0.39532700181007385 0.0788949728012085 0.09757298231124878
2 0.5967350006103516 0.10167600214481354 0.07783997058868408 0.09080199152231216
2 0.5832087397575378 0.759020984172821 0.08253121376037598 0.09007394313812256
2 0.9312412738800049 0.8939329981803894 0.09702134132385254 0.10504305362701416
2 0.8096437454223633 0.8136460185050964 0.06692755222320557 0.0767279863357544
2 0.5849550366401672 0.48466598987579346 0.07692873477935791 0.08662998676300049
2 0.6385999917984009 0.5180230140686035 0.08832252025604248 0.1185770034790039
2 0.8525362014770508 0.5765209794044495 0.09419625997543335 0.09406495094299316
2 0.997267484664917 0.7367470264434814 0.005465030670166016 0.0940929651260376
2 0.8237387537956238 0.5059450268745422 0.09935998916625977 0.09235098958015442
2 0.6448425054550171 0.5037019848823547 0.07925879955291748 0.10143300890922546
0 0.02201344072818756 0.4742879867553711 0.04402688145637512 0.06638696789741516
1 0.8238462805747986 0.5075460076332092 0.09883499145507812 0.09274697303771973
