0 0.015187501907348633 0.1746390014886856 0.030375003814697266 0.14668700098991394
0 0.10325625538825989 0.13510200381278992 0.0997999906539917 0.11452800035476685
0 0.9890915751457214 0.24784600734710693 0.02181684970855713 0.0464240163564682
0 0.9769213199615479 0.3623630106449127 0.04142260551452637 0.05267500877380371
0 0.4087350368499756 0.10267999768257141 0.13659623265266418 0.12214100360870361
0 0.3574962615966797 0.21781200170516968 0.11789250373840332 0.11461800336837769
0 0.7037374973297119 0.20244100689888 0.07984626293182373 0.0883600115776062
0 0.8421987295150757 0.46398600935935974 0.04516875743865967 0.05074101686477661
0 0.923606276512146 0.34035998582839966 0.05524754524230957 0.05758798122406006
0 0.4770737290382385 0.41955798864364624 0.12250876426696777 0.1601179838180542
0 0.48911750316619873 0.4374519884586334 0.12470495700836182 0.13621097803115845
0 0.7478886842727661 0.3458459973335266 0.06827127933502197 0.06812900304794312
0 0.1456962525844574 0.200096994638443 0.09093248844146729 0.1048390120267868
0 0.6754724979400635 0.31570398807525635 0.06706130504608154 0.07989901304244995
0 0.8558974862098694 0.7129799723625183 0.05919373035430908 0.05920600891113281
0 0.8945925235748291 0.019322000443935394 0.06889373064041138 0.03864400088787079
0 0.9169561862945557 0.4895839989185333 0.04131007194519043 0.05694800615310669
0 0.8932287693023682 0.46214500069618225 0.038868725299835205 0.04317200183868408
0 0.8161949515342712 0.4336000084877014 0.03485119342803955 0.04024100303649902
0 0.8233200311660767 0.5099040269851685 0.04569375514984131 0.04461899399757385
0 0.9506562948226929 0.5199199914932251 0.0417025089263916 0.05223098397254944
0 0.9985140562057495 0.4572199881076813 0.0029718875885009766 0.03976798057556152
0 0.853918731212616 0.365557998418808 0.039335012435913086 0.0481029748916626
0 0.9844744205474854 0.5136430263519287 0.031051158905029297 0.04357302188873291
0 0.9115725755691528 0.49380695819854736 0.050032615661621094 0.058065980672836304
0 0.8279837369918823 0.5059009790420532 0.04646003246307373 0.04436501860618591
