1 0.8827462196350098 0.7035760283470154 0.12091493606567383 0.12178695201873779
1 0.3802587389945984 0.921645998954773 0.16026997566223145 0.1567080020904541
1 0.2930637300014496 0.7266849875450134 0.1455100178718567 0.14117205142974854
1 0.8646212816238403 0.44844698905944824 0.12426376342773438 0.13054299354553223
1 0.5467175245285034 0.519303023815155 0.08243250846862793 0.09227898716926575
1 0.4028550386428833 0.5143730044364929 0.1552574634552002 0.14362800121307373
1 0.7063349485397339 0.8798980116844177 0.13788747787475586 0.13400697708129883
1 0.8316313028335571 0.8177599906921387 0.11602503061294556 0.12149906158447266
1 0.25193750858306885 0.5016250014305115 0.10117626190185547 0.09461799263954163
1 0.7640237808227539 0.5931559801101685 0.1143350601196289 0.07512199878692627
1 0.7519624829292297 0.6750590205192566 0.12714624404907227 0.12440001964569092
1 0.14339375495910645 0.2999419867992401 0.08496624231338501 0.09676498174667358
1 0.8939999341964722 0.32322201132774353 0.11809754371643066 0.11874598264694214
1 0.9545865058898926 0.4812139868736267 0.09082698822021484 0.13333499431610107
1 0.5806275010108948 0.06977300345897675 0.13942253589630127 0.12911400198936462
1 0.7388724684715271 0.43035900592803955 0.10771870613098145 0.1079149842262268
1 0.3478725254535675 0.21133600175380707 0.11623626947402954 0.12401601672172546
2 0.9510196447372437 0.9020450115203857 0.0979607105255127 0.13383698463439941
1 0.6065050363540649 0.4361889958381653 0.07109248638153076 0.07628703117370605
1 0.9989381432533264 0.17802199721336365 0.002123713493347168 0.06776398420333862
1 0.8896374702453613 0.0366859994828701 0.1373462677001953 0.07192999869585037
2 0.557131290435791 0.9270910024642944 0.1295100450515747 0.13270902633666992
1 0.6018775105476379 0.7108790278434753 0.149053692817688 0.14921295642852783
1 0.5565212368965149 0.9274140000343323 0.1266711950302124 0.12962698936462402
0 0.4282487630844116 0.013635000213980675 0.11964249610900879 0.027247000485658646
0 0.4202800393104553 0.012439999729394913 0.08911752700805664 0.02383900061249733
