0 0.839421272277832 0.866487979888916 0.12342500686645508 0.1249469518661499
0 0.653784990310669 0.7821720242500305 0.10568749904632568 0.11024999618530273
0 0.47490501403808594 0.08573900163173676 0.10111629962921143 0.09664800763130188
0 0.41000497341156006 0.3058890104293823 0.0847649872303009 0.09041398763656616
0 0.5542237758636475 0.7187659740447998 0.10704493522644043 0.11571300029754639
0 0.7539387345314026 0.7209330201148987 0.09272754192352295 0.10734105110168457
0 0.6492587327957153 0.6938779950141907 0.08503377437591553 0.07023203372955322
0 0.4702187776565552 0.20923100411891937 0.07487499713897705 0.09352800250053406
0 0.46395373344421387 0.3599030077457428 0.06571877002716064 0.08675903081893921
0 0.7732700109481812 0.5606750249862671 0.09329748153686523 0.13024303317070007
0 0.5303037166595459 0.813605010509491 0.0736762285232544 0.07464599609375
0 0.4797325134277344 0.7549769878387451 0.06623125076293945 0.09054994583129883
0 0.5598224997520447 0.022228002548217773 0.07166123390197754 0.04275999963283539
0 0.770108699798584 0.5449810028076172 0.08637881278991699 0.09829100966453552
0 0.8145749568939209 0.9860027432441711 0.10330748558044434 0.027994513511657715
0 0.8028749823570251 0.9892119765281677 0.08963119983673096 0.019857048988342285
0 0.7460500001907349 0.5830950140953064 0.12401378154754639 0.10212504863739014
