2 0.7316662669181824 0.7480040192604065 0.07929253578186035 0.09169602394104004
2 0.530231237411499 0.8707829713821411 0.078452467918396 0.0867990255355835
2 0.07797250151634216 0.6143730282783508 0.07851874828338623 0.08700704574584961
2 0.9519962072372437 0.28671300411224365 0.07928872108459473 0.08650100231170654
2 0.96873939037323 0.61598801612854 0.06252121925354004 0.07283997535705566
2 0.11585623770952225 0.246055006980896 0.06943874061107635 0.07904700934886932
2 0.9927078485488892 0.27994200587272644 0.01458430290222168 0.09072701632976532
2 0.45980751514434814 0.9153220057487488 0.082588791847229 0.08976399898529053
2 0.18567249178886414 0.8209829926490784 0.0756637454032898 0.08025002479553223
2 0.14746123552322388 0.5827659964561462 0.06905998289585114 0.07623803615570068
2 0.3836287260055542 0.8427659869194031 0.06238877773284912 0.06993496417999268
2 0.1956549882888794 0.6030780076980591 0.08361750841140747 0.11055302619934082
2 0.9969722032546997 0.395563006401062 0.006055593490600586 0.06906402111053467
2 0.9384287595748901 0.20585399866104126 0.08064627647399902 0.08863000571727753
2 0.5349312424659729 0.768185019493103 0.07293498516082764 0.08017003536224365
2 0.9139400720596313 0.8416529893875122 0.05884504318237305 0.06404495239257812
2 0.3690449595451355 0.6542770266532898 0.08248123526573181 0.07920706272125244
