0 0.4679262638092041 0.1371690034866333 0.08388626575469971 0.08875000476837158
0 0.2657549977302551 0.25755399465560913 0.0746849775314331 0.08339601755142212
0 0.9408074617385864 0.03574400022625923 0.08198881149291992 0.07055199891328812
0 0.8710874915122986 0.6626110076904297 0.08048880100250244 0.08532702922821045
0 0.02166750282049179 0.9722187519073486 0.04333500564098358 0.055562496185302734
0 0.26954999566078186 0.11293900012969971 0.08516496419906616 0.09551098942756653
0 0.4494762420654297 0.20280799269676208 0.08714878559112549 0.07635900378227234
0 0.4241499900817871 0.4162810146808624 0.0746150016784668 0.07881397008895874
0 0.048857495188713074 0.07278499752283096 0.062381237745285034 0.06562601029872894
0 0.9831771850585938 0.02813125029206276 0.0336456298828125 0.05626250058412552
0 0.21552497148513794 0.2936150133609772 0.0660712718963623 0.08325302600860596
0 0.021848440170288086 0.8928070068359375 0.04369688034057617 0.06929600238800049
1 0.21455249190330505 0.292820006608963 0.06645375490188599 0.0807579755783081
0 0.6205736994743347 0.9068139791488647 0.061066269874572754 0.06229996681213379
0 0.30512750148773193 0.27616700530052185 0.05643373727798462 0.08914101123809814
