2 0.5940961837768555 0.4941760301589966 0.1101299524307251 0.12391403317451477
2 0.501268744468689 0.5914999842643738 0.1478712558746338 0.1480499505996704
2 0.39129626750946045 0.1278740018606186 0.11193624138832092 0.13985499739646912
2 0.7139562368392944 0.8454340100288391 0.12048745155334473 0.10110294818878174
2 0.4721587300300598 0.4514780044555664 0.145013689994812 0.14330196380615234
2 0.483778715133667 0.183214008808136 0.13967370986938477 0.14180101454257965
2 0.5847687721252441 0.2917819917201996 0.14277875423431396 0.1559150218963623
2 0.43970000743865967 0.2803780138492584 0.11339128017425537 0.13339900970458984
2 0.5975287556648254 0.8923439979553223 0.08291745185852051 0.09235095977783203
2 0.6376462578773499 0.951475977897644 0.09231245517730713 0.09704804420471191
2 0.6192775368690491 0.15516699850559235 0.13325250148773193 0.13070598244667053
2 0.727757453918457 0.9430797696113586 0.13087129592895508 0.11384046077728271
2 0.5797125101089478 0.8203080296516418 0.11414873600006104 0.10639798641204834
2 0.6604074835777283 0.9521260261535645 0.14276504516601562 0.09453904628753662
1 0.9240884184837341 0.5264319777488708 0.15182316303253174 0.14354097843170166
2 0.6103512048721313 0.6744329929351807 0.08989119529724121 0.11021697521209717
2 0.8432987928390503 0.9423699975013733 0.1311662197113037 0.11513400077819824
2 0.6084237694740295 0.8865439891815186 0.09033620357513428 0.0880199670791626
