0 0.9742662906646729 0.4043639898300171 0.0514674186706543 0.09632396697998047
0 0.2922462522983551 0.16671399772167206 0.08481746912002563 0.0887170061469078
0 0.7596262693405151 0.06415999680757523 0.08306872844696045 0.0933379977941513
0 0.6881624460220337 0.6900799870491028 0.07744872570037842 0.08255505561828613
0 0.09473998099565506 0.13695299625396729 0.08686374127864838 0.08707398921251297
0 0.2485937476158142 0.44249099493026733 0.07673752307891846 0.07770198583602905
0 0.8424862623214722 0.04691699892282486 0.10492372512817383 0.09199999272823334
0 0.8948737382888794 0.18752899765968323 0.09051871299743652 0.09911900758743286
0 0.27166372537612915 0.23312699794769287 0.08641624450683594 0.07703699171543121
0 0.03810375928878784 0.31962400674819946 0.06847250461578369 0.08558100461959839
0 0.9877728223800659 0.04149499908089638 0.024454355239868164 0.08183000236749649
0 0.08763626217842102 0.2843329906463623 0.07168376445770264 0.08414600789546967
0 0.11967749893665314 0.3024739921092987 0.07629498839378357 0.0897570252418518
0 0.10035625100135803 0.2915230095386505 0.09792375564575195 0.09649001061916351
0 0.8931987285614014 0.28762900829315186 0.09560996294021606 0.09728598594665527
1 0.448794960975647 0.9364399909973145 0.058901309967041016 0.059623003005981445
0 0.24431124329566956 0.7681930065155029 0.055701255798339844 0.051116943359375
0 0.448199987411499 0.9351660013198853 0.05755627155303955 0.057785987854003906
