2 0.8900237083435059 0.5644369721412659 0.10590380430221558 0.12271404266357422
2 0.907117486000061 0.07215099781751633 0.12211370468139648 0.13476400077342987
2 0.7785950303077698 0.47232601046562195 0.12715625762939453 0.1340000033378601
2 0.7208950519561768 0.17862600088119507 0.1319725513458252 0.14144200086593628
2 0.7800887823104858 0.7347360253334045 0.1171712875366211 0.1310330629348755
2 0.6918462514877319 0.3972010016441345 0.10738503932952881 0.12466901540756226
2 0.2646750211715698 0.736732006072998 0.11619997024536133 0.13713598251342773
2 0.040584683418273926 0.8515869975090027 0.08116936683654785 0.1556839942932129
2 0.9501712322235107 0.657755970954895 0.0922849178314209 0.10943603515625
2 0.5662187337875366 0.056880004703998566 0.11931872367858887 0.11004699766635895
2 0.8707112073898315 0.692330002784729 0.09828996658325195 0.09166502952575684
2 0.0774875059723854 0.5918099880218506 0.11347000300884247 0.11813902854919434
2 0.28030747175216675 0.04375600069761276 0.11265373229980469 0.08751100301742554
2 0.3776412606239319 0.7450309991836548 0.14834749698638916 0.14714694023132324
1 0.796192467212677 0.025383997708559036 0.1337524652481079 0.04735700041055679
