2 0.16935500502586365 0.661657989025116 0.09793001413345337 0.10229504108428955
2 0.7048962712287903 0.3727029860019684 0.12327003479003906 0.12255001068115234
2 0.1391337513923645 0.7461559772491455 0.08843624591827393 0.09002995491027832
2 0.04144594073295593 0.5011609792709351 0.08289188146591187 0.09762099385261536
2 0.11294500529766083 0.5524389743804932 0.09148624539375305 0.10057997703552246
2 0.14595499634742737 0.43842101097106934 0.08995373547077179 0.0997769832611084
2 0.3157849907875061 0.35857701301574707 0.10664373636245728 0.11358898878097534
2 0.2505262494087219 0.4367069900035858 0.10409373044967651 0.11141800880432129
2 0.07841375470161438 0.6484100222587585 0.0843299925327301 0.0946129560470581
2 0.21772876381874084 0.5322740077972412 0.09864002466201782 0.10849401354789734
2 0.1744687557220459 0.33319801092147827 0.10082250833511353 0.10094201564788818
2 0.15909001231193542 0.9169080257415771 0.09110748767852783 0.10824000835418701
2 0.16687875986099243 0.22268399596214294 0.07847625017166138 0.1061909943819046
2 0.4113975167274475 0.0600229948759079 0.08593377470970154 0.09731200337409973
2 0.6076937317848206 0.06718900054693222 0.12071001529693604 0.1243249922990799
2 0.7329924702644348 0.11992499977350235 0.1273212432861328 0.12445499002933502
2 0.7622387409210205 0.042183998972177505 0.13162624835968018 0.08436699956655502
2 0.7244787812232971 0.22172501683235168 0.0823974609375 0.07902701199054718
2 0.802338719367981 0.26944699883461 0.07859373092651367 0.0884140133857727
2 0.5493499636650085 0.11262200027704239 0.10026371479034424 0.14438100159168243
2 0.4869237542152405 0.34841498732566833 0.12039995193481445 0.10491997003555298
2 0.03215750306844711 0.44019201397895813 0.06431500613689423 0.07127797603607178
2 0.2737225294113159 0.14795400202274323 0.09255874156951904 0.1058720052242279
2 0.029201872646808624 0.5764439702033997 0.05840374529361725 0.07394802570343018
2 0.6629824638366699 0.282366007566452 0.08101129531860352 0.08101300895214081
1 0.2704774737358093 0.1477780044078827 0.08915001153945923 0.10698500275611877
2 0.5011999607086182 0.34553900361061096 0.0893700122833252 0.09851998090744019
1 0.5177574753761292 0.24065299332141876 0.09043371677398682 0.09676799178123474
2 0.5641875267028809 0.09605199843645096 0.1108100414276123 0.14748500287532806
1 0.535548746585846 0.24497899413108826 0.12584996223449707 0.10296201705932617
1 0.35528624057769775 0.23134499788284302 0.08642503619194031 0.10533899068832397
2 0.433305025100708 0.23177100718021393 0.07301127910614014 0.09141501784324646
0 0.3536900281906128 0.9648429751396179 0.10079875588417053 0.07031404972076416
