0 0.977671205997467 0.6416509747505188 0.04465758800506592 0.08601999282836914
0 0.5912587642669678 0.1124739944934845 0.08850371837615967 0.09485398977994919
0 0.029444999992847443 0.9115509986877441 0.058889999985694885 0.08651101589202881
0 0.06956499814987183 0.7666800022125244 0.07417124509811401 0.08447802066802979
0 0.12554875016212463 0.9575740098953247 0.0860537439584732 0.08076095581054688
0 0.39792996644973755 0.2428240180015564 0.09650251269340515 0.10568000376224518
0 0.5710462927818298 0.17765499651432037 0.08753001689910889 0.07731199264526367
0 0.3902912139892578 0.08180300146341324 0.08548247814178467 0.08836899697780609
0 0.5432887673377991 0.3924109935760498 0.07798254489898682 0.07854801416397095
0 0.12393748760223389 0.8660500049591064 0.07884001731872559 0.0706930160522461
0 0.38600122928619385 0.23415100574493408 0.07440248131752014 0.08341099321842194
0 0.41440874338150024 0.2538599967956543 0.07398998737335205 0.09856998920440674
1 0.3336400091648102 0.272163987159729 0.06676125526428223 0.08516198396682739
0 0.16660499572753906 0.055987998843193054 0.057919979095458984 0.06015399470925331
0 0.3361375331878662 0.27182498574256897 0.06874501705169678 0.08811098337173462
0 0.016705945134162903 0.3669709861278534 0.033411890268325806 0.058000028133392334
1 0.7360438108444214 0.89137202501297 0.06171870231628418 0.06364297866821289
