1 0.3313024938106537 0.8572810292243958 0.07201749086380005 0.0788869857788086
1 0.858451247215271 0.9448570013046265 0.08337879180908203 0.08452606201171875
1 0.6943912506103516 0.830269992351532 0.0768136978149414 0.07492101192474365
1 0.6318537592887878 0.9221420288085938 0.06323003768920898 0.07226097583770752
1 0.8088662624359131 0.8432909846305847 0.07414877414703369 0.08086395263671875
1 0.7226037383079529 0.918507993221283 0.0797961950302124 0.08952701091766357
1 0.25968626141548157 0.8867319822311401 0.07276499271392822 0.08165895938873291
1 0.9657700061798096 0.8078950047492981 0.06845998764038086 0.0794529914855957
1 0.4133450388908386 0.9624149799346924 0.07878503203392029 0.07516896724700928
0 0.04468999803066254 0.23036599159240723 0.08937999606132507 0.10238198935985565
0 0.005871251225471497 0.15701699256896973 0.011742502450942993 0.10025098919868469
1 0.7870725393295288 0.7655119895935059 0.054711222648620605 0.06301796436309814
0 0.00648343563079834 0.15740999579429626 0.01296687126159668 0.09700599312782288
1 0.9675862789154053 0.8755229711532593 0.06259989738464355 0.060430049896240234
1 0.8518176078796387 0.7425869703292847 0.06738001108169556 0.06675100326538086
1 0.13372623920440674 0.9767249822616577 0.07137376070022583 0.045701026916503906
1 0.33229875564575195 0.9715397357940674 0.0776674747467041 0.056920528411865234
1 0.8642911911010742 0.8592690229415894 0.06131124496459961 0.07457304000854492
1 0.7967450022697449 0.977266788482666 0.08275246620178223 0.045466482639312744
1 0.2051512598991394 0.9468539953231812 0.06884872913360596 0.08586704730987549
1 0.9989925026893616 0.8790540099143982 0.0020149946212768555 0.08188605308532715
1 0.9067912101745605 0.8794209957122803 0.05605006217956543 0.06884396076202393
1 0.7026274800300598 0.9793890118598938 0.07384121417999268 0.039556026458740234
1 0.5833637118339539 0.9508939981460571 0.050232529640197754 0.06235194206237793
1 0.20246124267578125 0.8212379813194275 0.06383377313613892 0.07254397869110107
1 0.5763837099075317 0.8494840264320374 0.06127119064331055 0.07242000102996826
1 0.1676749885082245 0.9096189737319946 0.07188749313354492 0.06967794895172119
1 0.7406937479972839 0.8089879751205444 0.06319749355316162 0.08032000064849854
0 0.16697123646736145 0.06827300041913986 0.0633925199508667 0.07999499142169952
1 0.5653299689292908 0.9861680269241333 0.06438744068145752 0.023321032524108887
1 0.35036373138427734 0.9165610074996948 0.06477499008178711 0.05685997009277344
0 0.17603248357772827 0.17670699954032898 0.04915875196456909 0.05932798981666565
