0 0.7194762229919434 0.28349700570106506 0.08841371536254883 0.09527498483657837
0 0.4625449776649475 0.25042998790740967 0.0950462818145752 0.09771598875522614
0 0.2106887400150299 0.5176519751548767 0.0837012529373169 0.08270201086997986
0 0.6780087351799011 0.4098150134086609 0.08668124675750732 0.08915603160858154
0 0.39732497930526733 0.3164919912815094 0.0932525098323822 0.09675002098083496
0 0.7934300303459167 0.25036799907684326 0.07608997821807861 0.09183698892593384
0 0.010604381561279297 0.1986590027809143 0.021208763122558594 0.08456000685691833
0 0.37487125396728516 0.2563920021057129 0.10045000910758972 0.08450599014759064
0 0.2122337818145752 0.7224029898643494 0.07152748107910156 0.0790170431137085
0 0.3145737648010254 0.4560129940509796 0.0920562744140625 0.08278501033782959
0 0.04536499083042145 0.2325199842453003 0.07071501016616821 0.0802529901266098
0 0.29904747009277344 0.6320520043373108 0.0842212438583374 0.08840405941009521
0 0.6654624938964844 0.32642701268196106 0.06435871124267578 0.06532299518585205
0 0.2315937578678131 0.6439710259437561 0.06450748443603516 0.0768589973449707
0 0.383062481880188 0.25074800848960876 0.08173751831054688 0.07015101611614227
0 0.9697749614715576 0.06967400014400482 0.04043245315551758 0.04770100116729736
0 0.6725811958312988 0.3327980041503906 0.07576870918273926 0.06482601165771484
0 0.11580001562833786 0.7615669965744019 0.07829625904560089 0.06835603713989258
