0 0.8010950088500977 0.42476600408554077 0.07762622833251953 0.07989400625228882
0 0.03528405725955963 0.30254799127578735 0.07056811451911926 0.08112800121307373
0 0.729372501373291 0.5721309781074524 0.07725751399993896 0.07847297191619873
0 0.658058762550354 0.14191199839115143 0.0793224573135376 0.07282599806785583
0 0.44269752502441406 0.284060001373291 0.07296371459960938 0.07708100974559784
0 0.41753751039505005 0.6771270036697388 0.08765998482704163 0.11143898963928223
1 0.2962750196456909 0.11594399809837341 0.07785499095916748 0.0798029899597168
1 0.22966748476028442 0.31119999289512634 0.07948875427246094 0.07990700006484985
0 0.4098474979400635 0.6877750158309937 0.08440876007080078 0.10182499885559082
0 0.283323734998703 0.5038710236549377 0.06787377595901489 0.07617700099945068
1 0.18493375182151794 0.41555100679397583 0.0697525143623352 0.06757700443267822
1 0.1385500133037567 0.22970199584960938 0.08587874472141266 0.08701501786708832
0 0.509728729724884 0.10381899774074554 0.08908379077911377 0.07771500945091248
1 0.3677000403404236 0.30855798721313477 0.05705252289772034 0.07664597034454346
0 0.42254501581192017 0.6624069809913635 0.08167994022369385 0.08797800540924072
1 0.1398400068283081 0.332506000995636 0.08152998983860016 0.07542401552200317
1 0.8764674663543701 0.25262901186943054 0.0910300612449646 0.09142200648784637
1 0.09862750768661499 0.2892169952392578 0.0542912483215332 0.06086897850036621
1 0.9354324340820312 0.10198300331830978 0.08936500549316406 0.08969400823116302
0 0.9861912727355957 0.1926179975271225 0.027617454528808594 0.06618300080299377
0 0.18759876489639282 0.499534010887146 0.07820123434066772 0.07635602355003357
0 0.027313433587551117 0.39626801013946533 0.054626867175102234 0.07105898857116699
0 0.6359137296676636 0.5290729999542236 0.06476497650146484 0.07686302065849304
0 0.9353512525558472 0.10283999890089035 0.0869288444519043 0.08893199265003204
1 0.02761217951774597 0.3964340090751648 0.05522435903549194 0.07000201940536499
1 0.25203996896743774 0.725907027721405 0.05941873788833618 0.06566500663757324
0 0.8753800392150879 0.2519890069961548 0.09407252073287964 0.09371399879455566
0 0.4463437795639038 0.39017099142074585 0.061632513999938965 0.07215100526809692
