0 0.3437424898147583 0.1777389943599701 0.1299562156200409 0.12664800882339478
0 0.04706905782222748 0.10331399738788605 0.09413811564445496 0.12735700607299805
0 0.20012623071670532 0.4591290354728699 0.12061500549316406 0.1185850203037262
0 0.11151249706745148 0.19588801264762878 0.10868623852729797 0.1177460104227066
0 0.23106378316879272 0.17624500393867493 0.11314249038696289 0.1214739978313446
0 0.5829499959945679 0.13912099599838257 0.08653879165649414 0.09874499589204788
0 0.6427363157272339 0.696478009223938 0.07137501239776611 0.07514500617980957
0 0.33560746908187866 0.2843410074710846 0.09356126189231873 0.09462201595306396
0 0.35371875762939453 0.6764000058174133 0.09000751376152039 0.08908796310424805
0 0.2371637523174286 0.35228100419044495 0.12366122007369995 0.11335200071334839
0 0.39610373973846436 0.05493900179862976 0.12877371907234192 0.10288000106811523
0 0.6268187165260315 0.45786499977111816 0.06651878356933594 0.07419800758361816
0 0.4864625334739685 0.10171599686145782 0.1140974760055542 0.12508100271224976
0 0.4405137300491333 0.27043798565864563 0.10380876064300537 0.11251400411128998
0 0.5507637858390808 0.48984000086784363 0.05241250991821289 0.06675702333450317
0 0.5970824956893921 0.5794510245323181 0.06349003314971924 0.06543600559234619
0 0.7581250071525574 0.28894099593162537 0.06655001640319824 0.07792699337005615
0 0.8554824590682983 0.1626880019903183 0.03393876552581787 0.04066199064254761
0 0.8193300366401672 0.17975899577140808 0.042452454566955566 0.05680200457572937
0 0.809526264667511 0.27069801092147827 0.054006218910217285 0.07304400205612183
0 0.7058687806129456 0.2846420109272003 0.03501629829406738 0.051210999488830566
