2 0.23995500802993774 0.6547060012817383 0.0993337631225586 0.10418105125427246
0 0.6606587171554565 0.5634160041809082 0.075103759765625 0.07098698616027832
2 0.0009162500500679016 0.7089300155639648 0.0018325001001358032 0.09647297859191895
0 0.9837597012519836 0.23930899798870087 0.032480597496032715 0.052064985036849976
1 0.15536001324653625 0.31471899151802063 0.09343749284744263 0.10016196966171265
1 0.12974125146865845 0.4558910131454468 0.07318626344203949 0.08437001705169678
1 0.028516873717308044 0.6305570006370544 0.05703374743461609 0.10276496410369873
0 0.8127312660217285 0.01547900028526783 0.05324125289916992 0.030545998364686966
0 0.6434012651443481 0.5031390190124512 0.07371747493743896 0.06043899059295654
1 0.07509501278400421 0.31790000200271606 0.08241000771522522 0.07784801721572876
0 0.7095749974250793 0.6264700293540955 0.07585370540618896 0.07285404205322266
1 0.3330312669277191 0.2657720148563385 0.07032251358032227 0.06556499004364014
2 0.06303000450134277 0.48956701159477234 0.1019049882888794 0.10257798433303833
1 0.24110126495361328 0.33685800433158875 0.09404122829437256 0.10433202981948853
2 0.1642187535762787 0.6055070161819458 0.09272123873233795 0.09409904479980469
0 0.966112494468689 0.9113590121269226 0.05024123191833496 0.051658034324645996
1 0.16494500637054443 0.6075969934463501 0.0940924882888794 0.09580099582672119
1 0.43459373712539673 0.10338100045919418 0.07592880725860596 0.07519100606441498
2 0.20820751786231995 0.5202929973602295 0.0968174934387207 0.09655901789665222
1 0.20646250247955322 0.519025981426239 0.09627002477645874 0.09318900108337402
1 0.8912725448608398 0.8712270259857178 0.06896376609802246 0.06151294708251953
1 0.06244625151157379 0.48826199769973755 0.09634873270988464 0.10285797715187073
0 0.9270825386047363 0.9554550051689148 0.04908490180969238 0.05675101280212402
2 0.12689998745918274 0.9544289708137512 0.06583374738693237 0.06695401668548584
2 0.9152287244796753 0.4410569965839386 0.057318687438964844 0.06475198268890381
0 0.8719087839126587 0.7878829836845398 0.060460031032562256 0.05884504318237305
0 0.8016824722290039 0.4045119881629944 0.05119001865386963 0.053644001483917236
0 0.9313387870788574 0.20601199567317963 0.03690004348754883 0.04022499918937683
1 0.04382249712944031 0.9252529740333557 0.06104123592376709 0.0671999454498291
1 0.20420125126838684 0.21557100117206573 0.07970249652862549 0.062359005212783813
1 0.2946612536907196 0.02089500054717064 0.06950253248214722 0.039760999381542206
0 0.15215998888015747 0.011433999985456467 0.07216876745223999 0.02034199982881546
0 0.15926748514175415 0.01155799999833107 0.09898751974105835 0.02227400243282318
1 0.1264125108718872 0.9541950225830078 0.06428499519824982 0.06710898876190186
