0 0.22589749097824097 0.712090015411377 0.10439121723175049 0.11617803573608398
0 0.40845000743865967 0.7982149720191956 0.12218376994132996 0.12168705463409424
0 0.3364737629890442 0.6562209725379944 0.09455373883247375 0.11020803451538086
0 0.02162499725818634 0.22355200350284576 0.04324999451637268 0.09373298287391663
0 0.13174498081207275 0.6450300216674805 0.1147187352180481 0.1134270429611206
0 0.05176500976085663 0.680387020111084 0.07263001799583435 0.09426498413085938
0 0.05350375175476074 0.2807379961013794 0.0696212649345398 0.08420901000499725
0 0.06418000161647797 0.12532900273799896 0.0714074969291687 0.09465599060058594
0 0.23140999674797058 0.628974974155426 0.08405500650405884 0.06606900691986084
0 0.10319624841213226 0.744953989982605 0.06560876965522766 0.0790170431137085
0 0.338269978761673 0.4932979941368103 0.13017123937606812 0.13448098301887512
0 0.07209375500679016 0.02473299950361252 0.09082499146461487 0.04946599900722504
1 0.9804490804672241 0.7438300251960754 0.03910183906555176 0.07754004001617432
0 0.3513437509536743 0.4012500047683716 0.09036374092102051 0.06986397504806519
0 0.9940659403800964 0.022146999835968018 0.011868119239807129 0.043216004967689514
0 0.35782748460769653 0.48788297176361084 0.08957123756408691 0.12517496943473816
