2 0.20327621698379517 0.600417971611023 0.05289500951766968 0.05445301532745361
2 0.20872128009796143 0.4868299961090088 0.055033743381500244 0.051633983850479126
2 0.9103699922561646 0.4535500109195709 0.06117749214172363 0.06804698705673218
2 0.33600375056266785 0.6717759966850281 0.05746877193450928 0.06050598621368408
0 0.042693763971328735 0.962348997592926 0.04247373342514038 0.04578804969787598
2 0.8889074325561523 0.3907270133495331 0.07054752111434937 0.06535398960113525
1 0.926376223564148 0.25783398747444153 0.06919384002685547 0.0671280026435852
2 0.6905349493026733 0.5841429829597473 0.05683004856109619 0.06008005142211914
2 0.1600950062274933 0.4589489996433258 0.057837486267089844 0.051277995109558105
2 0.2411687672138214 0.23241600394248962 0.05431997776031494 0.056143999099731445
2 0.2786250114440918 0.6640949845314026 0.0524287223815918 0.05324602127075195
2 0.4398149847984314 0.14205299317836761 0.06107378005981445 0.0579569935798645
2 0.6717600226402283 0.535260021686554 0.05923628807067871 0.06101095676422119
2 0.16457751393318176 0.31747201085090637 0.05225497484207153 0.05146700143814087
1 0.023458123207092285 0.8063979744911194 0.04691624641418457 0.05643594264984131
2 0.18736624717712402 0.27963998913764954 0.054210007190704346 0.05438697338104248
2 0.008484378457069397 0.8721519708633423 0.016968756914138794 0.048760056495666504
2 0.6138537526130676 0.38286998867988586 0.0511937141418457 0.05163097381591797
2 0.33879998326301575 0.0777989998459816 0.0534212589263916 0.0524819977581501
0 0.022091872990131378 0.9277229905128479 0.044183745980262756 0.05094599723815918
2 0.09684500098228455 0.3372580111026764 0.04771876335144043 0.042604029178619385
0 0.10403750091791153 0.9890090227127075 0.0520237535238266 0.021440982818603516
1 0.9656962156295776 0.36160698533058167 0.0579836368560791 0.0577930212020874
2 0.5786299705505371 0.3440000116825104 0.05280256271362305 0.05375802516937256
1 0.5789499878883362 0.3432979881763458 0.05367875099182129 0.05364102125167847
