0 0.7115062475204468 0.5515599846839905 0.09275376796722412 0.0899970531463623
0 0.3910999894142151 0.05502700060606003 0.07423749566078186 0.07655100524425507
0 0.36764752864837646 0.2880919873714447 0.08141374588012695 0.08199000358581543
0 0.5391262769699097 0.1755640059709549 0.0799112319946289 0.07813701033592224
0 0.3184087574481964 0.16062100231647491 0.08421248197555542 0.08648201078176498
0 0.18206000328063965 0.1121710017323494 0.07385873794555664 0.07703299820423126
0 0.20753496885299683 0.9567850232124329 0.07381248474121094 0.07436597347259521
0 0.24525749683380127 0.14290399849414825 0.0787387490272522 0.08316299319267273
0 0.5528424978256226 0.34607499837875366 0.06679749488830566 0.05978798866271973
0 0.032183438539505005 0.7760540246963501 0.06436687707901001 0.082550048828125
0 0.04337812960147858 0.46594300866127014 0.08675625920295715 0.07692700624465942
0 0.35471248626708984 0.3625909984111786 0.0798799991607666 0.07186698913574219
0 0.32009249925613403 0.048353999853134155 0.06809628009796143 0.06963101029396057
0 0.02518593519926071 0.860722005367279 0.05037187039852142 0.0724860429763794
0 0.40206873416900635 0.9799489974975586 0.06779751181602478 0.03855597972869873
0 0.30104875564575195 0.31804099678993225 0.05899876356124878 0.07226598262786865
0 0.2239449918270111 0.3749060034751892 0.058828771114349365 0.04365897178649902
0 0.5680924654006958 0.012757999822497368 0.052437543869018555 0.025515999644994736
