0 0.672374963760376 0.07871700078248978 0.08767497539520264 0.09340699017047882
0 0.15824875235557556 0.7342759966850281 0.07285124063491821 0.08442103862762451
0 0.4709562659263611 0.053780000656843185 0.0873037576675415 0.09097100049257278
0 0.050562500953674316 0.8416410088539124 0.07102376222610474 0.07901203632354736
0 0.11075125634670258 0.8845430016517639 0.0781412422657013 0.09258496761322021
0 0.20925375819206238 0.9283350110054016 0.08964872360229492 0.08434200286865234
0 0.4680362939834595 0.20319700241088867 0.07500255107879639 0.08388900756835938
0 0.4183637499809265 0.240666002035141 0.07196879386901855 0.08435100317001343
0 0.013545624911785126 0.5530030131340027 0.02709124982357025 0.06267201900482178
0 0.6281487345695496 0.3626660108566284 0.0793912410736084 0.07806801795959473
0 0.21591126918792725 0.8394219875335693 0.07917749881744385 0.06652605533599854
0 0.052162498235702515 0.2925010025501251 0.062354981899261475 0.06318199634552002
0 0.651631236076355 0.14605900645256042 0.08949744701385498 0.07317900657653809
0 0.02775999903678894 0.5931439995765686 0.03965499997138977 0.059118032455444336
0 0.03308906406164169 0.40117400884628296 0.06617812812328339 0.07154297828674316
0 0.25225749611854553 0.031633999198675156 0.06149250268936157 0.059640996158123016
0 0.5084450244903564 0.2245589941740036 0.05291748046875 0.09676298499107361
0 0.8225749731063843 0.8628659844398499 0.06283247470855713 0.06533300876617432
0 0.4816499948501587 0.21448299288749695 0.10023379325866699 0.10530100762844086
0 0.4974449872970581 0.22185499966144562 0.07971370220184326 0.10181799530982971
