0 0.2566487789154053 0.23628099262714386 0.153190016746521 0.1506820023059845
0 0.9579218626022339 0.5008029937744141 0.08415627479553223 0.16136503219604492
0 0.03872406482696533 0.286314994096756 0.07744812965393066 0.12281298637390137
0 0.8046050071716309 0.46295297145843506 0.17250996828079224 0.18080398440361023
0 0.32182997465133667 0.5007330179214478 0.15100252628326416 0.15377497673034668
0 0.4145362377166748 0.10167499631643295 0.16634628176689148 0.17114700376987457
0 0.7114112377166748 0.19314299523830414 0.1720825433731079 0.18032100796699524
0 0.9875925183296204 0.6492289900779724 0.024814963340759277 0.1600639820098877
0 0.985988438129425 0.8407999873161316 0.028023123741149902 0.1685260534286499
0 0.9397131204605103 0.14303700625896454 0.12057375907897949 0.1712760031223297
0 0.7270212769508362 0.6615059971809387 0.17618370056152344 0.1884850263595581
0 0.5576250553131104 0.585299015045166 0.1137775182723999 0.1378779411315918
0 0.29496750235557556 0.34912800788879395 0.15224498510360718 0.13405299186706543
0 0.7134112119674683 0.7811729907989502 0.1503150463104248 0.10078597068786621
0 0.7816499471664429 0.32614201307296753 0.15954256057739258 0.13727200031280518
0 0.6163374781608582 0.25086700916290283 0.07321751117706299 0.08407598733901978
0 0.6225849986076355 0.6695470213890076 0.10196876525878906 0.1717820167541504
0 0.6819474697113037 0.6735739707946777 0.2430812120437622 0.19779503345489502
