2 0.02324843406677246 0.8203579783439636 0.04649686813354492 0.11765801906585693
2 0.6004325151443481 0.5537580251693726 0.13113248348236084 0.1375420093536377
2 0.14348876476287842 0.5078889727592468 0.12617002427577972 0.13097000122070312
2 0.07195499539375305 0.6001759767532349 0.12715750932693481 0.12841105461120605
2 0.0025740638375282288 0.9103779792785645 0.0051481276750564575 0.09347903728485107
2 0.04627499729394913 0.696835994720459 0.09254999458789825 0.11092495918273926
2 0.6598349809646606 0.13132500648498535 0.1528787612915039 0.14749598503112793
2 0.002985939383506775 0.34475499391555786 0.00597187876701355 0.11915498971939087
2 0.02589062601327896 0.4677550196647644 0.05178125202655792 0.1258470118045807
1 0.1943187415599823 0.365011990070343 0.12034249305725098 0.12088596820831299
2 0.227572500705719 0.07032400369644165 0.14880621433258057 0.135903000831604
1 0.3568674921989441 0.42548900842666626 0.10025501251220703 0.1046450138092041
2 0.6212625503540039 0.24683299660682678 0.12789499759674072 0.11500100791454315
2 0.07807376235723495 0.26400500535964966 0.11583001911640167 0.11977499723434448
2 0.6821699738502502 0.3065199851989746 0.0777125358581543 0.10309100151062012
2 0.4333925247192383 0.06997999548912048 0.12389001250267029 0.12803399562835693
2 0.5821237564086914 0.35513201355934143 0.08440244197845459 0.09398001432418823
1 0.07508999109268188 0.26719000935554504 0.11753374338150024 0.11974501609802246
1 0.44576501846313477 0.41185200214385986 0.09827625751495361 0.12016898393630981
2 0.22657501697540283 0.10075899958610535 0.13727378845214844 0.2015179991722107
1 0.15681374073028564 0.22247299551963806 0.0913500189781189 0.1268870085477829
2 0.438518762588501 0.22026899456977844 0.16849252581596375 0.1509450078010559
2 0.44905751943588257 0.4093489944934845 0.0945349931716919 0.11828899383544922
2 0.5688575506210327 0.4424310028553009 0.12083625793457031 0.10930401086807251
1 0.3587375283241272 0.3253270089626312 0.0906137228012085 0.09789299964904785
1 0.2744487524032593 0.3281629979610443 0.08297872543334961 0.106423020362854
1 0.44589877128601074 0.21531298756599426 0.18231499195098877 0.1515679806470871
1 0.571612536907196 0.4442940056324005 0.1269475221633911 0.10872501134872437
1 0.43161749839782715 0.06960699707269669 0.12279248237609863 0.12843699753284454
2 0.4200212359428406 0.21934600174427032 0.1314225196838379 0.13482800126075745
2 0.49095624685287476 0.1881210058927536 0.0988999605178833 0.1331939995288849
