2 0.1768450140953064 0.2178719937801361 0.08159500360488892 0.08962398767471313
2 0.583416223526001 0.11894799768924713 0.06938505172729492 0.08850600570440292
2 0.3434162437915802 0.5478630065917969 0.0843537449836731 0.09962797164916992
2 0.5167700052261353 0.6495869755744934 0.07951998710632324 0.09237802028656006
2 0.033585309982299805 0.2805140018463135 0.06717061996459961 0.08773301541805267
2 0.9609494209289551 0.04801100119948387 0.07810115814208984 0.0928729996085167
2 0.46865248680114746 0.04500799998641014 0.08419370651245117 0.08298700302839279
2 0.7850937843322754 0.706853985786438 0.07243120670318604 0.08334195613861084
2 0.140577495098114 0.5626000165939331 0.07362248003482819 0.07902097702026367
2 0.8671950101852417 0.6610710024833679 0.0928499698638916 0.10009205341339111
2 0.5061625242233276 0.21738600730895996 0.08410751819610596 0.07729299366474152
2 0.9002200365066528 0.3662160038948059 0.06449246406555176 0.07239001989364624
2 0.028799377381801605 0.6410009860992432 0.05759875476360321 0.0668710470199585
2 0.11201874911785126 0.12920400500297546 0.07380750775337219 0.07396700978279114
2 0.02856031060218811 0.10732799768447876 0.05712062120437622 0.07122700661420822
1 0.571063756942749 0.5611590147018433 0.08148252964019775 0.09785401821136475
2 0.1485150158405304 0.8750460147857666 0.06511501967906952 0.07316100597381592
1 0.0335681214928627 0.5796480178833008 0.0671362429857254 0.06921994686126709
2 0.5715125203132629 0.5616130232810974 0.07990372180938721 0.09794104099273682
1 0.106478750705719 0.9001089930534363 0.057985007762908936 0.07783305644989014
1 0.11255499720573425 0.129488006234169 0.07175374031066895 0.0729919970035553
2 0.10630375146865845 0.8960400223731995 0.057506263256073 0.07611703872680664
1 0.052447497844696045 0.9088670015335083 0.06236749887466431 0.07543301582336426
