0 0.5962000489234924 0.4932830333709717 0.07463252544403076 0.0717410147190094
0 0.8837549686431885 0.6018480062484741 0.06787997484207153 0.07073402404785156
0 0.833792507648468 0.496565043926239 0.06806755065917969 0.07029500603675842
0 0.8356237411499023 0.04865999519824982 0.07461249828338623 0.07080399990081787
0 0.7786774635314941 0.6861720085144043 0.07345378398895264 0.07613205909729004
0 0.7255725264549255 0.6385049819946289 0.08650124073028564 0.09018599987030029
0 0.4485675096511841 0.6560710072517395 0.06948244571685791 0.06845104694366455
0 0.9756206274032593 0.5579540133476257 0.048758745193481445 0.05866694450378418
0 0.3909825086593628 0.08536499738693237 0.05264127254486084 0.058605000376701355
0 0.939653754234314 0.5965579748153687 0.056273698806762695 0.06663596630096436
0 0.9153637886047363 0.6538159847259521 0.06131744384765625 0.058073997497558594
0 0.9972115755081177 0.9565200209617615 0.0055768489837646484 0.07000899314880371
0 0.13793373107910156 0.978763997554779 0.08017873764038086 0.04146695137023926
0 0.47376126050949097 0.7847149968147278 0.0680074691772461 0.06354105472564697
0 0.8731275796890259 0.9892640113830566 0.07159501314163208 0.021471023559570312
0 0.8015050292015076 0.010293999686837196 0.05868375301361084 0.0191430002450943
0 0.9354450702667236 0.9379600286483765 0.053971290588378906 0.050817012786865234
