2 0.7147912383079529 0.2808479964733124 0.09962880611419678 0.10974401235580444
2 0.7622062563896179 0.524399995803833 0.07933998107910156 0.09097099304199219
2 0.6152112483978271 0.27348199486732483 0.0785362720489502 0.09139400720596313
2 0.7804075479507446 0.139382004737854 0.10562252998352051 0.1211789920926094
2 0.20887500047683716 0.6919789910316467 0.10339498519897461 0.12582004070281982
2 0.8651862740516663 0.25852900743484497 0.08179748058319092 0.09192098677158356
2 0.3775925040245056 0.8151010274887085 0.06762373447418213 0.06975698471069336
2 0.5235862135887146 0.5423110127449036 0.0890113115310669 0.09619602560997009
2 0.8767775297164917 0.045715998858213425 0.09988254308700562 0.0896570011973381
2 0.567386269569397 0.10285399854183197 0.10448753833770752 0.11616599559783936
2 0.39725375175476074 0.7642250061035156 0.06265875697135925 0.06650805473327637
2 0.6641237735748291 0.09991499781608582 0.1054387092590332 0.1182129979133606
2 0.8378688097000122 0.4925520420074463 0.0814812183380127 0.07981303334236145
2 0.4400462508201599 0.7200019955635071 0.06603372097015381 0.06509602069854736
2 0.559168815612793 0.026173999533057213 0.10198628902435303 0.052347999066114426
2 0.8288699388504028 0.06404300034046173 0.06350874900817871 0.07999099791049957
