2 0.03695625066757202 0.5095959901809692 0.07391250133514404 0.11090502142906189
2 0.13534998893737793 0.6468420028686523 0.08960498869419098 0.10537004470825195
2 0.7401474714279175 0.7521589994430542 0.08770120143890381 0.0993109941482544
2 0.34877124428749084 0.7108259797096252 0.08755749464035034 0.1121530532836914
2 0.1905525028705597 0.5556700229644775 0.08594375848770142 0.11348602175712585
2 0.3222612738609314 0.2558940052986145 0.09541875123977661 0.10200798511505127
2 0.590151309967041 0.5335680246353149 0.07997500896453857 0.09498903155326843
2 0.3756524920463562 0.6123239994049072 0.0849987268447876 0.08877098560333252
2 0.3932662606239319 0.37460198998451233 0.08652377128601074 0.09527701139450073
2 0.11826374381780624 0.37941399216651917 0.09209997951984406 0.1067039966583252
1 0.28266748785972595 0.5110530257225037 0.0880424976348877 0.09684598445892334
2 0.03527750074863434 0.3930160105228424 0.07055500149726868 0.10186499357223511
1 0.11083001643419266 0.27584099769592285 0.09302626550197601 0.09888601303100586
2 0.37219876050949097 0.519349992275238 0.0921262800693512 0.09776496887207031
1 0.7531062960624695 0.5310159921646118 0.07600998878479004 0.08687803149223328
0 0.8288837671279907 0.03548700362443924 0.09065628051757812 0.07020799815654755
2 0.2926124930381775 0.6204969882965088 0.08960002660751343 0.09714102745056152
1 0.2442537546157837 0.4030660092830658 0.09574997425079346 0.10653799772262573
2 0.2431337535381317 0.4005500078201294 0.09481251239776611 0.10384297370910645
2 0.9802562594413757 0.4009000062942505 0.039487481117248535 0.08059698343276978
1 0.6765775084495544 0.6050819754600525 0.08177375793457031 0.08644998073577881
1 0.39310628175735474 0.3746989965438843 0.0860450267791748 0.09281998872756958
2 0.6572799682617188 0.6688179969787598 0.0824425220489502 0.08274304866790771
2 0.025194376707077026 0.3180049955844879 0.05038875341415405 0.06278598308563232
2 0.6754912734031677 0.6049489974975586 0.07979881763458252 0.08641695976257324
1 0.2937625050544739 0.6216369867324829 0.08886498212814331 0.09470498561859131
2 0.11304375529289246 0.2748740017414093 0.09238874912261963 0.09997600317001343
2 0.36962124705314636 0.8877480030059814 0.05418747663497925 0.0546950101852417
