2 0.5805812478065491 0.3170120120048523 0.11718618869781494 0.1306530237197876
2 0.682052493095398 0.25745001435279846 0.12850630283355713 0.12884998321533203
2 0.7450387477874756 0.15412800014019012 0.12486743927001953 0.12665200233459473
2 0.4708250164985657 0.3423919975757599 0.0994037389755249 0.1180340051651001
2 0.6161587238311768 0.13890500366687775 0.12300503253936768 0.13423600792884827
2 0.5366824865341187 0.05200900137424469 0.14723503589630127 0.10185100138187408
2 0.7310000658035278 0.318913996219635 0.07184123992919922 0.128944993019104
2 0.6074124574661255 0.5835909843444824 0.11591994762420654 0.10130703449249268
2 0.6313412189483643 0.04443800076842308 0.1835237741470337 0.08540499955415726
0 0.6492050290107727 0.9876930117607117 0.09129130840301514 0.024613022804260254
2 0.44075000286102295 0.01832599937915802 0.1289224624633789 0.036424994468688965
2 0.5991562604904175 0.04571399837732315 0.1779862642288208 0.0860929936170578
