0 0.8988975286483765 0.07461699843406677 0.12855005264282227 0.143218994140625
0 0.7053437232971191 0.5870590209960938 0.10457372665405273 0.11495494842529297
0 0.32982999086380005 0.3648949861526489 0.10908499360084534 0.11812901496887207
0 0.5656049847602844 0.7492370009422302 0.07841122150421143 0.08539605140686035
0 0.0691162496805191 0.9450870156288147 0.09546375274658203 0.09169900417327881
0 0.0341215655207634 0.8089540004730225 0.0682431310415268 0.09186303615570068
0 0.5671699643135071 0.5412260293960571 0.11417496204376221 0.1251770257949829
0 0.227423757314682 0.18277600407600403 0.13904249668121338 0.11616000533103943
0 0.5203812718391418 0.47041401267051697 0.09939754009246826 0.10563701391220093
0 0.7911887168884277 0.14049099385738373 0.08555376529693604 0.0910080075263977
0 0.7799200415611267 0.05449900031089783 0.10724747180938721 0.10899800062179565
0 0.8225512504577637 0.5737029910087585 0.06134998798370361 0.07608795166015625
0 0.6458574533462524 0.8612239956855774 0.07114994525909424 0.07381105422973633
0 0.7788512706756592 0.5983549952507019 0.07783377170562744 0.09533798694610596
0 0.6922875046730042 0.020016999915242195 0.12131249904632568 0.04003399983048439
0 0.8127837181091309 0.6325889825820923 0.042841196060180664 0.05383801460266113
0 0.7728362083435059 0.841713011264801 0.047632455825805664 0.05341601371765137
0 0.6759337782859802 0.802308976650238 0.045937538146972656 0.0568920373916626
