2 0.20426124334335327 0.8519999980926514 0.06362247467041016 0.06756198406219482
2 0.8820737600326538 0.791841983795166 0.06272870302200317 0.06553804874420166
2 0.19996002316474915 0.11338099837303162 0.060848772525787354 0.06665599346160889
2 0.21151873469352722 0.4671339988708496 0.06479626893997192 0.06830298900604248
2 0.901226282119751 0.7174370288848877 0.06959003210067749 0.07462406158447266
2 0.9847403168678284 0.5626819729804993 0.03051936626434326 0.07499206066131592
2 0.8940925598144531 0.40519699454307556 0.06677871942520142 0.07460397481918335
2 0.9037675857543945 0.9630630016326904 0.0718124508857727 0.07387399673461914
2 0.15591749548912048 0.49769800901412964 0.05581623315811157 0.06351003050804138
2 0.1363300085067749 0.06207500025629997 0.05795000493526459 0.06119000166654587
2 0.9022362232208252 0.5652379989624023 0.07700997591018677 0.07532405853271484
2 0.08556374907493591 0.04966600239276886 0.06110626459121704 0.0653730034828186
2 0.7185550332069397 0.3120029866695404 0.06899130344390869 0.06720000505447388
