0 0.5630825161933899 0.15555499494075775 0.08673250675201416 0.09912100434303284
0 0.6384912729263306 0.052838996052742004 0.09173369407653809 0.0953570008277893
0 0.44282251596450806 0.04476099833846092 0.09883630275726318 0.08952199667692184
0 0.9737934470176697 0.6701670289039612 0.052413105964660645 0.06731104850769043
0 0.39379751682281494 0.5753030180931091 0.08888247609138489 0.08539903163909912
0 0.008804060518741608 0.7586920261383057 0.017608121037483215 0.08604395389556885
0 0.6371925473213196 0.13595899939537048 0.08924996852874756 0.08551698923110962
0 0.055296242237091064 0.7247909903526306 0.09765124320983887 0.09343194961547852
0 0.9425262212753296 0.7040749788284302 0.06591510772705078 0.06643795967102051
0 0.7179250121116638 0.697284996509552 0.06685996055603027 0.07120299339294434
0 0.8410012125968933 0.7468140125274658 0.06369876861572266 0.06761300563812256
0 0.30419373512268066 0.6700090169906616 0.1053125262260437 0.09994304180145264
0 0.8993537425994873 0.8797900080680847 0.06979250907897949 0.05744802951812744
0 0.9237262010574341 0.7659350037574768 0.07555365562438965 0.07300198078155518
0 0.5601325035095215 0.6852030158042908 0.07147371768951416 0.07355999946594238
0 0.5956674814224243 0.8197320103645325 0.057836294174194336 0.06958603858947754
0 0.39881372451782227 0.6833509802818298 0.06881627440452576 0.06803297996520996
0 0.5252012014389038 0.04747999832034111 0.0747075080871582 0.07188499718904495
0 0.5754925012588501 0.9450389742851257 0.06750130653381348 0.07140195369720459
0 0.01882031559944153 0.671081006526947 0.03764063119888306 0.09128999710083008
0 0.5402987599372864 0.6315029859542847 0.057283759117126465 0.05917096138000488
0 0.48770999908447266 0.8919529914855957 0.0628974437713623 0.0629960298538208
0 0.5521062612533569 0.5612599849700928 0.06977379322052002 0.07061505317687988
0 0.9469587802886963 0.7875779867172241 0.06529498100280762 0.05731701850891113
0 0.008735939860343933 0.6724209785461426 0.017471879720687866 0.09338104724884033
0 0.7752887606620789 0.7685139775276184 0.06149625778198242 0.06381595134735107
0 0.9348013401031494 0.7787129878997803 0.08762121200561523 0.07035601139068604
