0 0.9408262968063354 0.2997809946537018 0.05316615104675293 0.05660200119018555
0 0.9173575639724731 0.22680699825286865 0.053943634033203125 0.05485498905181885
0 0.927706241607666 0.1272049993276596 0.054463863372802734 0.05748400092124939
0 0.898147463798523 0.346560001373291 0.058828771114349365 0.058892011642456055
0 0.6233537197113037 0.6303899884223938 0.0546950101852417 0.05824398994445801
0 0.07297375798225403 0.19106200337409973 0.04904875159263611 0.05803799629211426
2 0.034706875681877136 0.44121500849723816 0.06941375136375427 0.0899689793586731
0 0.1637512445449829 0.1616089940071106 0.0536075234413147 0.06288999319076538
0 0.981623113155365 0.015042000450193882 0.03675377368927002 0.02985999919474125
0 0.9796916246414185 0.061066001653671265 0.040616750717163086 0.05199100077152252
0 0.18183749914169312 0.22376500070095062 0.044773757457733154 0.04729399085044861
2 0.20676374435424805 0.42869099974632263 0.1355600357055664 0.10566598176956177
0 0.4542050361633301 0.682191014289856 0.04840373992919922 0.05467700958251953
0 0.5654199719429016 0.5097590088844299 0.06294369697570801 0.061357975006103516
0 0.8779000043869019 0.11935698986053467 0.0508112907409668 0.05098699778318405
0 0.34291625022888184 0.6614570021629333 0.04658377170562744 0.05018901824951172
2 0.1792300045490265 0.4330900013446808 0.10429126024246216 0.10007697343826294
0 0.13444876670837402 0.19044600427150726 0.049446240067481995 0.05281400680541992
0 0.9411300420761108 0.8109710216522217 0.045439958572387695 0.051005005836486816
2 0.3384612500667572 0.4695420265197754 0.08009999990463257 0.08399000763893127
2 0.4082437753677368 0.4114069938659668 0.1001887321472168 0.08780401945114136
2 0.4510924816131592 0.4219779968261719 0.11049377918243408 0.11723101139068604
2 0.22658371925354004 0.4264949858188629 0.10214126110076904 0.10447001457214355
1 0.4280237555503845 0.823764979839325 0.06597745418548584 0.0738530158996582
0 0.14250749349594116 0.180650994181633 0.05323374271392822 0.06334799528121948
