0 0.8058812618255615 0.5448449850082397 0.10870504379272461 0.10833701491355896
0 0.9229124784469604 0.48510101437568665 0.10952496528625488 0.11047202348709106
0 0.35101497173309326 0.06556499749422073 0.09050872921943665 0.09220100939273834
0 0.47154879570007324 0.7964680194854736 0.09742379188537598 0.09908497333526611
0 0.5648737549781799 0.5399219989776611 0.10336625576019287 0.09615802764892578
0 0.7745412588119507 0.7249370217323303 0.08195245265960693 0.08153903484344482
1 0.006725311279296875 0.8104360103607178 0.01345062255859375 0.09603703022003174
0 0.13530874252319336 0.10182700306177139 0.07707124948501587 0.08058200776576996
1 0.0215543732047081 0.6587780117988586 0.0431087464094162 0.10395705699920654
1 0.38748496770858765 0.8120909929275513 0.07699123024940491 0.09436094760894775
0 0.7480474710464478 0.9764957427978516 0.09394371509552002 0.047008514404296875
1 0.3460737466812134 0.6136569976806641 0.08983373641967773 0.09011995792388916
0 0.5437849760055542 0.9647639989852905 0.06664252281188965 0.07047200202941895
1 0.0648612380027771 0.9034090042114258 0.09457126259803772 0.09508395195007324
1 0.1495700180530548 0.8091220259666443 0.08464373648166656 0.08964300155639648
0 0.9481887817382812 0.98711097240448 0.08978128433227539 0.025769948959350586
0 0.492092490196228 0.8785949945449829 0.10309123992919922 0.09872996807098389
1 0.3099524974822998 0.840707004070282 0.09064751863479614 0.094046950340271
0 0.3100750148296356 0.8388580083847046 0.08605748414993286 0.09411299228668213
1 0.14326375722885132 0.7384260296821594 0.08208250999450684 0.07186198234558105
1 0.3212587535381317 0.9159280061721802 0.07388871908187866 0.07715106010437012
0 0.420576274394989 0.7351930141448975 0.07397878170013428 0.08087396621704102
0 0.1010337620973587 0.9710997343063354 0.0888650119304657 0.0578005313873291
0 0.06368625164031982 0.9061830043792725 0.09342747926712036 0.09381699562072754
1 0.325863778591156 0.7067019939422607 0.08945751190185547 0.09003305435180664
0 0.4598425030708313 0.9570310115814209 0.0899200439453125 0.0859379768371582
1 0.2782500088214874 0.9694229960441589 0.09465372562408447 0.06115400791168213
1 0.4592212438583374 0.9568989872932434 0.08992373943328857 0.08620202541351318
0 0.9524521827697754 0.9843829870223999 0.09509563446044922 0.030375003814697266
