0 0.21939250826835632 0.3038089871406555 0.11156874895095825 0.11598801612854004
0 0.9518712759017944 0.766389012336731 0.08295750617980957 0.08406805992126465
0 0.8165062665939331 0.7799509763717651 0.08226001262664795 0.08373904228210449
0 0.8401463031768799 0.8948130011558533 0.08275872468948364 0.08254396915435791
0 0.04851248860359192 0.601144015789032 0.08367499709129333 0.0878070592880249
0 0.9432275295257568 0.6974689960479736 0.09304499626159668 0.07276904582977295
0 0.4633737802505493 0.9532210230827332 0.07792377471923828 0.08056402206420898
0 0.2888824939727783 0.5600500106811523 0.05912500619888306 0.07791602611541748
0 0.027324378490447998 0.2736780047416687 0.054648756980895996 0.09302498400211334
0 0.7416700124740601 0.7955679893493652 0.06426751613616943 0.08707296848297119
0 0.8029862642288208 0.09456600248813629 0.045226216316223145 0.048117995262145996
0 0.8359275460243225 0.05270399898290634 0.04950129985809326 0.04893900454044342
