0 0.7264750003814697 0.33529600501060486 0.08236372470855713 0.0754690170288086
0 0.9980453252792358 0.5735430121421814 0.00390934944152832 0.08254599571228027
0 0.7769012451171875 0.24122899770736694 0.08169746398925781 0.07705599069595337
0 0.7206149697303772 0.40233901143074036 0.07441878318786621 0.0720130205154419
0 0.8465174436569214 0.32881900668144226 0.0777387022972107 0.07683801651000977
0 0.01347281038761139 0.4326469898223877 0.02694562077522278 0.0589979887008667
0 0.79173743724823 0.3623470067977905 0.08095872402191162 0.09613502025604248
0 0.8967674970626831 0.7764049768447876 0.06078881025314331 0.060662031173706055
0 0.8059600591659546 0.636247992515564 0.06945621967315674 0.07084095478057861
0 0.7818987369537354 0.2037860006093979 0.07638370990753174 0.058090001344680786
0 0.7585687637329102 0.5773530006408691 0.06533503532409668 0.062088966369628906
0 0.708106279373169 0.5478219985961914 0.059206247329711914 0.07084798812866211
0 0.013381242752075195 0.5963950157165527 0.02676248550415039 0.08325505256652832
0 0.7557049989700317 0.6386359930038452 0.06614375114440918 0.07204794883728027
0 0.5296849608421326 0.01476799976080656 0.0885324478149414 0.0277670007199049
0 0.8926550149917603 0.5461300015449524 0.061301231384277344 0.06765305995941162
0 0.5373875498771667 0.011772999539971352 0.09287500381469727 0.022030998021364212
0 0.6926600337028503 0.3574860095977783 0.038553714752197266 0.05727499723434448
0 0.5555862188339233 0.009290000423789024 0.05801749229431152 0.016541000455617905
