0 0.4478537440299988 0.7980369925498962 0.11612629890441895 0.1129690408706665
0 0.1959950029850006 0.28758499026298523 0.08792126178741455 0.09383600950241089
0 0.6367537975311279 0.8947479724884033 0.12406623363494873 0.1256730556488037
0 0.26335251331329346 0.19103699922561646 0.07307499647140503 0.09842300415039062
0 0.2707587480545044 0.06301700323820114 0.09867000579833984 0.10468000173568726
0 0.3466687798500061 0.7333719730377197 0.11562252044677734 0.11927998065948486
0 0.5373950004577637 0.7299759984016418 0.09444999694824219 0.09727001190185547
0 0.2527350187301636 0.34558600187301636 0.07202500104904175 0.08644998073577881
0 0.24482876062393188 0.7414500117301941 0.0750737190246582 0.09855997562408447
0 0.5886287689208984 0.5807420015335083 0.0863337516784668 0.1303919553756714
0 0.29071125388145447 0.8087909817695618 0.061256229877471924 0.07049798965454102
0 0.6705337166786194 0.7833759784698486 0.10336005687713623 0.10056698322296143
0 0.42978376150131226 0.7061539888381958 0.08517372608184814 0.07560503482818604
0 0.3635050058364868 0.013425000011920929 0.09003627300262451 0.025616999715566635
