0 0.8729760050773621 0.16620199382305145 0.0933379977941513 0.12829400599002838
0 0.8605819940567017 0.8900899887084961 0.07281900197267532 0.09172499924898148
0 0.943340003490448 0.20403699576854706 0.10158400237560272 0.12228800356388092
0 0.622115969657898 0.5775529742240906 0.10250700265169144 0.13197800517082214
0 0.9429720044136047 0.6926890015602112 0.10002300143241882 0.11592800170183182
0 0.9577850103378296 0.03743999823927879 0.08443000167608261 0.07174400240182877
0 0.8309910297393799 0.5360450148582458 0.08559200167655945 0.11259400099515915
0 0.4178730249404907 0.11584100127220154 0.07263299822807312 0.11262500286102295
0 0.9779869914054871 0.25932300090789795 0.04402599856257439 0.13171200454235077
0 0.6374939680099487 0.8470680117607117 0.04766099900007248 0.0842519998550415
0 0.9833030104637146 0.5878859758377075 0.03339400142431259 0.1005449965596199
0 0.9437379837036133 0.5454339981079102 0.07172899693250656 0.08313599973917007
0 0.9278690218925476 0.6324350237846375 0.07738000154495239 0.08162599802017212
0 0.9770519733428955 0.2376900017261505 0.04565199837088585 0.18616099655628204
0 0.2258489727973938 0.3189859986305237 0.050282999873161316 0.06672000139951706
0 0.98716801404953 0.6970009803771973 0.025415999814867973 0.11694599688053131
0 0.9900199770927429 0.705706000328064 0.019224999472498894 0.11367200314998627
