1 0.5460309982299805 0.49745601415634155 0.09792900085449219 0.13270999491214752
1 0.45766502618789673 0.38757699728012085 0.11947300285100937 0.14975599944591522
1 0.7286230325698853 0.3182089924812317 0.12550599873065948 0.14764800667762756
1 0.9099559783935547 0.28567299246788025 0.11518999934196472 0.12860099971294403
1 0.7678430080413818 0.5595149993896484 0.12964099645614624 0.16610899567604065
1 0.9447919726371765 0.45416998863220215 0.10970699787139893 0.1724099963903427
1 0.13696599006652832 0.3097600042819977 0.12497799843549728 0.151310995221138
1 0.13885802030563354 0.19618000090122223 0.10728500038385391 0.11166699975728989
1 0.6630309820175171 0.2078630030155182 0.11781200021505356 0.14730699360370636
1 0.7853139638900757 0.14859099686145782 0.1198749989271164 0.1431719958782196
1 0.8322550058364868 0.39596500992774963 0.12911100685596466 0.1616870015859604
1 0.4898970127105713 0.6564180254936218 0.13823500275611877 0.17534500360488892
2 0.24030202627182007 0.5697910189628601 0.11600100249052048 0.17328399419784546
1 0.7081130146980286 0.09231899678707123 0.09817299991846085 0.10637299716472626
1 0.93538898229599 0.6495339870452881 0.12922300398349762 0.1626109927892685
1 0.20004701614379883 0.09648700058460236 0.09154000133275986 0.12411999702453613
1 0.547976016998291 0.6472010016441345 0.12251699715852737 0.15304100513458252
1 0.37911802530288696 0.5940989851951599 0.10452000051736832 0.13878600299358368
1 0.6169719696044922 0.6727799773216248 0.10303399711847305 0.13722799718379974
1 0.7651439905166626 0.14691099524497986 0.08577299863100052 0.14585399627685547
1 0.7684500217437744 0.6764990091323853 0.10160999745130539 0.09006500244140625
1 0.8552200198173523 0.09442000091075897 0.07718800008296967 0.13245099782943726
1 0.45457202196121216 0.5629469752311707 0.0788780003786087 0.08595100045204163
1 0.03266799449920654 0.3292439877986908 0.061852000653743744 0.1318890005350113
1 0.6947180032730103 0.49958598613739014 0.05499200150370598 0.10655999928712845
