0 0.09857398271560669 0.8882319927215576 0.07011699676513672 0.0925770029425621
0 0.03616201877593994 0.8926339745521545 0.06294800341129303 0.08305799961090088
0 0.1652650237083435 0.6438630223274231 0.0636340007185936 0.08358799666166306
0 0.18372201919555664 0.7714809775352478 0.07174800336360931 0.08524999767541885
0 0.3525959849357605 0.9047070145606995 0.07132299989461899 0.08492500334978104
0 0.028892993927001953 0.7668060064315796 0.0577859990298748 0.08005999773740768
0 0.23806297779083252 0.7811620235443115 0.056453000754117966 0.08415699750185013
0 0.23813199996948242 0.5540159940719604 0.06881099939346313 0.07866299897432327
0 0.6741169691085815 0.015236999839544296 0.05076900124549866 0.02880699932575226
0 0.3891329765319824 0.8364539742469788 0.06377000361680984 0.0804620012640953
0 0.678022027015686 0.0500280000269413 0.038773998618125916 0.04423400014638901
0 0.5424050092697144 0.9717199802398682 0.0628959983587265 0.05314800143241882
0 0.7246789932250977 0.13784199953079224 0.038644999265670776 0.04675799980759621
0 0.2378290295600891 0.9564200043678284 0.05686600133776665 0.0761839970946312
