2 0.25145697593688965 0.9010279774665833 0.06385499984025955 0.08861900120973587
2 0.2778940200805664 0.6363599896430969 0.06547000259160995 0.08705800026655197
2 0.6129469871520996 0.8839349746704102 0.06900399923324585 0.0877079963684082
2 0.3486909866333008 0.751645028591156 0.0677269995212555 0.09799899905920029
2 0.5916019678115845 0.9550549983978271 0.06272000074386597 0.0777060016989708
2 0.40656501054763794 0.82949298620224 0.07512900233268738 0.10259100049734116
2 0.32665902376174927 0.5815969705581665 0.06766200065612793 0.09475000202655792
2 0.2818790078163147 0.7297660112380981 0.06433600187301636 0.0918859988451004
2 0.40543800592422485 0.9491299986839294 0.07205499708652496 0.09863899648189545
2 0.21236497163772583 0.812762975692749 0.07290200144052505 0.10328499972820282
2 0.30900198221206665 0.5022760033607483 0.054614998400211334 0.07889600098133087
1 0.5738049745559692 0.7077059745788574 0.07353000342845917 0.0907370001077652
1 0.3091089725494385 0.5019389986991882 0.057284001260995865 0.07743199914693832
1 0.0501289963722229 0.8650400042533875 0.058786001056432724 0.07600200176239014
1 0.8719589710235596 0.9708660244941711 0.0618400014936924 0.05826700106263161
1 0.9703900218009949 0.6803339719772339 0.05217700079083443 0.06717099994421005
2 0.4810220003128052 0.8763449788093567 0.051433999091386795 0.07292500138282776
2 0.8704130053520203 0.9700800180435181 0.06252700090408325 0.058253999799489975
