2 0.45296400785446167 0.29911500215530396 0.08077699691057205 0.12120699882507324
2 0.7166900038719177 0.3709000051021576 0.06392800062894821 0.10515999794006348
2 0.5925840139389038 0.31445300579071045 0.10391200333833694 0.1227250024676323
2 0.5832340121269226 0.6148470044136047 0.09917499870061874 0.1336899995803833
2 0.585623025894165 0.7902029752731323 0.09212400019168854 0.12403199821710587
2 0.383637011051178 0.2904199957847595 0.07406900078058243 0.12678399682044983
2 0.5744810104370117 0.19128300249576569 0.0857900008559227 0.12275800108909607
2 0.5055130124092102 0.2183150053024292 0.0784740000963211 0.12404599785804749
2 0.6093360185623169 0.03641099855303764 0.09837999939918518 0.0728209987282753
1 0.2773650288581848 0.844406008720398 0.08517199754714966 0.10605700314044952
2 0.20691698789596558 0.23130899667739868 0.06932000070810318 0.09201999753713608
2 0.4049850106239319 0.14514100551605225 0.08335399627685547 0.12382200360298157
2 0.3076220154762268 0.9358109831809998 0.1297059953212738 0.10968799889087677
2 0.3224850296974182 0.9404659867286682 0.08783400058746338 0.10951899737119675
2 0.278531014919281 0.8438119888305664 0.08200699836015701 0.10511499643325806
2 0.28943800926208496 0.9327859878540039 0.0994039997458458 0.10875199735164642
2 0.2236739993095398 0.9897680282592773 0.08382400125265121 0.020462999120354652
