1 0.03432798385620117 0.11998800188302994 0.06758499890565872 0.1315629929304123
1 0.19291198253631592 0.06418199837207794 0.11503300070762634 0.11950899660587311
1 0.09398102760314941 0.06165499985218048 0.11020100116729736 0.10814499855041504
1 0.04234999418258667 0.4445759952068329 0.08470000326633453 0.1274780035018921
2 0.03630000352859497 0.4450249969959259 0.07259999960660934 0.12686599791049957
1 0.03809100389480591 0.22748200595378876 0.07618200033903122 0.10956799983978271
1 0.20463699102401733 0.2826859951019287 0.1308169960975647 0.1366879940032959
1 0.025763988494873047 0.31053099036216736 0.04981900006532669 0.13502299785614014
1 0.013868987560272217 0.3074609935283661 0.02773899957537651 0.13274599611759186
2 0.03983199596405029 0.22426100075244904 0.07341799885034561 0.10928399860858917
