0 0.330718994140625 0.6631699800491333 0.06267199665307999 0.07895299792289734
0 0.3568829894065857 0.5977169871330261 0.055376000702381134 0.06373800337314606
0 0.112201988697052 0.31261199712753296 0.035378001630306244 0.04599799960851669
2 0.8411890268325806 0.7884330153465271 0.08889999985694885 0.11915600299835205
1 0.9527649879455566 0.41713300347328186 0.09447000175714493 0.12429200112819672
1 0.7147369980812073 0.5620840191841125 0.08550900220870972 0.11180199682712555
1 0.6538209915161133 0.6923390030860901 0.07873900234699249 0.10353600233793259
1 0.8358550071716309 0.051573000848293304 0.09156499803066254 0.10314600169658661
1 0.7176460027694702 0.37031498551368713 0.06485900282859802 0.08898600190877914
0 0.2879539728164673 0.7330340147018433 0.0626010000705719 0.07919199764728546
2 0.5714349746704102 0.7514320015907288 0.08304700255393982 0.11283499747514725
1 0.6205710172653198 0.5980089902877808 0.07536900043487549 0.10187900066375732
0 0.15577000379562378 0.33812400698661804 0.03956099972128868 0.05340699851512909
1 0.4845470190048218 0.16753800213336945 0.0650549978017807 0.08200199902057648
1 0.7517299652099609 0.7199839949607849 0.08933199942111969 0.11339599639177322
1 0.6134940385818481 0.27792099118232727 0.08354400098323822 0.08868800103664398
0 0.26266300678253174 0.08797600120306015 0.04165399819612503 0.05551899969577789
1 0.8258600234985352 0.4788079857826233 0.06568299978971481 0.07662700116634369
1 0.5707889795303345 0.4072119891643524 0.07039599865674973 0.10767299681901932
1 0.635565996170044 0.3793709874153137 0.0819379985332489 0.11755800247192383
1 0.7736999988555908 0.4151979982852936 0.05512800067663193 0.07298099994659424
1 0.6164640188217163 0.03501100093126297 0.08378399908542633 0.06908799707889557
1 0.9628599882125854 0.7497760057449341 0.07428000122308731 0.13450099527835846
1 0.42775100469589233 0.26840001344680786 0.05245300009846687 0.07672800123691559
1 0.23524999618530273 0.9722129702568054 0.051656000316143036 0.054058000445365906
1 0.9743919968605042 0.17072400450706482 0.05121700093150139 0.10638800263404846
1 0.2441750168800354 0.8920599818229675 0.04566099867224693 0.0592069998383522
2 0.820123016834259 0.5859940052032471 0.10221800208091736 0.1277810037136078
0 0.28674501180648804 0.4945479929447174 0.040911998599767685 0.057805001735687256
2 0.9051079750061035 0.9544280171394348 0.08086399734020233 0.09114299714565277
1 0.907181978225708 0.9553170204162598 0.08104699850082397 0.08936700224876404
0 0.1474199891090393 0.015402000397443771 0.031137999147176743 0.03053399920463562
1 0.8199700117111206 0.5847780108451843 0.10150899738073349 0.13279099762439728
2 0.18813598155975342 0.5350430011749268 0.04292900115251541 0.055445000529289246
1 0.8432480096817017 0.9812909960746765 0.08503500372171402 0.03338199853897095
1 0.9919909834861755 0.5826389789581299 0.016018999740481377 0.11089599877595901
1 0.4348270297050476 0.12326599657535553 0.053895000368356705 0.05281300097703934
1 0.6940810084342957 0.5020059943199158 0.06777200102806091 0.057854000478982925
1 0.15015000104904175 0.5635489821434021 0.03998100012540817 0.04603400081396103
