1 0.6593350172042847 0.9307169914245605 0.07076700031757355 0.1064089983701706
1 0.6143989562988281 0.7241929769515991 0.0956370010972023 0.12026599794626236
1 0.5923830270767212 0.8581780195236206 0.08520100265741348 0.10509199649095535
1 0.7226060032844543 0.8379960060119629 0.07367599755525589 0.09901099652051926
1 0.7975580096244812 0.8593649864196777 0.0734810009598732 0.10819700360298157
1 0.7343310117721558 0.9647150039672852 0.06842900067567825 0.07033800333738327
1 0.11755901575088501 0.9441800117492676 0.09340500086545944 0.09771999716758728
1 0.8064410090446472 0.9692620038986206 0.08694799989461899 0.06128900125622749
1 0.8602499961853027 0.9431250095367432 0.0706389993429184 0.0953579992055893
1 0.4893689751625061 0.8507660031318665 0.09193900227546692 0.11520399898290634
1 0.23517197370529175 0.970196008682251 0.0989060029387474 0.05960800126194954
1 0.523177981376648 0.9702370166778564 0.09466399997472763 0.05952500179409981
1 0.024326980113983154 0.9615970253944397 0.04566400125622749 0.07680600136518478
2 0.7224879860877991 0.8385210037231445 0.07376299798488617 0.10126800090074539
