0 0.4065629839897156 0.22563700377941132 0.10260500013828278 0.12334399670362473
0 0.5141019821166992 0.49821698665618896 0.0945810005068779 0.11135199666023254
0 0.6501500010490417 0.16214799880981445 0.09801799803972244 0.12257599830627441
0 0.5851060152053833 0.24666500091552734 0.08334600180387497 0.11405099928379059
0 0.20837700366973877 0.17353299260139465 0.07311400026082993 0.10145299881696701
0 0.48799198865890503 0.39368999004364014 0.096949003636837 0.11150600016117096
0 0.3849729895591736 0.7105100154876709 0.06975899636745453 0.08539299666881561
0 0.06276500225067139 0.31929799914360046 0.06037899851799011 0.08519899845123291
0 0.29378002882003784 0.14172600209712982 0.09943699836730957 0.12290599942207336
0 0.3257480263710022 0.30977100133895874 0.08406800031661987 0.11017200350761414
0 0.4942770004272461 0.2231999933719635 0.08639500290155411 0.11915300041437149
0 0.6951680183410645 0.035613998770713806 0.08908999711275101 0.06787499785423279
0 0.14705300331115723 0.7320119738578796 0.058469999581575394 0.07719399780035019
0 0.3687649965286255 0.0919250026345253 0.09747400134801865 0.11867400258779526
0 0.40880298614501953 0.32631799578666687 0.07571399956941605 0.09378200024366379
0 0.1840289831161499 0.6126919984817505 0.051702000200748444 0.06887499988079071
0 0.7971299886703491 0.9624410271644592 0.0709720030426979 0.07511799782514572
0 0.9183639883995056 0.9704790115356445 0.07145299762487411 0.058416999876499176
0 0.16306501626968384 0.4891600012779236 0.05527300015091896 0.07592500001192093
0 0.025142014026641846 0.30261901021003723 0.04161100089550018 0.08532600104808807
0 0.223954975605011 0.5244320034980774 0.040688998997211456 0.06726700067520142
0 0.9234989881515503 0.19758500158786774 0.040862999856472015 0.05454700067639351
0 0.832485020160675 0.9000070095062256 0.0677110031247139 0.07730700075626373
0 0.010646998882293701 0.19920100271701813 0.02129399962723255 0.0685420036315918
0 0.20013397932052612 0.47964000701904297 0.03828800097107887 0.08454900234937668
