2 0.15630197525024414 0.19033999741077423 0.06956999748945236 0.10649800300598145
2 0.08062702417373657 0.1908939927816391 0.07029400020837784 0.10797499865293503
2 0.07747197151184082 0.8929110169410706 0.07915200293064117 0.10474800318479538
2 0.30323702096939087 0.5344619750976562 0.07125300168991089 0.09777399897575378
2 0.10773801803588867 0.0674929991364479 0.07245100289583206 0.10330300033092499
2 0.1057320237159729 0.9720219969749451 0.07330700010061264 0.055955998599529266
2 0.2718160152435303 0.20457999408245087 0.08203700184822083 0.10650499910116196
2 0.17916500568389893 0.8799449801445007 0.08098699897527695 0.11066699773073196
2 0.2012159824371338 0.1249070018529892 0.06829000264406204 0.10671299695968628
2 0.2776389718055725 0.4294469952583313 0.07593700289726257 0.1015240028500557
2 0.2591260075569153 0.10555899888277054 0.07038699835538864 0.10118299722671509
2 0.24771398305892944 0.872310996055603 0.06784799695014954 0.09598899632692337
2 0.3570280075073242 0.2655769884586334 0.05727199837565422 0.08195099979639053
2 0.2619379758834839 0.7811049818992615 0.07995100319385529 0.10092899948358536
2 0.017763972282409668 0.7655329704284668 0.03552800044417381 0.10119599848985672
2 0.15161502361297607 0.9377530217170715 0.049942001700401306 0.05733099952340126
2 0.9016090035438538 0.04496600106358528 0.058529000729322433 0.06442800164222717
2 0.008445978164672852 0.6670250296592712 0.016891000792384148 0.10739400237798691
