0 0.8780649900436401 0.12425299733877182 0.11256100237369537 0.12436500191688538
0 0.7765820026397705 0.16383400559425354 0.10832399874925613 0.1301340013742447
0 0.7025530338287354 0.12500500679016113 0.09488300234079361 0.1312599927186966
0 0.450577974319458 0.5449770092964172 0.10311900079250336 0.1333789974451065
0 0.8967170119285583 0.25241199135780334 0.10051099956035614 0.1278190016746521
0 0.6970009803771973 0.8577229976654053 0.07179699838161469 0.08978000283241272
0 0.8499979972839355 0.5612239837646484 0.09375900030136108 0.11045199632644653
0 0.7700859904289246 0.6586959958076477 0.09394600242376328 0.11656399816274643
0 0.9282839894294739 0.5055559873580933 0.08618900179862976 0.11352899670600891
0 0.6661649942398071 0.5038179755210876 0.08902499824762344 0.11542999744415283
0 0.8404319882392883 0.6560029983520508 0.08490700274705887 0.11624299734830856
0 0.8323270082473755 0.23765400052070618 0.06674399971961975 0.119377002120018
0 0.9400150179862976 0.17883500456809998 0.06015700101852417 0.09951800107955933
0 0.4708549976348877 0.8133599758148193 0.048002999275922775 0.07839900255203247
0 0.7986429929733276 0.017760999500751495 0.09717100113630295 0.034247998148202896
0 0.7700690031051636 0.5154330134391785 0.08098199963569641 0.08956900238990784
0 0.7645269632339478 0.5974169969558716 0.07494600117206573 0.08606600016355515
0 0.8952659964561462 0.6405150294303894 0.06286600232124329 0.09757299721240997
0 0.05780601501464844 0.2768380045890808 0.046466998755931854 0.06655299663543701
0 0.24056798219680786 0.06919100135564804 0.0765800029039383 0.11060799658298492
0 0.8139780163764954 0.011988000012934208 0.06837400048971176 0.022360000759363174
