0 0.07980901002883911 0.8728669881820679 0.06694000214338303 0.09273900091648102
0 0.17766797542572021 0.6932359933853149 0.07485099881887436 0.0904109999537468
0 0.027440011501312256 0.3597649931907654 0.05322200059890747 0.09071899950504303
0 0.0518069863319397 0.5261549949645996 0.05995199829339981 0.08482199907302856
0 0.14370101690292358 0.8359730243682861 0.07748900353908539 0.09619399905204773
0 0.4399530291557312 0.928026020526886 0.07555100321769714 0.08289500325918198
0 0.26373398303985596 0.9722399711608887 0.0718030035495758 0.05552000179886818
0 0.2259020209312439 0.6251090168952942 0.07519199699163437 0.08611500263214111
0 0.18835902214050293 0.9155550003051758 0.06722799688577652 0.09778700023889542
0 0.014455974102020264 0.4970340132713318 0.028912000358104706 0.08578900247812271
0 0.14611899852752686 0.2913210093975067 0.07361499965190887 0.08606100082397461
0 0.3962879776954651 0.9712309837341309 0.06701900064945221 0.05753700062632561
0 0.1575009822845459 0.9800779819488525 0.0609159991145134 0.03798599913716316
0 0.06928902864456177 0.7323979735374451 0.05503299832344055 0.08554200083017349
0 0.14889901876449585 0.9087619781494141 0.06983699649572372 0.07885099947452545
0 0.0414770245552063 0.9029790163040161 0.05238699913024902 0.08041699975728989
0 0.015559017658233643 0.9439499974250793 0.03111799992620945 0.10062599927186966
0 0.43111199140548706 0.858057975769043 0.07565899938344955 0.09109900146722794
0 0.9832680225372314 0.11404900252819061 0.032579999417066574 0.0810680016875267
0 0.17125099897384644 0.9128010272979736 0.10402999818325043 0.10028599947690964
