2 0.7585240006446838 0.2178719937801361 0.06527599692344666 0.08962400257587433
2 0.4332669973373413 0.11894799768924713 0.055507998913526535 0.08850599825382233
2 0.6252670288085938 0.5478630065917969 0.06748300045728683 0.09962800145149231
2 0.48658400774002075 0.6495869755744934 0.06361600011587143 0.09237799793481827
2 0.8771939873695374 0.2805140018463135 0.06186100095510483 0.08773300051689148
2 0.13011497259140015 0.04801100119948387 0.06473200023174286 0.0928729996085167
2 0.5250779986381531 0.04500799998641014 0.06735499948263168 0.08298700302839279
2 0.2719249725341797 0.706853985786438 0.057944998145103455 0.08334200084209442
2 0.7875379920005798 0.5626000165939331 0.05889799818396568 0.07902099937200546
2 0.20624399185180664 0.6610710024833679 0.07428000122308731 0.10009200125932693
2 0.4950699806213379 0.21738600730895996 0.06728599965572357 0.07729300111532211
2 0.9811300039291382 0.7744870185852051 0.037741001695394516 0.08083400130271912
2 0.17982399463653564 0.3662160038948059 0.051594000309705734 0.07238999754190445
2 0.8818640112876892 0.6410009860992432 0.05588600039482117 0.06687100231647491
2 0.9335600137710571 0.03860199823975563 0.056099001318216324 0.06696800142526627
2 0.81038498878479 0.12920400500297546 0.059046000242233276 0.07396700233221054
2 0.879414975643158 0.10732799768447876 0.05022300034761429 0.07122699916362762
1 0.44314897060394287 0.5611590147018433 0.06518600136041641 0.09785400331020355
2 0.7811880111694336 0.8750460147857666 0.05209200084209442 0.07316099852323532
1 0.8733000159263611 0.5796480178833008 0.05401799827814102 0.06921999901533127
1 0.9712209701538086 0.43449100852012634 0.05220000073313713 0.0621739998459816
2 0.4427899718284607 0.5616130232810974 0.06392300128936768 0.09794099628925323
1 0.8148170113563538 0.9001089930534363 0.04638800024986267 0.07783299684524536
1 0.8099560141563416 0.129488006234169 0.057402998208999634 0.0729919970035553
2 0.8149570226669312 0.8960400223731995 0.0460049994289875 0.07611700147390366
1 0.8580420017242432 0.9088670015335083 0.049894001334905624 0.07543300092220306
