2 0.4269009828567505 0.7242519855499268 0.12367299944162369 0.1549679934978485
2 0.30651402473449707 0.8713679909706116 0.1252399981021881 0.16469399631023407
2 0.5716589689254761 0.2739790081977844 0.15805700421333313 0.18842999637126923
2 0.43281400203704834 0.8489819765090942 0.12060900032520294 0.13114500045776367
2 0.4605649709701538 0.5718749761581421 0.12227900326251984 0.1358640044927597
2 0.5248819589614868 0.717602014541626 0.11722800135612488 0.1580680012702942
2 0.604496955871582 0.627161979675293 0.11142999678850174 0.14909300208091736
2 0.2591540217399597 0.3336170017719269 0.11515399813652039 0.14376500248908997
2 0.5740740299224854 0.09229099750518799 0.16675099730491638 0.18458199501037598
2 0.373399019241333 0.9588029980659485 0.12298399955034256 0.08239500224590302
2 0.6581419706344604 0.5241339802742004 0.12335500121116638 0.15137100219726562
2 0.46471601724624634 0.1369989961385727 0.10413499921560287 0.16944999992847443
2 0.28147101402282715 0.16091500222682953 0.13024400174617767 0.16672900319099426
2 0.1974790096282959 0.053015001118183136 0.10448399931192398 0.10127300024032593
2 0.3631560206413269 0.6662120223045349 0.07731600105762482 0.1304679960012436
2 0.47866499423980713 0.9854819774627686 0.11097899824380875 0.02903600037097931
