2 0.1101909875869751 0.2365099936723709 0.05216600000858307 0.06902500241994858
2 0.6654130220413208 0.44449201226234436 0.05160899832844734 0.0696989968419075
2 0.7017899751663208 0.77149498462677 0.056488998234272 0.07769899815320969
2 0.7934049963951111 0.7018529772758484 0.05147400125861168 0.07916499674320221
2 0.06673598289489746 0.5015180110931396 0.058720000088214874 0.07669000327587128
2 0.6945340037345886 0.03128800168633461 0.05600700154900551 0.06257600337266922
2 0.015812993049621582 0.5921549797058105 0.030358999967575073 0.062376998364925385
2 0.04546898603439331 0.7882140278816223 0.05434099957346916 0.06794899702072144
2 0.6238470077514648 0.7694039940834045 0.06980299949645996 0.0947989970445633
2 0.23695999383926392 0.8945320248603821 0.058281999081373215 0.08381099998950958
2 0.6375349760055542 0.9592980146408081 0.0566600002348423 0.0733489990234375
2 0.03268200159072876 0.025154000148177147 0.0600770004093647 0.05030899867415428
2 0.10102301836013794 0.17032599449157715 0.05870399996638298 0.07234399765729904
2 0.02354598045349121 0.4948590099811554 0.047091998159885406 0.07771199941635132
2 0.6505529880523682 0.7484890222549438 0.05241699889302254 0.07394599914550781
2 0.38472801446914673 0.9793109893798828 0.05892400071024895 0.04049000144004822
2 0.0757489800453186 0.43004998564720154 0.05806700140237808 0.07527299970388412
2 0.11672502756118774 0.03378799930214882 0.06275700032711029 0.06757500022649765
2 0.3777559995651245 0.9074050188064575 0.05148300155997276 0.07055699825286865
2 0.9189040064811707 0.08944500237703323 0.05184699967503548 0.07415100187063217
2 0.7369920015335083 0.06686899811029434 0.040401000529527664 0.057874999940395355
2 0.4905930161476135 0.9756609797477722 0.04792900010943413 0.048434000462293625
2 0.9837509989738464 0.16841599345207214 0.03106600046157837 0.07060600072145462
2 0.09465700387954712 0.9870529770851135 0.05030899867415428 0.02589300088584423
2 0.014524996280670166 0.07415799796581268 0.026339000090956688 0.06305000185966492
