0 0.9283300042152405 0.1746390014886856 0.10525999963283539 0.14668700098991394
0 0.8173949718475342 0.13510200381278992 0.07983999699354172 0.11452800035476685
0 0.09829199314117432 0.24784600734710693 0.03832300007343292 0.04642400145530701
0 0.11846297979354858 0.3623630106449127 0.03313799947500229 0.052675001323223114
0 0.5730119943618774 0.10267999768257141 0.10927700251340866 0.12214100360870361
0 0.06805598735809326 0.33085399866104126 0.037721000611782074 0.05535599961876869
0 0.6140030026435852 0.21781200170516968 0.09431400150060654 0.11461800336837769
0 0.3370100259780884 0.20244100689888 0.06387700140476227 0.08835999667644501
0 0.06460398435592651 0.27046000957489014 0.034995999187231064 0.043793998658657074
0 0.22624099254608154 0.46398600935935974 0.0361349992454052 0.05074099823832512
0 0.16111499071121216 0.34035998582839966 0.04419799894094467 0.05758799985051155
0 0.5183410048484802 0.41955798864364624 0.09800700098276138 0.1601179987192154
0 0.08207601308822632 0.4111950099468231 0.03039800003170967 0.04294800013303757
0 0.07804000377655029 0.04237699881196022 0.04274100065231323 0.054694999009370804
0 0.5087059736251831 0.4374519884586334 0.09976399689912796 0.13621099293231964
0 0.3016890287399292 0.3458459973335266 0.05461699888110161 0.06812900304794312
0 0.7834429740905762 0.200096994638443 0.07274600118398666 0.10483899712562561
0 0.05323302745819092 0.40823400020599365 0.03049900010228157 0.04227200150489807
0 0.3596220016479492 0.31570398807525635 0.05364900082349777 0.07989899814128876
0 0.21528202295303345 0.7129799723625183 0.04735499992966652 0.059206001460552216
0 0.18432599306106567 0.019322000443935394 0.055114999413490295 0.03864400088787079
0 0.16643500328063965 0.4895839989185333 0.03304800018668175 0.05694799870252609
0 0.18541699647903442 0.46214500069618225 0.031094999983906746 0.04317200183868408
0 0.24704402685165405 0.4336000084877014 0.027881000190973282 0.040240999311208725
0 0.24134397506713867 0.5099040269851685 0.03655499964952469 0.04461900144815445
0 0.1394749879837036 0.5199199914932251 0.033362001180648804 0.05223099887371063
0 0.08824998140335083 0.4572199881076813 0.028255000710487366 0.039767999202013016
0 0.21686500310897827 0.365557998418808 0.03146800026297569 0.04810300096869469
0 0.10987997055053711 0.5136430263519287 0.02992199920117855 0.04357299953699112
0 0.1707419753074646 0.49380698800086975 0.04002600163221359 0.058065999299287796
0 0.2376130223274231 0.5059009790420532 0.037167999893426895 0.04436499997973442
