0 0.3621000051498413 0.07871700078248978 0.07013999670743942 0.09340699762105942
0 0.7734010219573975 0.7342759966850281 0.05828100070357323 0.08442100137472153
0 0.5232349634170532 0.053780000656843185 0.06984300166368484 0.09097100049257278
0 0.8595499992370605 0.8416410088539124 0.05681899935007095 0.07901199907064438
0 0.811398983001709 0.8845430016517639 0.06251300126314163 0.0925849974155426
0 0.7325969934463501 0.9283350110054016 0.07171899825334549 0.08434200286865234
0 0.035515010356903076 0.609595000743866 0.0647289976477623 0.0864889994263649
0 0.5255709886550903 0.20319700241088867 0.06000199913978577 0.08388900011777878
0 0.5653089880943298 0.240666002035141 0.05757499858736992 0.08435100317001343
0 0.9023140072822571 0.5530030131340027 0.04797400161623955 0.06267199665307999
0 0.3974810242652893 0.3626660108566284 0.06351300328969955 0.07806800305843353
0 0.7272709608078003 0.8394219875335693 0.06334199756383896 0.06652600318193436
0 0.858269989490509 0.2925010025501251 0.049883998930454254 0.06318199634552002
0 0.378695011138916 0.14605900645256042 0.07159800082445145 0.07317899912595749
0 0.8777920007705688 0.5931439995765686 0.0317239984869957 0.05911799892783165
0 0.8754839897155762 0.40117400884628296 0.056853000074625015 0.07154300063848495
0 0.6981940269470215 0.031633999198675156 0.04919400066137314 0.059640999883413315
0 0.4932439923286438 0.2245589941740036 0.04233400151133537 0.0967629998922348
0 0.24194002151489258 0.8628659844398499 0.050266001373529434 0.06533300131559372
0 0.514680027961731 0.21448299288749695 0.08018700033426285 0.10530100017786026
0 0.5020439624786377 0.22185499966144562 0.06377100199460983 0.10181800276041031
