2 0.7365909814834595 0.8519999980926514 0.050898000597953796 0.06756199896335602
2 0.1943410038948059 0.791841983795166 0.050182998180389404 0.06553799659013748
2 0.9519240260124207 0.14857999980449677 0.046080999076366425 0.06333500146865845
2 0.7400319576263428 0.11338099837303162 0.04867900162935257 0.06665600091218948
2 0.04773902893066406 0.5641049742698669 0.051447998732328415 0.07696200162172318
2 0.7307850122451782 0.4671339988708496 0.051837000995874405 0.06830299645662308
2 0.17901897430419922 0.7174370288848877 0.05567200109362602 0.07462400197982788
2 0.0989999771118164 0.5626819729804993 0.05083100125193596 0.07499200105667114
2 0.18472599983215332 0.40519699454307556 0.05342299863696098 0.07460399717092514
2 0.9901189804077148 0.08865699917078018 0.019763000309467316 0.06605800241231918
2 0.1769859790802002 0.9630630016326904 0.05745000019669533 0.07387399673461914
2 0.013373017311096191 0.96561598777771 0.02517399936914444 0.06720399856567383
2 0.944130003452301 0.4893069863319397 0.051020000129938126 0.06887300312519073
2 0.7752659916877747 0.49769800901412964 0.04465299844741821 0.063510000705719
2 0.7909359931945801 0.06207500025629997 0.04636000096797943 0.06119000166654587
2 0.17821097373962402 0.5652379989624023 0.061608001589775085 0.07532399892807007
2 0.8315489888191223 0.04966599866747856 0.04888499900698662 0.0653730034828186
2 0.06506502628326416 0.47592800855636597 0.05261300131678581 0.07480400055646896
2 0.32515597343444824 0.3120029866695404 0.05519299954175949 0.06719999760389328
