0 0.5313949584960938 0.3140450119972229 0.07394299656152725 0.10470200330018997
2 0.84272700548172 0.4867030084133148 0.0734810009598732 0.10528100281953812
1 0.5880060195922852 0.37078800797462463 0.06503400206565857 0.08753100037574768
1 0.532310962677002 0.5545629858970642 0.06736700236797333 0.0873590037226677
1 0.5466209650039673 0.4683699905872345 0.08765300363302231 0.11082100123167038
1 0.647346019744873 0.12493100017309189 0.06378500163555145 0.07020899653434753
0 0.977262020111084 0.8786389827728271 0.04276999831199646 0.060474999248981476
1 0.7248769998550415 0.2709819972515106 0.07145199924707413 0.09505400061607361
1 0.7352089881896973 0.6451129913330078 0.09760899841785431 0.12648199498653412
0 0.8178449869155884 0.0701960027217865 0.036625999957323074 0.047192998230457306
0 0.9770010113716125 0.08962800353765488 0.043230000883340836 0.05152500048279762
0 0.8146679997444153 0.2933570146560669 0.06337399780750275 0.09006799757480621
1 0.7790459990501404 0.4400649964809418 0.08179999887943268 0.1009489968419075
0 0.6037499904632568 0.8358060121536255 0.051224999129772186 0.06626299768686295
0 0.9786999821662903 0.9778450131416321 0.04163200035691261 0.04430999979376793
2 0.7342569828033447 0.644370973110199 0.09977199882268906 0.12470000237226486
1 0.2743989825248718 0.6179860234260559 0.042190998792648315 0.06386400014162064
0 0.9437199831008911 0.03854899853467941 0.026796000078320503 0.03593600168824196
1 0.8146060109138489 0.29163500666618347 0.061209000647068024 0.0912259966135025
1 0.609611988067627 0.19293999671936035 0.05014000087976456 0.07045099884271622
0 0.2536730170249939 0.963949978351593 0.08065500110387802 0.07209999859333038
1 0.2539439797401428 0.9622020125389099 0.07930900156497955 0.07285899668931961
