2 0.6138650178909302 0.8771389722824097 0.07408300042152405 0.10395999997854233
2 0.5411790013313293 0.8969069719314575 0.07559999823570251 0.10657200217247009
2 0.5124379992485046 0.9651520252227783 0.074583999812603 0.06969600170850754
2 0.37769997119903564 0.9543300271034241 0.07512400299310684 0.09133899956941605
2 0.4246259927749634 0.8411809802055359 0.07845599949359894 0.11001399904489517
2 0.6376659870147705 0.7263720035552979 0.06995899975299835 0.10101199895143509
2 0.5458619594573975 0.4746910035610199 0.07781500369310379 0.11444199830293655
2 0.5940079689025879 0.5951489806175232 0.08774600178003311 0.09477400034666061
2 0.5928269624710083 0.0733020007610321 0.061629001051187515 0.0672990009188652
2 0.6271129846572876 0.9620029926300049 0.08096899837255478 0.07599399983882904
2 0.13600897789001465 0.09368100017309189 0.05249200016260147 0.07952199876308441
2 0.32747000455856323 0.17736299335956573 0.06195399910211563 0.08772499859333038
2 0.599361002445221 0.6650689840316772 0.08702799677848816 0.10154599696397781
2 0.03986102342605591 0.0913970023393631 0.05986399948596954 0.08393099904060364
2 0.8251479864120483 0.017162999138236046 0.06841900199651718 0.03399299830198288
1 0.8317059874534607 0.5634769797325134 0.08099900186061859 0.1055769994854927
2 0.7191430330276489 0.020205000415444374 0.0691239982843399 0.04040899872779846
2 0.8297709822654724 0.562004029750824 0.08243999630212784 0.1054219976067543
1 0.5989869832992554 0.6662920117378235 0.08642800152301788 0.10051599889993668
2 0.5584529638290405 0.03861499950289726 0.061496999114751816 0.07097499817609787
2 0.3612220287322998 0.018993999809026718 0.07254400104284286 0.036920998245477676
2 0.9868639707565308 0.4528709948062897 0.02554900012910366 0.07609599828720093
1 0.3597000241279602 0.01840599998831749 0.07886900007724762 0.03652999922633171
0 0.015003979206085205 0.15066799521446228 0.030007999390363693 0.08854199945926666
