2 0.4355350136756897 0.3170120120048523 0.09374900162220001 0.1306529939174652
2 0.3543580174446106 0.25745001435279846 0.1028050035238266 0.12884999811649323
2 0.30396902561187744 0.15412800014019012 0.09989400207996368 0.12665200233459473
2 0.5233399868011475 0.3423919975757599 0.0795229971408844 0.1180339977145195
2 0.4070730209350586 0.13890500366687775 0.09840399771928787 0.13423599302768707
2 0.4706540107727051 0.05200900137424469 0.11778800189495087 0.10185100138187408
2 0.31519997119903564 0.318913996219635 0.05747300013899803 0.128944993019104
2 0.4140700101852417 0.5835909843444824 0.09273599833250046 0.10130699723958969
2 0.3949270248413086 0.04443800076842308 0.14681899547576904 0.08540499955415726
0 0.38063597679138184 0.9876930117607117 0.07303299754858017 0.024613000452518463
2 0.5473999977111816 0.01832599937915802 0.10313799977302551 0.03642499819397926
2 0.42067497968673706 0.04571399837732315 0.14238899946212769 0.0860930010676384
