1 0.19380301237106323 0.7035760283470154 0.096731998026371 0.12178699672222137
1 0.5957930088043213 0.921645998954773 0.1282159984111786 0.1567080020904541
1 0.6655490398406982 0.7266849875450134 0.11640799790620804 0.14117200672626495
1 0.20830297470092773 0.44844698905944824 0.0994110032916069 0.13054299354553223
1 0.46262598037719727 0.519303023815155 0.06594599783420563 0.09227900207042694
1 0.5777159929275513 0.5143730044364929 0.12420599907636642 0.14362800121307373
1 0.33493202924728394 0.8798980116844177 0.11031000316143036 0.13400700688362122
1 0.23469501733779907 0.8177599906921387 0.09282000362873077 0.12149900197982788
1 0.698449969291687 0.5016250014305115 0.08094099909067154 0.09461800009012222
1 0.28878098726272583 0.5931559801101685 0.09146799892187119 0.07512199878692627
1 0.29843002557754517 0.6750590205192566 0.10171700268983841 0.12439999729394913
1 0.7852849960327148 0.2999419867992401 0.06797300279140472 0.09676499664783478
1 0.18480002880096436 0.32322201132774353 0.09447800368070602 0.11874599754810333
1 0.13238102197647095 0.4812139868736267 0.08056099712848663 0.13333499431610107
1 0.4354979991912842 0.06977300345897675 0.11153800040483475 0.12911400198936462
1 0.3089020252227783 0.43035900592803955 0.08617500215768814 0.107914999127388
1 0.6217019557952881 0.21133600175380707 0.0929889976978302 0.12401600182056427
2 0.12571501731872559 0.9020450115203857 0.10530699789524078 0.1338369995355606
1 0.41479599475860596 0.4361889958381653 0.056873999536037445 0.07628700137138367
1 0.06920099258422852 0.17802199721336365 0.06499599665403366 0.06776399910449982
1 0.18828999996185303 0.0366859994828701 0.10987699776887894 0.07192999869585037
2 0.45429497957229614 0.9270910024642944 0.10360799729824066 0.13270899653434753
1 0.4184979796409607 0.7108790278434753 0.11924300342798233 0.1492130011320114
1 0.033899009227752686 0.1017260029911995 0.06638500094413757 0.06399500370025635
1 0.45478302240371704 0.9274140000343323 0.1013370007276535 0.12962700426578522
0 0.5574010014533997 0.013635000213980675 0.09571400284767151 0.027247000485658646
0 0.5637760162353516 0.012439999729394913 0.07129400223493576 0.02383900061249733
