1 0.40342599153518677 0.6056950092315674 0.07020200043916702 0.09037800133228302
2 0.29453301429748535 0.7163360118865967 0.07302500307559967 0.10207100212574005
1 0.4924349784851074 0.7032740116119385 0.06597200036048889 0.09196099638938904
1 0.5660420060157776 0.665054976940155 0.07354900240898132 0.0968720018863678
1 0.1546589732170105 0.24329300224781036 0.08835899829864502 0.10493099689483643
1 0.2818030118942261 0.6222739815711975 0.06795699894428253 0.08706299960613251
1 0.4268770217895508 0.6931989789009094 0.06863199919462204 0.09325599670410156
1 0.3488579988479614 0.6510999798774719 0.06626900285482407 0.09656199812889099
0 0.7189149856567383 0.029765000566840172 0.06726299971342087 0.059530001133680344
2 0.31903398036956787 0.5327460169792175 0.0789790004491806 0.10180699825286865
1 0.48708200454711914 0.8001490235328674 0.055838000029325485 0.07836499810218811
0 0.8295649886131287 0.6682000160217285 0.06872399896383286 0.08163800090551376
1 0.4627140164375305 0.6005169749259949 0.06120600178837776 0.09954799711704254
1 0.17100298404693604 0.16552700102329254 0.07110200077295303 0.0718970000743866
1 0.03970599174499512 0.19795000553131104 0.07469800114631653 0.09664999693632126
1 0.7229189872741699 0.35100701451301575 0.06005600094795227 0.07571499794721603
1 0.17337101697921753 0.44971999526023865 0.12411899864673615 0.10925699770450592
1 0.22268998622894287 0.114096999168396 0.06508299708366394 0.08436299860477448
2 0.42141300439834595 0.7942879796028137 0.07383300364017487 0.09226100146770477
1 0.31871598958969116 0.5342720150947571 0.07849600166082382 0.10367400199174881
2 0.18954801559448242 0.5621479749679565 0.06794700026512146 0.09826499968767166
1 0.22082602977752686 0.6268979907035828 0.061138998717069626 0.08031199872493744
1 0.8813549876213074 0.47699400782585144 0.11928299814462662 0.1234159991145134
1 0.25905901193618774 0.44642698764801025 0.05919799953699112 0.0908920019865036
1 0.6531569957733154 0.4592840075492859 0.05823199823498726 0.07743699848651886
1 0.8017569780349731 0.5946109890937805 0.0695900022983551 0.0899830013513565
1 0.1874459981918335 0.4420129954814911 0.09601599723100662 0.11195000261068344
1 0.738955020904541 0.5703049898147583 0.061694998294115067 0.08426299691200256
1 0.627947986125946 0.673878014087677 0.05887100100517273 0.06772299855947495
1 0.18899202346801758 0.5627679824829102 0.06692799925804138 0.09368299692869186
1 0.4797210097312927 0.454598993062973 0.0723000019788742 0.09359800070524216
1 0.6035870313644409 0.7298359870910645 0.056062001734972 0.08775600045919418
