0 0.22846299409866333 0.866487979888916 0.09873999655246735 0.12494699656963348
0 0.3769720196723938 0.7821720242500305 0.08455000072717667 0.11025000363588333
0 0.5200760364532471 0.08573900163173676 0.08089300245046616 0.09664800018072128
0 0.5719959735870361 0.3058890104293823 0.0678120031952858 0.09041400253772736
0 0.456620991230011 0.7187659740447998 0.08563599735498428 0.11571300029754639
0 0.29684901237487793 0.7209330201148987 0.07418199628591537 0.10734099894762039
0 0.3805930018424988 0.6938779950141907 0.06802699714899063 0.07023199647665024
0 0.5238249897956848 0.20923100411891937 0.05990000069141388 0.09352800250053406
0 0.5288369655609131 0.3599030077457428 0.0525749996304512 0.08675900101661682
0 0.2813839912414551 0.5606750249862671 0.0746380016207695 0.13024300336837769
0 0.47575700283050537 0.813605010509491 0.05894099920988083 0.0746460035443306
0 0.5162140130996704 0.7549769878387451 0.05298500135540962 0.090549997985363
0 0.45214200019836426 0.022228000685572624 0.057328999042510986 0.04275999963283539
0 0.2839130163192749 0.5449810028076172 0.06910300254821777 0.09829100221395493
0 0.24834001064300537 0.9860029816627502 0.08264599740505219 0.027994999662041664
0 0.25770002603530884 0.9892119765281677 0.07170499861240387 0.019857000559568405
0 0.30316001176834106 0.5830950140953064 0.09921099990606308 0.10212499648332596
