0 0.664870023727417 0.5473639965057373 0.06439100205898285 0.08160199970006943
0 0.02913498878479004 0.8190450072288513 0.05827099829912186 0.09875199943780899
0 0.6093710064888 0.9662370085716248 0.060878001153469086 0.06752599775791168
0 0.23749399185180664 0.5082740187644958 0.06133899837732315 0.07449699938297272
0 0.3816260099411011 0.8357049822807312 0.058194998651742935 0.08072099834680557
0 0.509274959564209 0.7828789949417114 0.06098800152540207 0.07893600314855576
0 0.5906950235366821 0.8874070048332214 0.059734001755714417 0.0778999999165535
0 0.29050201177597046 0.5199069976806641 0.053947001695632935 0.07379800081253052
0 0.22884899377822876 0.4390850067138672 0.05978799983859062 0.07122000306844711
0 0.5521600246429443 0.03845199942588806 0.057787999510765076 0.06959100067615509
0 0.49675101041793823 0.14620499312877655 0.060245998203754425 0.07870499789714813
0 0.27565300464630127 0.4672049880027771 0.044741999357938766 0.05226600170135498
0 0.4482489824295044 0.6223800182342529 0.05183200165629387 0.07085900008678436
0 0.6793980002403259 0.09519899636507034 0.053568001836538315 0.06931500136852264
0 0.4010229706764221 0.632319986820221 0.054228998720645905 0.059415001422166824
0 0.5692639946937561 0.08690500259399414 0.0421999990940094 0.05764099955558777
0 0.46094900369644165 0.3261379897594452 0.04065199941396713 0.05170400068163872
0 0.3983520269393921 0.6793069839477539 0.058956000953912735 0.065249003469944
0 0.5110169649124146 0.05888599902391434 0.04801400005817413 0.06971800327301025
0 0.5503889918327332 0.13793699443340302 0.057583998888731 0.07573100179433823
0 0.5346770286560059 0.11645899713039398 0.05186599865555763 0.06755000352859497
0 0.5124419927597046 0.013873999938368797 0.05717499926686287 0.02574099972844124
0 0.5390809774398804 0.12478499859571457 0.05992000177502632 0.08061899989843369
0 0.3988969922065735 0.6406940221786499 0.0612649992108345 0.07392799854278564
0 0.3425449728965759 0.6146889925003052 0.04676299914717674 0.06420399993658066
0 0.34095001220703125 0.6261240243911743 0.0483580008149147 0.07192400097846985
