0 0.626052975654602 0.882856011390686 0.055305998772382736 0.06036999821662903
0 0.6084780097007751 0.26677200198173523 0.04989200085401535 0.05895400047302246
0 0.948809027671814 0.6496250033378601 0.062352001667022705 0.07710500061511993
0 0.6892670392990112 0.9127579927444458 0.05858299881219864 0.07358899712562561
0 0.5710209608078003 0.027813000604510307 0.05955100059509277 0.05500200018286705
0 0.45565497875213623 0.4771679937839508 0.050880998373031616 0.06535699963569641
0 0.6631669998168945 0.23269599676132202 0.05427300184965134 0.0649230033159256
0 0.6513360142707825 0.13170300424098969 0.05512300133705139 0.06548599898815155
0 0.4492719769477844 0.2691580057144165 0.05609999969601631 0.06705600023269653
0 0.5862550139427185 0.07867699861526489 0.04913400113582611 0.06757400184869766
0 0.7461169958114624 0.7393550276756287 0.06354299932718277 0.07533399760723114
0 0.39234501123428345 0.5172809958457947 0.04987100139260292 0.06293399631977081
0 0.6805130243301392 0.975413978099823 0.05414700135588646 0.04917300119996071
0 0.6466270089149475 0.9368579983711243 0.04944000020623207 0.07136499881744385
0 0.4011420011520386 0.5993070006370544 0.04398199915885925 0.057401999831199646
0 0.6111119985580444 0.8278579711914062 0.054336000233888626 0.07006599754095078
0 0.3607190251350403 0.7089179754257202 0.039698000997304916 0.05314899981021881
0 0.5423129796981812 0.08226200193166733 0.044123001396656036 0.0673540011048317
0 0.7572410106658936 0.9093589782714844 0.048611998558044434 0.07525099813938141
0 0.35520297288894653 0.23496699333190918 0.046126000583171844 0.05861299857497215
0 0.6096349954605103 0.32447999715805054 0.052382998168468475 0.06637600064277649
0 0.4672350287437439 0.15338000655174255 0.04715700075030327 0.05900299921631813
0 0.3158479928970337 0.7911959886550903 0.03418799862265587 0.04484599828720093
0 0.661005973815918 0.8172569870948792 0.058076001703739166 0.0694430023431778
0 0.43615102767944336 0.6574490070343018 0.047860000282526016 0.056901998817920685
0 0.3407350182533264 0.7674790024757385 0.031075000762939453 0.04497800022363663
0 0.49762600660324097 0.6254220008850098 0.032065000385046005 0.0578790009021759
0 0.5311520099639893 0.018456999212503433 0.037422001361846924 0.036913998425006866
0 0.5585349798202515 0.9817469716072083 0.051979001611471176 0.03488900139927864
0 0.9866909980773926 0.4433920085430145 0.026619000360369682 0.08059199899435043
0 0.6060529947280884 0.16449999809265137 0.04705100134015083 0.06717199832201004
0 0.32742398977279663 0.9241870045661926 0.044148001819849014 0.0528549998998642
0 0.7808759808540344 0.38326001167297363 0.036240000277757645 0.055587999522686005
0 0.39793598651885986 0.8124629855155945 0.031998999416828156 0.05117499828338623
0 0.33946698904037476 0.9866139888763428 0.04268600046634674 0.026771999895572662
0 0.4823709726333618 0.5915049910545349 0.03721499815583229 0.05253399908542633
0 0.4263070225715637 0.5562040209770203 0.046921998262405396 0.06133599951863289
0 0.7963280081748962 0.9838389754295349 0.04114900156855583 0.032322999089956284
0 0.5372779965400696 0.022559000179171562 0.047954000532627106 0.045118000358343124
0 0.022071003913879395 0.5381820201873779 0.040720999240875244 0.09634300321340561
0 0.8563820123672485 0.024147000163793564 0.03236300125718117 0.03838999941945076
0 0.15034300088882446 0.011601000092923641 0.04385500028729439 0.023200999945402145
0 0.008068978786468506 0.4238309860229492 0.016138000413775444 0.07119499891996384
0 0.05054599046707153 0.03239100053906441 0.042337000370025635 0.054777998477220535
0 0.4160580039024353 0.4275360107421875 0.03011699952185154 0.04524200037121773
0 0.359857976436615 0.8957319855690002 0.032138001173734665 0.039948999881744385
0 0.04734599590301514 0.08029600232839584 0.034205999225378036 0.04534199833869934
0 0.9376090168952942 0.08596699684858322 0.031870000064373016 0.04704900085926056
0 0.015488028526306152 0.1646450012922287 0.02735700085759163 0.04145599901676178
0 0.4299659729003906 0.5649530291557312 0.04540200158953667 0.05115300044417381
