0 0.8477169871330261 0.5861579775810242 0.05505799874663353 0.0620339997112751
0 0.175711989402771 0.5660539865493774 0.06337899714708328 0.08096999675035477
0 0.9058520197868347 0.3054940104484558 0.05884699895977974 0.07457800209522247
0 0.10994201898574829 0.8192899823188782 0.05544300004839897 0.07396800071001053
0 0.3700060248374939 0.46758800745010376 0.061549000442028046 0.07754400372505188
0 0.029233992099761963 0.09119299799203873 0.05375999957323074 0.06449200212955475
0 0.08541899919509888 0.054760001599788666 0.05851700156927109 0.06946899741888046
0 0.08588802814483643 0.9511659741401672 0.06062699854373932 0.07675299793481827
0 0.5468829870223999 0.2527239918708801 0.047130998224020004 0.055691998451948166
0 0.035631000995635986 0.6642259955406189 0.057693999260663986 0.0766960009932518
0 0.8644329905509949 0.6513029932975769 0.05309399962425232 0.0682779997587204
0 0.119392991065979 0.7414090037345886 0.0638279989361763 0.08050300180912018
0 0.07283002138137817 0.7701500058174133 0.04911300167441368 0.07670699805021286
0 0.050392985343933105 0.7200700044631958 0.05519900098443031 0.061691999435424805
0 0.7810530066490173 0.5108299851417542 0.050932999700307846 0.06539200246334076
0 0.2632859945297241 0.9725750088691711 0.05437000095844269 0.05485000088810921
0 0.6622979640960693 0.5177509784698486 0.05508600175380707 0.07208800315856934
0 0.5539339780807495 0.30650100111961365 0.05059799924492836 0.0629189983010292
0 0.596593976020813 0.31582799553871155 0.04541200026869774 0.06632699817419052
0 0.02984100580215454 0.15046599507331848 0.05406700074672699 0.07123900204896927
0 0.7593399882316589 0.018970999866724014 0.06480299681425095 0.03728700056672096
0 0.7288340330123901 0.40087300539016724 0.042768001556396484 0.06272199749946594
0 0.6866769790649414 0.42510300874710083 0.05387699976563454 0.06515199691057205
0 0.046086013317108154 0.9284660220146179 0.0484590008854866 0.07272099703550339
0 0.18892401456832886 0.9130619764328003 0.05705000087618828 0.08378200232982635
0 0.08629399538040161 0.6504120230674744 0.056807998567819595 0.07457300275564194
0 0.18875300884246826 0.7358859777450562 0.04954500123858452 0.0774260014295578
0 0.1387689709663391 0.8793500065803528 0.04927999898791313 0.06512299925088882
0 0.013670027256011963 0.96042799949646 0.027340000495314598 0.07914499938488007
0 0.2106720209121704 0.21215200424194336 0.037602998316287994 0.0575219988822937
0 0.23352199792861938 0.8223980069160461 0.043852001428604126 0.06168400123715401
0 0.18341398239135742 0.9226700067520142 0.06186499819159508 0.0933850035071373
0 0.21123600006103516 0.9850080013275146 0.05727500095963478 0.029683999717235565
0 0.8143290281295776 0.01755799911916256 0.05525499954819679 0.035092998296022415
0 0.17599499225616455 0.9298880100250244 0.05282599851489067 0.087398000061512
0 0.20450299978256226 0.8561339974403381 0.04261799901723862 0.05548800155520439
