2 0.6196720004081726 0.3560590147972107 0.06913100183010101 0.09659799933433533
2 0.9636359810829163 0.14562299847602844 0.06983000040054321 0.12201499938964844
2 0.7335820198059082 0.32298099994659424 0.07381100207567215 0.09598000347614288
2 0.6751419901847839 0.2715950012207031 0.06236400082707405 0.09118600189685822
1 0.675246000289917 0.2729179859161377 0.0631290003657341 0.09116200357675552
1 0.8941969871520996 0.8990849852561951 0.07915399968624115 0.08631899952888489
2 0.9311969876289368 0.49111801385879517 0.0757019966840744 0.1160850003361702
1 0.8821290135383606 0.813165009021759 0.06508400291204453 0.09159199893474579
1 0.6802530288696289 0.3524259924888611 0.055649999529123306 0.07483500242233276
2 0.9832819700241089 0.5784270167350769 0.033434998244047165 0.09416399896144867
2 0.8808550238609314 0.4375070035457611 0.07517000287771225 0.1103999987244606
1 0.9285820126533508 0.6904190182685852 0.12951600551605225 0.16164299845695496
1 0.9542040228843689 0.8330950140953064 0.07657799869775772 0.10782399773597717
1 0.9830560088157654 0.579833984375 0.03335300087928772 0.09405700117349625
1 0.9455479979515076 0.8283839821815491 0.06147100031375885 0.09077999740839005
1 0.8779770135879517 0.43705999851226807 0.076385997235775 0.10992100089788437
