1 0.3386930227279663 0.6362869739532471 0.07062400132417679 0.10403399914503098
1 0.18016701936721802 0.8610950112342834 0.07861100137233734 0.09906499832868576
1 0.4190880060195923 0.5440289974212646 0.079865001142025 0.10378699749708176
1 0.41991597414016724 0.6661760210990906 0.07687900215387344 0.09129499644041061
1 0.21209800243377686 0.9600859880447388 0.08138100057840347 0.07982700318098068
1 0.3877379894256592 0.7906579971313477 0.08916699886322021 0.11016599833965302
0 0.42611098289489746 0.1166519969701767 0.07075200229883194 0.07269199937582016
1 0.05743199586868286 0.8220739960670471 0.07557699829339981 0.09608100354671478
1 0.2962930202484131 0.7726470232009888 0.06755100190639496 0.09097100049257278
1 0.10988402366638184 0.7946580052375793 0.049623001366853714 0.08355899900197983
1 0.2676370143890381 0.6682069897651672 0.06943000108003616 0.10532200336456299
1 0.2840350270271301 0.8801929950714111 0.07808200269937515 0.12278500199317932
1 0.10461002588272095 0.8854560256004333 0.07681199908256531 0.09836199879646301
1 0.050185978412628174 0.6687849760055542 0.06177299842238426 0.08597400039434433
2 0.2961530089378357 0.7733849883079529 0.07022500038146973 0.09151700139045715
0 0.7466369867324829 0.20858199894428253 0.06939399987459183 0.08498100191354752
1 0.4571409821510315 0.8382999897003174 0.07382000237703323 0.09015899896621704
1 0.6993849873542786 0.4412429928779602 0.07617200165987015 0.10117299854755402
1 0.14494198560714722 0.7881360054016113 0.06779100000858307 0.08713100105524063
1 0.4441620111465454 0.18119899928569794 0.06929100304841995 0.08876699954271317
1 0.013311028480529785 0.6365529894828796 0.026621000841259956 0.07991299778223038
2 0.45459502935409546 0.7670029997825623 0.05699700117111206 0.06691300123929977
1 0.4829639792442322 0.6116989850997925 0.059094998985528946 0.08951699733734131
2 0.26958298683166504 0.6698520183563232 0.06572599709033966 0.10840000212192535
1 0.14132601022720337 0.7295680046081543 0.060336001217365265 0.07760299742221832
0 0.43401598930358887 0.10764399915933609 0.06246599927544594 0.06271400302648544
2 0.6974929571151733 0.4412199854850769 0.07775299996137619 0.10032399743795395
1 0.15113502740859985 0.781328022480011 0.05448399856686592 0.07883399724960327
