2 0.1879810094833374 0.5644369721412659 0.08472300320863724 0.12271399796009064
2 0.1743059754371643 0.07215099781751633 0.09769099950790405 0.13476400077342987
2 0.27712398767471313 0.47232601046562195 0.10172499716281891 0.1340000033378601
2 0.32328397035598755 0.17862600088119507 0.1055779978632927 0.14144200086593628
2 0.27592897415161133 0.7347360253334045 0.09373699873685837 0.1310330033302307
2 0.3465229868888855 0.3972010016441345 0.08590800315141678 0.12466900050640106
2 0.6882599592208862 0.736732006072998 0.09296000003814697 0.13713599741458893
2 0.8899400234222412 0.8515869975090027 0.10975100100040436 0.1556839942932129
2 0.1398630142211914 0.657755970954895 0.07382799685001373 0.10943599790334702
2 0.44702500104904175 0.05688000097870827 0.09545499831438065 0.11004699766635895
2 0.20343101024627686 0.692330002784729 0.07863199710845947 0.09166499972343445
2 0.8380100131034851 0.5918099880218506 0.0907759964466095 0.11813899874687195
2 0.6757540106773376 0.04375600069761276 0.0901229977607727 0.08751100301742554
2 0.5978870391845703 0.7450309991836548 0.1186780035495758 0.14714699983596802
1 0.2630460262298584 0.025383999571204185 0.10700199753046036 0.04735700041055679
