2 0.5426540374755859 0.27254998683929443 0.09868499636650085 0.13613399863243103
2 0.5382089614868164 0.7562360167503357 0.08502300083637238 0.12469500303268433
2 0.18444901704788208 0.5413470268249512 0.09024599939584732 0.13064299523830414
2 0.6271439790725708 0.18379099667072296 0.09555300325155258 0.11873000115156174
2 0.6527900099754333 0.6877580285072327 0.10226000100374222 0.1315010040998459
2 0.7002210021018982 0.3870199918746948 0.1050809994339943 0.1404000073671341
2 0.0685039758682251 0.674239993095398 0.0941300019621849 0.13553699851036072
2 0.8286129832267761 0.12690399587154388 0.10370299965143204 0.14805200695991516
2 0.27252501249313354 0.5049610137939453 0.08813200145959854 0.13135500252246857
2 0.20835602283477783 0.2929590046405792 0.1001259982585907 0.1348550021648407
2 0.8084549903869629 0.2538830041885376 0.0783189982175827 0.1103530004620552
2 0.6342259645462036 0.9327899813652039 0.09073600172996521 0.13283300399780273
2 0.7010959982872009 0.5964149832725525 0.09097500145435333 0.1196419969201088
2 0.5450730323791504 0.8902490139007568 0.09015599638223648 0.10085400193929672
0 0.09952902793884277 0.17309699952602386 0.09306100010871887 0.11828699707984924
2 0.6359480023384094 0.07616399973630905 0.08168300241231918 0.11026699841022491
2 0.495635986328125 0.842602014541626 0.06614399701356888 0.10787100344896317
2 0.9668800234794617 0.1667719930410385 0.06617400050163269 0.17746399343013763
2 0.5635499954223633 0.04500500112771988 0.07911299914121628 0.08896700292825699
2 0.4829999804496765 0.8449869751930237 0.07442200183868408 0.11100699752569199
2 0.5014179944992065 0.8367040157318115 0.05710500106215477 0.08977799862623215
