0 0.628620982170105 0.16029399633407593 0.10464899986982346 0.12480899691581726
0 0.8827490210533142 0.08540599793195724 0.10838299989700317 0.13086600601673126
0 0.7146829962730408 0.3336949944496155 0.10235600173473358 0.11521399766206741
0 0.4361010193824768 0.1206979975104332 0.06914100050926208 0.0966389998793602
0 0.7200649976730347 0.1567460000514984 0.09358000010251999 0.12130799889564514
0 0.7426890134811401 0.4431709945201874 0.09769099950790405 0.11743299663066864
0 0.8143709897994995 0.17747600376605988 0.08658500015735626 0.1172109991312027
0 0.6196579933166504 0.663748025894165 0.07590799778699875 0.09478200227022171
0 0.38973701000213623 0.681538999080658 0.05647699907422066 0.07389099895954132
0 0.6352900266647339 0.2637220025062561 0.07615599781274796 0.09948000311851501
0 0.5126999616622925 0.08179999887943268 0.09157399833202362 0.12405700236558914
0 0.5504900217056274 0.2518559992313385 0.0863649994134903 0.11458499729633331
0 0.29469799995422363 0.27151399850845337 0.054444000124931335 0.07710099965333939
0 0.424934983253479 0.5635560154914856 0.049908000975847244 0.06435199826955795
0 0.5889400243759155 0.04470999911427498 0.11489500105381012 0.0846169963479042
0 0.40358299016952515 0.44034698605537415 0.05403599888086319 0.07618500292301178
0 0.46275901794433594 0.47446900606155396 0.04311700165271759 0.06927800178527832
0 0.017036020755767822 0.8463870286941528 0.027729999274015427 0.040157001465559006
0 0.22405701875686646 0.14515900611877441 0.032558001577854156 0.04010000079870224
0 0.2547450065612793 0.25255998969078064 0.04500899836421013 0.06752999871969223
0 0.011165022850036621 0.8878769874572754 0.021330999210476875 0.0390469990670681
0 0.24584299325942993 0.16388000547885895 0.02832300029695034 0.05115199834108353
0 0.8224400281906128 0.9843469858169556 0.0358939990401268 0.02846500091254711
0 0.33875197172164917 0.2690509855747223 0.03525099903345108 0.06262300163507462
0 0.9459440112113953 0.9891039729118347 0.05153900012373924 0.02088399976491928
