0 0.5855000019073486 0.8423550128936768 0.040883999317884445 0.05399800091981888
0 0.5387840270996094 0.7335600256919861 0.04710499942302704 0.05751299858093262
2 0.26739901304244995 0.1285109966993332 0.07726900279521942 0.10946299880743027
0 0.509814977645874 0.6698729991912842 0.03943699970841408 0.05394899845123291
0 0.5877209901809692 0.5176550149917603 0.04147399961948395 0.05950700119137764
0 0.5461499691009521 0.8332899808883667 0.041825998574495316 0.05690800026059151
0 0.6612640023231506 0.47271299362182617 0.037925999611616135 0.054646000266075134
0 0.027938008308410645 0.08278500288724899 0.05339699983596802 0.09691300243139267
2 0.11440598964691162 0.20745399594306946 0.10697700083255768 0.12688800692558289
0 0.13788002729415894 0.7041100263595581 0.05624400079250336 0.06999500095844269
0 0.9865090250968933 0.2092610001564026 0.026983000338077545 0.05643799901008606
0 0.9854400157928467 0.44914698600769043 0.029120000079274178 0.0684560015797615
0 0.6389859914779663 0.7027119994163513 0.035471998155117035 0.05081799998879433
1 0.13831400871276855 0.7041590213775635 0.055691998451948166 0.06856299936771393
0 0.7578399777412415 0.7874850034713745 0.03875499963760376 0.05398600175976753
1 0.1964309811592102 0.08009800314903259 0.08799000084400177 0.11268500238656998
