0 0.04202300310134888 0.034942999482154846 0.08404699712991714 0.06485699862241745
0 0.7244859933853149 0.3038089871406555 0.08925499767065048 0.11598800122737885
0 0.13850301504135132 0.766389012336731 0.06636600196361542 0.08406800031661987
0 0.24679499864578247 0.7799509763717651 0.0658079981803894 0.08373899757862091
0 0.04025298357009888 0.8617579936981201 0.0656369999051094 0.08301900327205658
0 0.9757360219955444 0.4156869947910309 0.0485289990901947 0.10544600337743759
0 0.227882981300354 0.8948130011558533 0.06620699912309647 0.0825439989566803
0 0.8611900210380554 0.601144015789032 0.06694000214338303 0.08780699968338013
0 0.1454179883003235 0.6974689960479736 0.0744360014796257 0.07276900112628937
0 0.5293009877204895 0.9532210230827332 0.06233900040388107 0.0805639997124672
0 0.6688939929008484 0.5600500106811523 0.04729999974370003 0.07791599631309509
0 0.891959011554718 0.2736780047416687 0.07135599851608276 0.09302499890327454
0 0.9649940133094788 0.3729189932346344 0.06812799721956253 0.07824400067329407
0 0.30666399002075195 0.7955679893493652 0.05141400173306465 0.08707299828529358
0 0.9692170023918152 0.3643909990787506 0.061567001044750214 0.06654900312423706
0 0.2576109766960144 0.09456600248813629 0.036180999130010605 0.048117998987436295
0 0.23125797510147095 0.05270399898290634 0.03960099816322327 0.04893900081515312
0 0.9568139910697937 0.374877005815506 0.056345999240875244 0.08794300258159637
0 0.07020801305770874 0.7415410280227661 0.035277001559734344 0.08684899657964706
