0 0.14565801620483398 0.38157200813293457 0.05929100140929222 0.06931900233030319
0 0.11567997932434082 0.3298499882221222 0.05922799929976463 0.07292000204324722
0 0.215923011302948 0.44417399168014526 0.06066099926829338 0.0709960013628006
0 0.23214900493621826 0.3842869997024536 0.059967998415231705 0.07717200368642807
0 0.4560289978981018 0.4228590130805969 0.06864900141954422 0.08764199912548065
0 0.7398500442504883 0.5079169869422913 0.06744799762964249 0.08096200227737427
0 0.22383898496627808 0.31711000204086304 0.058205001056194305 0.06934600323438644
1 0.7645580172538757 0.5972959995269775 0.06412500143051147 0.0829399973154068
1 0.6223030090332031 0.6382899880409241 0.054864998906850815 0.07117100059986115
0 0.05187797546386719 0.44343701004981995 0.05913100019097328 0.07632400095462799
0 0.7769669890403748 0.8014929890632629 0.05715100094676018 0.06325600296258926
1 0.5822579860687256 0.4613940119743347 0.06727100163698196 0.08276300132274628
1 0.9801530241966248 0.5344449877738953 0.03922000154852867 0.07772699743509293
1 0.7403019666671753 0.5061200261116028 0.0680449977517128 0.08164499700069427
0 0.7779480218887329 0.8675130009651184 0.058646999299526215 0.0747390016913414
0 0.6312639713287354 0.8025659918785095 0.06620900332927704 0.08117099851369858
1 0.776727020740509 0.799651026725769 0.05656500160694122 0.0625159963965416
