0 0.5616320371627808 0.25263500213623047 0.08951199799776077 0.13360899686813354
0 0.7409589886665344 0.3481549918651581 0.10244899988174438 0.13235199451446533
0 0.6488940119743347 0.22349900007247925 0.10798600316047668 0.1382800042629242
0 0.6109249591827393 0.05324700102210045 0.07691799849271774 0.1064940020442009
1 0.8552550077438354 0.8909839987754822 0.1030530035495758 0.13428999483585358
0 0.25433802604675293 0.8054159879684448 0.06293900310993195 0.08220399916172028
0 0.30280601978302 0.7936699986457825 0.046167999505996704 0.07345499843358994
1 0.8529269695281982 0.4859189987182617 0.09927400201559067 0.11346100270748138
2 0.8538830280303955 0.4839169979095459 0.09825599938631058 0.11347100138664246
0 0.16658300161361694 0.33264800906181335 0.042684998363256454 0.054653000086545944
0 0.9863460063934326 0.014574999921023846 0.026799000799655914 0.02676899917423725
