0 0.5557720065116882 0.7013790011405945 0.07727699726819992 0.10190799832344055
0 0.6517919898033142 0.5658379793167114 0.08562500029802322 0.10890000313520432
0 0.4852529764175415 0.5900099873542786 0.08267299830913544 0.10507799685001373
0 0.05407702922821045 0.7924370169639587 0.0494219996035099 0.06237899884581566
0 0.4855380058288574 0.486191987991333 0.08459100127220154 0.10097700357437134
0 0.14102202653884888 0.9025030136108398 0.046330999583005905 0.05631300061941147
0 0.16276198625564575 0.9718459844589233 0.04692700132727623 0.05538100004196167
0 0.49256598949432373 0.6745989918708801 0.07338599860668182 0.08812599629163742
0 0.4272270202636719 0.20192000269889832 0.04484099894762039 0.05686299875378609
0 0.025340020656585693 0.6124839782714844 0.0384490005671978 0.041728999465703964
0 0.03172200918197632 0.647042989730835 0.03885500133037567 0.03969699889421463
0 0.049046993255615234 0.28694799542427063 0.05959099903702736 0.06967899948358536
0 0.037557005882263184 0.5766389966011047 0.03544799983501434 0.042587000876665115
2 0.18369799852371216 0.3376539945602417 0.028470000252127647 0.03769399970769882
