0 0.8942130208015442 0.6432449817657471 0.06600099802017212 0.08939799666404724
0 0.8373039960861206 0.6853520274162292 0.06954699754714966 0.09808000177145004
0 0.9318720102310181 0.14293299615383148 0.06445900350809097 0.08116800338029861
0 0.9651780128479004 0.3151650130748749 0.05426400154829025 0.0695440024137497
0 0.3713909983634949 0.08900199830532074 0.07058600336313248 0.08729200065135956
0 0.7363870143890381 0.7409049868583679 0.07624000310897827 0.09433099627494812
0 0.7869870066642761 0.5214530229568481 0.06059899926185608 0.09733899682760239
0 0.7619850039482117 0.6381040215492249 0.0785129964351654 0.08184599876403809
0 0.9152560234069824 0.02746500074863434 0.06122099980711937 0.05493000149726868
0 0.8728259801864624 0.08213800191879272 0.04597000032663345 0.06944700330495834
0 0.932735025882721 0.36065900325775146 0.04030900076031685 0.06535600125789642
0 0.9337679743766785 0.2442930042743683 0.035978998988866806 0.08647199720144272
0 0.247344970703125 0.6629239916801453 0.04992799833416939 0.06562700122594833
