0 0.44953399896621704 0.15555499494075775 0.06938599795103073 0.09912099689245224
0 0.38920700550079346 0.0528389997780323 0.07338699698448181 0.0953570008277893
0 0.5457420349121094 0.04476099833846092 0.07906900346279144 0.08952199667692184
0 0.11743801832199097 0.6701670289039612 0.04898500069975853 0.06731099635362625
0 0.584962010383606 0.5753030180931091 0.07110600173473358 0.08539900183677673
0 0.920615017414093 0.7586920261383057 0.06940300017595291 0.08604399859905243
0 0.3902459740638733 0.13595899939537048 0.0714000016450882 0.08551699668169022
0 0.8557630181312561 0.7247909903526306 0.07812099903821945 0.0934320017695427
0 0.14597898721694946 0.7040749788284302 0.05273199826478958 0.06643799692392349
0 0.32565999031066895 0.697284996509552 0.053488001227378845 0.07120300084352493
0 0.045314013957977295 0.9708790183067322 0.04979100078344345 0.05824299901723862
0 0.2271990180015564 0.7468140125274658 0.05095899850130081 0.06761299818754196
0 0.6566449999809265 0.6700090169906616 0.08425000309944153 0.09994299709796906
0 0.1805170178413391 0.8797900080680847 0.05583399906754494 0.057447999715805054
0 0.16101902723312378 0.7659350037574768 0.06044299900531769 0.07300200313329697
0 0.9599930047988892 0.7070500254631042 0.07072299718856812 0.09345100075006485
0 0.45189398527145386 0.6852030158042908 0.05717900022864342 0.07355999946594238
0 0.4234660267829895 0.8197320103645325 0.046268999576568604 0.06958600133657455
0 0.5809490084648132 0.6833509802818298 0.055052999407052994 0.06803300231695175
0 0.479839026927948 0.04747999832034111 0.059765998274087906 0.07188499718904495
0 0.4396060109138489 0.9450389742851257 0.05400099977850914 0.07140199840068817
0 0.9046720266342163 0.671081006526947 0.06956899911165237 0.09128999710083008
0 0.46776098012924194 0.6315029859542847 0.045827001333236694 0.05917099863290787
0 0.5098320245742798 0.8919529914855957 0.050317998975515366 0.06299600005149841
0 0.45831501483917236 0.5612599849700928 0.05581900104880333 0.0706150010228157
0 0.14243298768997192 0.7875779867172241 0.05223599821329117 0.05731699988245964
0 0.033670008182525635 0.9526280164718628 0.05222500115633011 0.07187200337648392
0 0.9155129790306091 0.6724209785461426 0.05898100137710571 0.09338100254535675
0 0.27976900339126587 0.7685139775276184 0.0491969995200634 0.06381600350141525
0 0.028536975383758545 0.9467419981956482 0.04489300027489662 0.06055999919772148
0 0.1521589756011963 0.7787129878997803 0.07009699940681458 0.07035599648952484
