1 0.7095420360565186 0.3073830008506775 0.07529599964618683 0.10304699838161469
1 0.6942720413208008 0.21242700517177582 0.06726499646902084 0.08426100015640259
1 0.6097660064697266 0.058343999087810516 0.08568599820137024 0.1007779985666275
1 0.23837697505950928 0.4410339891910553 0.0839800015091896 0.11646399646997452
1 0.44596999883651733 0.40128400921821594 0.09995999932289124 0.13041700422763824
1 0.6428059935569763 0.2731499969959259 0.06652499735355377 0.10338400304317474
1 0.32486897706985474 0.3678100109100342 0.08920200169086456 0.11359900236129761
1 0.1531440019607544 0.305976003408432 0.0862950012087822 0.10197599977254868
1 0.3869689702987671 0.4865869879722595 0.07612700015306473 0.11379499733448029
1 0.7810620069503784 0.34212198853492737 0.07265599817037582 0.1062680035829544
1 0.5867589712142944 0.1952899992465973 0.07641799747943878 0.10018599778413773
0 0.8343589901924133 0.40847399830818176 0.0843459963798523 0.1053600013256073
1 0.18314802646636963 0.3775399923324585 0.06790299713611603 0.10806799679994583
1 0.3142719864845276 0.49291500449180603 0.08050300180912018 0.1230819970369339
1 0.04379397630691528 0.39107099175453186 0.07528100162744522 0.11230500042438507
1 0.8557479977607727 0.3071660101413727 0.06782399863004684 0.09115099906921387
1 0.7793409824371338 0.23548699915409088 0.07484500110149384 0.09623999893665314
1 0.40829402208328247 0.6196269989013672 0.08210600167512894 0.11209899932146072
1 0.3139039874076843 0.6216199994087219 0.09770199656486511 0.1146330013871193
1 0.14304202795028687 0.23259800672531128 0.08428899943828583 0.07644999772310257
1 0.11830401420593262 0.44547000527381897 0.07496999949216843 0.12454299628734589
1 0.20109301805496216 0.5496090054512024 0.08490700274705887 0.11607199907302856
1 0.5657249689102173 0.32354098558425903 0.07891599833965302 0.10652200132608414
1 0.5332620143890381 0.45890599489212036 0.10243500024080276 0.15000300109386444
1 0.26788800954818726 0.25088998675346375 0.07235299795866013 0.10202900320291519
1 0.03241699934005737 0.2802340090274811 0.06266099959611893 0.10954199731349945
1 0.2800139784812927 0.9677010178565979 0.0815960019826889 0.06418400257825851
1 0.5216469764709473 0.4700450003147125 0.08226499706506729 0.14957499504089355
1 0.48113399744033813 0.1775059998035431 0.07908199727535248 0.11273299902677536
1 0.3801940083503723 0.20550799369812012 0.07679799944162369 0.10769899934530258
1 0.5358150005340576 0.605105996131897 0.11698800325393677 0.13157400488853455
1 0.5166090130805969 0.58644700050354 0.09988900274038315 0.10162299871444702
1 0.5467159748077393 0.6137490272521973 0.09145399928092957 0.11603900045156479
1 0.5535640120506287 0.4362579882144928 0.08334100246429443 0.10803399980068207
2 0.20053797960281372 0.5492939949035645 0.08190300315618515 0.11541900038719177
1 0.8342130184173584 0.4109419882297516 0.08689100295305252 0.11187399923801422
1 0.5657299757003784 0.4347510039806366 0.0568230003118515 0.10341600328683853
1 0.4371430277824402 0.9812830090522766 0.09304399788379669 0.03743499889969826
