2 0.7645159959793091 0.661657989025116 0.07834400236606598 0.10229499638080597
2 0.33608299493789673 0.3727029860019684 0.09861599653959274 0.12255000323057175
2 0.7886930108070374 0.7461559772491455 0.07074899971485138 0.0900299996137619
2 0.8700209856033325 0.5011609792709351 0.07266899943351746 0.09762100130319595
2 0.8096439838409424 0.5524389743804932 0.07318899780511856 0.10057999938726425
2 0.783236026763916 0.43842101097106934 0.07196299731731415 0.09977699816226959
2 0.6473720073699951 0.35857701301574707 0.08531499654054642 0.11358900368213654
2 0.6995790004730225 0.4367069900035858 0.08327499777078629 0.11141800135374069
2 0.8372690081596375 0.6484100222587585 0.06746400147676468 0.09461300075054169
2 0.7258169651031494 0.5322740077972412 0.07891199737787247 0.10849399864673615
2 0.7604249715805054 0.33319801092147827 0.08065800368785858 0.10094200074672699
2 0.7727279663085938 0.9169080257415771 0.07288599759340286 0.10824000090360641
2 0.766497015953064 0.22268399596214294 0.06278099864721298 0.1061910018324852
2 0.5708819627761841 0.060022998601198196 0.06874699890613556 0.09731200337409973
2 0.4138450026512146 0.06718900054693222 0.09656800329685211 0.12432499974966049
2 0.31360602378845215 0.11992499977350235 0.10185699909925461 0.12445499747991562
2 0.29020899534225464 0.042183998972177505 0.10530100017786026 0.08436699956655502
2 0.32041698694229126 0.2217250019311905 0.06591799855232239 0.07902699708938599
2 0.2581290006637573 0.26944699883461 0.06287500262260437 0.08841399848461151
2 0.46052002906799316 0.11262200027704239 0.08021099865436554 0.14438100159168243
2 0.5104609727859497 0.34841498732566833 0.0963200032711029 0.10491999983787537
2 0.8792780041694641 0.44019201397895813 0.06145999953150749 0.07127799838781357
2 0.6810219883918762 0.14795400202274323 0.07404699921607971 0.10587199777364731
2 0.9470000267028809 0.06336399912834167 0.06393299996852875 0.0904569998383522
2 0.8800920248031616 0.5764439702033997 0.053630001842975616 0.07394800335168839
2 0.36961400508880615 0.282366007566452 0.06480900198221207 0.08101300150156021
1 0.6836180090904236 0.1477780044078827 0.07131999731063843 0.10698500275611877
2 0.49904000759124756 0.34553900361061096 0.07149600237607956 0.09852000325918198
1 0.4857940077781677 0.24065299332141876 0.0723470002412796 0.09676799923181534
1 0.9492310285568237 0.06218300014734268 0.05843999981880188 0.08837000280618668
2 0.4486500024795532 0.09605199843645096 0.0886479988694191 0.14748500287532806
1 0.4715610146522522 0.24497899413108826 0.10068000108003616 0.10296200215816498
1 0.6157709956169128 0.23134499788284302 0.0691400021314621 0.10533899813890457
2 0.5533559918403625 0.23177100718021393 0.05840900167822838 0.09141500294208527
0 0.6170480251312256 0.9648429751396179 0.08063899725675583 0.07031399756669998
