1 0.12402999401092529 0.1837420016527176 0.11032000184059143 0.14072799682617188
1 0.06242799758911133 0.04450700059533119 0.11901699751615524 0.08698099851608276
1 0.06388199329376221 0.5407389998435974 0.1277640014886856 0.14519000053405762
2 0.2363479733467102 0.34570199251174927 0.10524799674749374 0.134226992726326
2 0.6202360391616821 0.09498099982738495 0.10124299675226212 0.1381939947605133
1 0.26726698875427246 0.12389499694108963 0.13019299507141113 0.1675339937210083
1 0.23600798845291138 0.3486270010471344 0.10444600135087967 0.13377200067043304
2 0.2655029892921448 0.1231440007686615 0.1305450052022934 0.16598699986934662
2 0.6985050439834595 0.027333000674843788 0.11715099960565567 0.05466499924659729
2 0.6067489981651306 0.09079699963331223 0.12146800011396408 0.15748199820518494
