0 0.3128569722175598 0.7169550061225891 0.06960900127887726 0.09187400341033936
0 0.3511350154876709 0.6101449728012085 0.08419600129127502 0.10858000069856644
0 0.19373100996017456 0.5457879900932312 0.10020700097084045 0.11344199627637863
0 0.4640039801597595 0.697380006313324 0.07311499863862991 0.09963200241327286
0 0.2776070237159729 0.5366209745407104 0.08068899810314178 0.10117200016975403
0 0.4131789803504944 0.8987489938735962 0.0832199975848198 0.11185599863529205
0 0.4595109820365906 0.40463700890541077 0.07781500369310379 0.11345600336790085
0 0.26930898427963257 0.6298369765281677 0.07795500010251999 0.1018960028886795
0 0.6679730415344238 0.4954470098018646 0.0892229974269867 0.11225999891757965
0 0.20878297090530396 0.4138210117816925 0.07297299802303314 0.08912699669599533
0 0.24855101108551025 0.8110179901123047 0.07274200022220612 0.09816200286149979
0 0.5239289999008179 0.38857200741767883 0.0732560008764267 0.10422399640083313
0 0.4120129942893982 0.3559179902076721 0.06530400365591049 0.09816200286149979
0 0.6697660088539124 0.6550009846687317 0.08455900102853775 0.10845699906349182
0 0.2984189987182617 0.7947289943695068 0.05979999899864197 0.09235700219869614
0 0.31586700677871704 0.4704959988594055 0.06229599937796593 0.09426899999380112
0 0.2644069790840149 0.4618529975414276 0.05437999963760376 0.07625000178813934
0 0.5680750012397766 0.30466601252555847 0.05296799913048744 0.06117299944162369
0 0.46635502576828003 0.9839119911193848 0.09428299963474274 0.032175999134778976
0 0.20152497291564941 0.4693570137023926 0.07986299693584442 0.07348199933767319
0 0.571457028388977 0.5788750052452087 0.08371199667453766 0.10948199778795242
0 0.16139400005340576 0.5352339744567871 0.06331899762153625 0.10878200083971024
0 0.10277700424194336 0.25337299704551697 0.062029000371694565 0.10780700296163559
0 0.5327520370483398 0.7271460294723511 0.06795000284910202 0.10159099847078323
