0 0.5969430208206177 0.9098249673843384 0.0752440020442009 0.0980440005660057
0 0.7922970056533813 0.8842960000038147 0.07205300033092499 0.103131003677845
0 0.7282840013504028 0.906220018863678 0.07184299826622009 0.09491699934005737
0 0.43859899044036865 0.5828239917755127 0.06963799893856049 0.09216099977493286
0 0.6017029881477356 0.7914249897003174 0.067051000893116 0.08500500023365021
0 0.6515610218048096 0.8542770147323608 0.06439299881458282 0.10336299985647202
0 0.4537679851055145 0.08732098340988159 0.06055999919772148 0.0790409967303276
0 0.5101889967918396 0.8447849750518799 0.048657000064849854 0.08310399949550629
0 0.6383389830589294 0.9631580114364624 0.058111999183893204 0.07161000370979309
0 0.4729219973087311 0.1810389757156372 0.06780699640512466 0.08646000176668167
0 0.7068529725074768 0.9768139719963074 0.06933800131082535 0.04498500004410744
0 0.3948439955711365 0.42906397581100464 0.0653970018029213 0.09350500255823135
0 0.70039302110672 0.2562580108642578 0.03963499888777733 0.04825900122523308
0 0.42893901467323303 0.16732800006866455 0.04430900141596794 0.07743900269269943
0 0.887362003326416 0.9822109937667847 0.07455699890851974 0.03310300037264824
