0 0.6277409791946411 0.8234130144119263 0.10185900330543518 0.11964700371026993
0 0.24515299499034882 0.2545899748802185 0.10308600217103958 0.12181700021028519
0 0.5610640048980713 0.9003120064735413 0.09294100105762482 0.1290220022201538
0 0.1904969960451126 0.15268802642822266 0.09321500360965729 0.1117049977183342
0 0.30875301361083984 0.6971620321273804 0.10260900110006332 0.12602999806404114
0 0.480538010597229 0.5208849906921387 0.07531999796628952 0.10157900303602219
0 0.9589980244636536 0.9152519702911377 0.08200500160455704 0.14762599766254425
0 0.15325899422168732 0.4963589906692505 0.07738099992275238 0.08491600304841995
0 0.25850600004196167 0.042201995849609375 0.0763079971075058 0.08440499752759933
0 0.9593330025672913 0.6588649749755859 0.08133400231599808 0.14787499606609344
0 0.3215799927711487 0.02990502119064331 0.056620001792907715 0.059810999780893326
0 0.9463719725608826 0.7946709990501404 0.10725600272417068 0.14647899568080902
0 0.18627899885177612 0.0643569827079773 0.0681459978222847 0.08565100282430649
0 0.46112701296806335 0.6257489919662476 0.11123999953269958 0.12163600325584412
0 0.292356014251709 0.9655449986457825 0.0906120017170906 0.06891000270843506
0 0.6437510251998901 0.046223998069763184 0.07552000135183334 0.09244900196790695
0 0.9865679740905762 0.4901610016822815 0.02686299942433834 0.12179499864578247
0 0.8743820190429688 0.10527700185775757 0.06383000314235687 0.08117599785327911
0 0.23673699796199799 0.44745397567749023 0.07947699725627899 0.09709800034761429
0 0.3906030058860779 0.5751590132713318 0.07623100280761719 0.07043399661779404
