0 0.18730799853801727 0.04521697759628296 0.07811900228261948 0.0904339998960495
0 0.18575599789619446 0.8995500206947327 0.07027500122785568 0.09067799896001816
0 0.4894219934940338 0.5297449827194214 0.06737100332975388 0.08560899645090103
0 0.2643350064754486 0.8408669829368591 0.07430700212717056 0.07896599918603897
0 0.5149989724159241 0.2772030234336853 0.06353099644184113 0.0792120024561882
0 0.11843399703502655 0.06533700227737427 0.07859600335359573 0.09339000284671783
0 0.017991000786423683 0.6931729912757874 0.035392001271247864 0.08039599657058716
0 0.581292986869812 0.46403199434280396 0.06805600225925446 0.0800120010972023
0 0.49724099040031433 0.8222460150718689 0.07412000000476837 0.08895300328731537
0 0.25821301341056824 0.7659090161323547 0.06903299689292908 0.09126099944114685
0 0.5689240097999573 0.351423978805542 0.06137299910187721 0.07773800194263458
0 0.6560630202293396 0.1946679949760437 0.05085200071334839 0.06919299811124802
0 0.010960999876260757 0.1967790126800537 0.021921999752521515 0.10271400213241577
0 0.4321669936180115 0.3258519768714905 0.04731399938464165 0.08093000203371048
0 0.6527150273323059 0.8454790115356445 0.06277800351381302 0.08037299662828445
0 0.5812100172042847 0.05628699064254761 0.04788200184702873 0.07491599768400192
0 0.7110329866409302 0.0809900164604187 0.04151799902319908 0.05754400044679642
0 0.5267069935798645 0.4179689884185791 0.06010400131344795 0.08624400198459625
0 0.07819399982690811 0.3416129946708679 0.04281200096011162 0.05587000027298927
0 0.6813309788703918 0.11785799264907837 0.032917000353336334 0.0609700009226799
0 0.47106701135635376 0.9769309759140015 0.06850399821996689 0.04540500044822693
0 0.4609540104866028 0.3700600266456604 0.04320099949836731 0.07321099936962128
0 0.6280570030212402 0.7398979663848877 0.053467001765966415 0.07682500034570694
0 0.5539439916610718 0.03600400686264038 0.04290900006890297 0.07074200361967087
0 0.2269749939441681 0.992027997970581 0.06242600083351135 0.015104999765753746
0 0.28427499532699585 0.9656580090522766 0.0609159991145134 0.06578399986028671
0 0.26165199279785156 0.4230009913444519 0.04077500104904175 0.05098399892449379
0 0.5198559761047363 0.40990400314331055 0.0663440003991127 0.07908099889755249
