0 0.48855000734329224 0.40087002515792847 0.03495299816131592 0.05146799981594086
0 0.559050977230072 0.31141799688339233 0.043462999165058136 0.0543380007147789
0 0.14223499596118927 0.42169201374053955 0.03251300007104874 0.046845998615026474
0 0.6146469712257385 0.7237939834594727 0.03628300130367279 0.04639299958944321
0 0.095660001039505 0.6302980184555054 0.039409998804330826 0.05214399844408035
0 0.3399220108985901 0.267894983291626 0.033417001366615295 0.047113001346588135
0 0.6092209815979004 0.8005800247192383 0.03519999980926514 0.043942999094724655
0 0.5198429822921753 0.417244017124176 0.03854500129818916 0.054917000234127045
0 0.2822990119457245 0.36463701725006104 0.04150399938225746 0.050680000334978104
0 0.030232999473810196 0.6118730306625366 0.03478100150823593 0.04711899906396866
0 0.5492810010910034 0.4607340097427368 0.0401110015809536 0.05633699893951416
0 0.5408989787101746 0.6553579568862915 0.03723499923944473 0.05030699819326401
0 0.8736739754676819 0.7975189685821533 0.035555001348257065 0.047811999917030334
0 0.6370589733123779 0.6825610399246216 0.035843998193740845 0.04839799925684929
0 0.6320289969444275 0.28304702043533325 0.041467998176813126 0.05033800005912781
0 0.849399983882904 0.4412199854850769 0.053240999579429626 0.05920799821615219
0 0.5274749994277954 0.3403869867324829 0.0394119992852211 0.04844599962234497
0 0.5426560044288635 0.7496150135993958 0.03376200050115585 0.042670998722314835
0 0.8562139868736267 0.8331310153007507 0.034724000841379166 0.046174999326467514
0 0.7216389775276184 0.4000660181045532 0.04470900073647499 0.05700799822807312
0 0.07009799778461456 0.6103219985961914 0.03438499942421913 0.048301998525857925
0 0.19663700461387634 0.44653797149658203 0.03637300059199333 0.050050999969244
0 0.6831669807434082 0.35544002056121826 0.04799100011587143 0.05980300158262253
0 0.7174389958381653 0.47381097078323364 0.06852799654006958 0.07635500282049179
0 0.5783550143241882 0.7985820174217224 0.03168199956417084 0.04437600076198578
0 0.9715750217437744 0.5546849966049194 0.03605800122022629 0.060729000717401505
0 0.6121519804000854 0.23769301176071167 0.03508000075817108 0.050547000020742416
0 0.7357720136642456 0.39317697286605835 0.035301998257637024 0.0610710009932518
0 0.16687999665737152 0.4351760149002075 0.03482300043106079 0.048503998667001724
0 0.6816970109939575 0.6769900321960449 0.03879699856042862 0.0532039999961853
0 0.30074700713157654 0.23089700937271118 0.03246700018644333 0.04273400083184242
0 0.5082669854164124 0.6642860174179077 0.03209799900650978 0.04419099912047386
0 0.7637529969215393 0.946960985660553 0.034696001559495926 0.041276998817920685
0 0.9623090028762817 0.36538201570510864 0.056777000427246094 0.0737679973244667
0 0.5034559965133667 0.7827960252761841 0.030571000650525093 0.038339998573064804
0 0.5569369792938232 0.7099210023880005 0.03193499892950058 0.04215500131249428
0 0.674714982509613 0.38621699810028076 0.04057899862527847 0.05203999951481819
0 0.7963839769363403 0.6792140007019043 0.030590999871492386 0.03746499866247177
0 0.8124189972877502 0.38703101873397827 0.032283999025821686 0.04409100115299225
0 0.8310779929161072 0.7733399868011475 0.029179999604821205 0.037748001515865326
0 0.6870869994163513 0.6882669925689697 0.037223998457193375 0.0532350018620491
0 0.7279899716377258 0.3941900134086609 0.050377000123262405 0.06411699950695038
0 0.7698919773101807 0.983227014541626 0.03450800105929375 0.033546000719070435
0 0.09580200165510178 0.5891380310058594 0.031304001808166504 0.04083399847149849
0 0.8141540288925171 0.529770016670227 0.04904799908399582 0.04821600019931793
0 0.1853639930486679 0.4927719831466675 0.03524700179696083 0.04277399927377701
0 0.5378720164299011 0.3434380292892456 0.04124699905514717 0.050985001027584076
0 0.24749299883842468 0.11377602815628052 0.02997799962759018 0.041019998490810394
0 0.5467100143432617 0.3504970073699951 0.03300200030207634 0.045864999294281006
0 0.7026950120925903 0.74298095703125 0.031248999759554863 0.03767799958586693
0 0.010219999589025974 0.794867992401123 0.019752999767661095 0.044989001005887985
2 0.044881999492645264 0.9066759943962097 0.02312999963760376 0.03146500140428543
0 0.7547429800033569 0.6251770257949829 0.028566999360919 0.029774000868201256
0 0.7656930088996887 0.9539340138435364 0.037014998495578766 0.04353500157594681
0 0.9917280077934265 0.939769983291626 0.015925999730825424 0.03742700070142746
0 0.8120729923248291 0.5152879953384399 0.04705800116062164 0.06053699925541878
0 0.6790729761123657 0.3750540018081665 0.048264000564813614 0.06863900274038315
0 0.7205629944801331 0.9892889857292175 0.0404059998691082 0.019107000902295113
0 0.5297020077705383 0.5676810145378113 0.031227000057697296 0.0345739983022213
0 0.8623129725456238 0.8259360194206238 0.034956999123096466 0.04666699841618538
0 0.7721049785614014 0.3084440231323242 0.05482399836182594 0.06634099781513214
