2 0.8838160037994385 0.33887797594070435 0.07986000180244446 0.10671500116586685
2 0.9704970121383667 0.5628739595413208 0.05900600180029869 0.09572699666023254
2 0.9454270005226135 0.14301902055740356 0.06362300366163254 0.08675099909305573
2 0.70803302526474 0.8591870069503784 0.07358299940824509 0.1065950021147728
2 0.9231820106506348 0.45979398488998413 0.08095599710941315 0.10867500305175781
2 0.754734992980957 0.11736297607421875 0.06834399700164795 0.09014199674129486
2 0.8163899779319763 0.3733519911766052 0.060332998633384705 0.08126399666070938
2 0.7162709832191467 0.9508339762687683 0.07434999942779541 0.0970890000462532
2 0.7551820278167725 0.474852979183197 0.07550399750471115 0.09693100303411484
2 0.8259699940681458 0.48030900955200195 0.0840580016374588 0.10769899934530258
2 0.7426400184631348 0.5783360004425049 0.08275700360536575 0.10561899840831757
2 0.9839029908180237 0.16385900974273682 0.03164900094270706 0.09862300008535385
1 0.9845960140228271 0.6892039775848389 0.030806999653577805 0.10947500169277191
1 0.713362991809845 0.0180780291557312 0.0639370009303093 0.03524700179696083
2 0.12908799946308136 0.06587302684783936 0.08209100365638733 0.09821899980306625
0 0.10638599842786789 0.14282697439193726 0.08995500206947327 0.1094139963388443
1 0.9251130223274231 0.45878297090530396 0.08240900188684464 0.11259099841117859
1 0.1063079982995987 0.14408600330352783 0.08816500008106232 0.10513699799776077
2 0.9931510090827942 0.39345699548721313 0.013697000220417976 0.10572300106287003
2 0.9909999966621399 0.6088880300521851 0.017999999225139618 0.06986100226640701
