0 0.6799960136413574 0.4646790027618408 0.07835900038480759 0.10523299872875214
0 0.05130099877715111 0.8721020221710205 0.0630199983716011 0.07584100216627121
0 0.4857740104198456 0.15137100219726562 0.08557300269603729 0.10174799710512161
0 0.0441260002553463 0.6006979942321777 0.05703800171613693 0.07474199682474136
0 0.7814009785652161 0.6610629558563232 0.07345300167798996 0.09967599809169769
0 0.9322999715805054 0.6278769969940186 0.07742299884557724 0.10401000082492828
0 0.2698209881782532 0.5690920352935791 0.06316299736499786 0.08012299984693527
0 0.8648849725723267 0.49970000982284546 0.08655700087547302 0.10689699649810791
0 0.5242239832878113 0.06705302000045776 0.07340700179338455 0.09852200001478195
0 0.519091010093689 0.28877198696136475 0.08257000148296356 0.10377900302410126
0 0.22439199686050415 0.3745489716529846 0.06502699851989746 0.08732900023460388
0 0.15002499520778656 0.6527279615402222 0.05932899937033653 0.06796199828386307
0 0.03357800096273422 0.8116980195045471 0.06466600298881531 0.0757879987359047
0 0.1385589987039566 0.8538820147514343 0.05790400132536888 0.07055900245904922
0 0.12644700706005096 0.7903690338134766 0.06282400339841843 0.07565300166606903
0 0.7189180254936218 0.6450879573822021 0.06503999978303909 0.09544800221920013
0 0.2172739952802658 0.9161900281906128 0.05801200121641159 0.07550600171089172
0 0.9646689891815186 0.5336940288543701 0.0706619992852211 0.09694399684667587
0 0.3521080017089844 0.41726797819137573 0.06196900084614754 0.07396800071001053
0 0.14473600685596466 0.7109569907188416 0.05003200098872185 0.058389000594615936
0 0.8799039721488953 0.4183019995689392 0.08226499706506729 0.09250500053167343
0 0.7546340227127075 0.3807870149612427 0.06403499841690063 0.10656700283288956
0 0.7921059727668762 0.4407770037651062 0.056418001651763916 0.08377999812364578
0 0.2582100033760071 0.48900800943374634 0.08427900075912476 0.09419400244951248
0 0.6811109781265259 0.5595669746398926 0.07032500207424164 0.08578799664974213
0 0.4542349874973297 0.373786985874176 0.07106900215148926 0.096731998026371
0 0.9672620296478271 0.4356269836425781 0.06547500193119049 0.11419399827718735
0 0.2770560085773468 0.27004802227020264 0.05037900060415268 0.06891699880361557
0 0.43019700050354004 0.543694019317627 0.05183500051498413 0.086667999625206
0 0.06037500128149986 0.9668999910354614 0.06347700208425522 0.06620100140571594
0 0.18709400296211243 0.8567669987678528 0.05983399972319603 0.08105800300836563
0 0.3657110035419464 0.5334600210189819 0.08016800135374069 0.09304500371217728
0 0.8047009706497192 0.08801501989364624 0.05434200167655945 0.0710109993815422
0 0.123710997402668 0.8921200037002563 0.053787000477313995 0.06904199719429016
0 0.5303019881248474 0.6080210208892822 0.07605200260877609 0.10735800117254257
0 0.013290000148117542 0.5292659997940063 0.026580000296235085 0.07091999799013138
0 0.9221829771995544 0.3593519926071167 0.07756400108337402 0.1095609962940216
0 0.6234639883041382 0.5893909931182861 0.06905800104141235 0.1024399995803833
0 0.8237280249595642 0.8340569734573364 0.06671400368213654 0.09881000220775604
0 0.5726000070571899 0.550125002861023 0.05600700154900551 0.092289999127388
0 0.8743069767951965 0.8566150069236755 0.06345199793577194 0.09322500228881836
0 0.8369140028953552 0.8352270126342773 0.0993880033493042 0.10840799659490585
0 0.012728000059723854 0.9498869776725769 0.02523599937558174 0.07111299782991409
0 0.3097259998321533 0.34730398654937744 0.0494609996676445 0.06927400082349777
0 0.4663130044937134 0.49646997451782227 0.04865799844264984 0.07511600106954575
0 0.3484239876270294 0.24510902166366577 0.04770199954509735 0.06880199909210205
0 0.9168509840965271 0.4688429832458496 0.05220099911093712 0.0862869992852211
0 0.5209329724311829 0.4658910036087036 0.060506001114845276 0.0998930037021637
0 0.3532629907131195 0.35487598180770874 0.050457000732421875 0.06598400324583054
0 0.5759239792823792 0.6178920269012451 0.03949600085616112 0.06945200264453888
0 0.3062950074672699 0.41932201385498047 0.048875000327825546 0.08482900261878967
0 0.8188470005989075 0.36751699447631836 0.052459001541137695 0.07876499742269516
0 0.8365470170974731 0.7557500004768372 0.08525499701499939 0.10896500200033188
0 0.08754199743270874 0.013062000274658203 0.04975400120019913 0.023155000060796738
0 0.5965279936790466 0.4692310094833374 0.05216300114989281 0.07813999801874161
