1 0.6613069772720337 0.36371302604675293 0.07062400132417679 0.10403399914503098
1 0.819832980632782 0.13890498876571655 0.07861100137233734 0.09906499832868576
1 0.5809119939804077 0.45597100257873535 0.079865001142025 0.10378699749708176
1 0.5800840258598328 0.3338239789009094 0.07687900215387344 0.09129499644041061
1 0.7879019975662231 0.03991401195526123 0.08138100057840347 0.07982700318098068
1 0.6122620105743408 0.20934200286865234 0.08916699886322021 0.11016599833965302
0 0.5738890171051025 0.8833479881286621 0.07075200229883194 0.07269199937582016
1 0.9425680041313171 0.17792600393295288 0.07557699829339981 0.09608100354671478
1 0.7037069797515869 0.22735297679901123 0.06755100190639496 0.09097100049257278
1 0.8901159763336182 0.20534199476242065 0.049623001366853714 0.08355899900197983
1 0.7323629856109619 0.33179301023483276 0.06943000108003616 0.10532200336456299
1 0.7159649729728699 0.11980700492858887 0.07808200269937515 0.12278500199317932
1 0.895389974117279 0.11454397439956665 0.07681199908256531 0.09836199879646301
1 0.9498140215873718 0.3312150239944458 0.06177299842238426 0.08597400039434433
2 0.7038469910621643 0.22661501169204712 0.07022500038146973 0.09151700139045715
0 0.2533630132675171 0.7914180159568787 0.06939399987459183 0.08498100191354752
1 0.5428590178489685 0.16170001029968262 0.07382000237703323 0.09015899896621704
1 0.30061501264572144 0.5587570071220398 0.07617200165987015 0.10117299854755402
1 0.8550580143928528 0.21186399459838867 0.06779100000858307 0.08713100105524063
1 0.5558379888534546 0.8188009858131409 0.06929100304841995 0.08876699954271317
1 0.9866889715194702 0.36344701051712036 0.026621000841259956 0.07991299778223038
2 0.5454049706459045 0.23299700021743774 0.05699700117111206 0.06691300123929977
1 0.5170360207557678 0.3883010149002075 0.059094998985528946 0.08951699733734131
2 0.730417013168335 0.33014798164367676 0.06572599709033966 0.10840000212192535
1 0.8586739897727966 0.2704319953918457 0.060336001217365265 0.07760299742221832
0 0.5659840106964111 0.8923559784889221 0.06246599927544594 0.06271400302648544
2 0.3025070130825043 0.5587800145149231 0.07775299996137619 0.10032399743795395
1 0.8488649725914001 0.218671977519989 0.05448399856686592 0.07883399724960327
