1 0.45396900177001953 0.5025439858436584 0.09792900085449219 0.13270999491214752
1 0.5423349738121033 0.6124230027198792 0.11947300285100937 0.14975599944591522
1 0.27137699723243713 0.6817910075187683 0.12550599873065948 0.14764800667762756
1 0.09004399925470352 0.7143269777297974 0.11518999934196472 0.12860099971294403
1 0.23215700685977936 0.44048500061035156 0.12964099645614624 0.16610899567604065
1 0.0552080012857914 0.5458300113677979 0.10970699787139893 0.1724099963903427
1 0.8630340099334717 0.6902400255203247 0.12497799843549728 0.151310995221138
1 0.8611419796943665 0.803820013999939 0.10728500038385391 0.11166699975728989
1 0.3369689881801605 0.7921370267868042 0.11781200021505356 0.14730699360370636
1 0.21468600630760193 0.8514090180397034 0.1198749989271164 0.1431719958782196
1 0.16774499416351318 0.6040350198745728 0.12911100685596466 0.1616870015859604
1 0.5101029872894287 0.3435819745063782 0.13823500275611877 0.17534500360488892
2 0.7596979737281799 0.4302089810371399 0.11600100249052048 0.17328399419784546
1 0.29188698530197144 0.9076809883117676 0.09817299991846085 0.10637299716472626
1 0.06461100280284882 0.3504660129547119 0.12922300398349762 0.1626109927892685
1 0.7999529838562012 0.9035130143165588 0.09154000133275986 0.12411999702453613
1 0.45202401280403137 0.3527989983558655 0.12251699715852737 0.15304100513458252
1 0.620881974697113 0.4059010148048401 0.10452000051736832 0.13878600299358368
1 0.3830280005931854 0.32722002267837524 0.10303399711847305 0.13722799718379974
1 0.2348559945821762 0.8530889749526978 0.08577299863100052 0.14585399627685547
1 0.23154999315738678 0.32350099086761475 0.10160999745130539 0.09006500244140625
1 0.1447799950838089 0.9055799841880798 0.07718800008296967 0.13245099782943726
1 0.5454279780387878 0.43705302476882935 0.0788780003786087 0.08595100045204163
1 0.9673320055007935 0.6707559823989868 0.061852000653743744 0.1318890005350113
1 0.30528199672698975 0.5004140138626099 0.05499200150370598 0.10655999928712845
