1 0.4930190145969391 0.8092269897460938 0.07255599647760391 0.10725100338459015
1 0.4803920090198517 0.5988730192184448 0.07902400195598602 0.10914800316095352
1 0.26409101486206055 0.9331880211830139 0.1199830025434494 0.1332949995994568
1 0.3688809871673584 0.9356579780578613 0.07674600183963776 0.11237800121307373
1 0.3860430121421814 0.4997979998588562 0.08870799839496613 0.1221340000629425
1 0.34397000074386597 0.8326699733734131 0.09816300123929977 0.11646299809217453
1 0.4688979983329773 0.47268497943878174 0.07645100355148315 0.11061500012874603
1 0.3582429885864258 0.6773580312728882 0.14954699575901031 0.13954399526119232
1 0.041561998426914215 0.9002140164375305 0.08312399685382843 0.13649700582027435
1 0.3994799852371216 0.353052020072937 0.07770799845457077 0.10372000187635422
1 0.3658669888973236 0.4931269884109497 0.1329279989004135 0.12821200489997864
1 0.4236510097980499 0.6386109590530396 0.07962299883365631 0.14019300043582916
1 0.3732120096683502 0.6850730180740356 0.113755002617836 0.13114699721336365
1 0.4239409863948822 0.8477699756622314 0.06648900359869003 0.12111999839544296
