0 0.6234740018844604 0.33479398488998413 0.07099000364542007 0.09603500366210938
0 0.1135760024189949 0.21457898616790771 0.1008709967136383 0.11924800276756287
0 0.03590700030326843 0.13981002569198608 0.07157699763774872 0.11667600274085999
0 0.6600049734115601 0.42599302530288696 0.08221299946308136 0.09798700362443924
0 0.8968530297279358 0.5993360280990601 0.038040000945329666 0.04837099835276604
1 0.49040400981903076 0.2302209734916687 0.07247699797153473 0.08714500069618225
0 0.5023589730262756 0.6047990322113037 0.056519001722335815 0.0975859984755516
0 0.10974899679422379 0.3064020276069641 0.07778900116682053 0.09578300267457962
2 0.03965900093317032 0.32948100566864014 0.07931800186634064 0.12256799638271332
0 0.8259519934654236 0.9629889726638794 0.044534001499414444 0.056425001472234726
0 0.017927000299096107 0.01601099967956543 0.035854000598192215 0.03202100098133087
0 0.01895100064575672 0.023184001445770264 0.03790200129151344 0.04337500035762787
0 0.7698349952697754 0.9414569735527039 0.03732699900865555 0.05121900141239166
0 0.021105999127030373 0.020045995712280273 0.042211998254060745 0.040091998875141144
0 0.021683000028133392 0.034655988216400146 0.043366000056266785 0.06702099740505219
