2 0.45734599232673645 0.7274500131607056 0.09868499636650085 0.13613399863243103
2 0.4617910087108612 0.2437639832496643 0.08502300083637238 0.12469500303268433
2 0.8155509829521179 0.45865297317504883 0.09024599939584732 0.13064299523830414
2 0.3728559911251068 0.8162090182304382 0.09555300325155258 0.11873000115156174
2 0.34720999002456665 0.31224197149276733 0.10226000100374222 0.1315010040998459
2 0.2997789978981018 0.6129800081253052 0.1050809994339943 0.1404000073671341
2 0.9314960241317749 0.32576000690460205 0.0941300019621849 0.13553699851036072
2 0.17138700187206268 0.8730959892272949 0.10370299965143204 0.14805200695991516
2 0.7274749875068665 0.4950389862060547 0.08813200145959854 0.13135500252246857
2 0.7916439771652222 0.7070410251617432 0.1001259982585907 0.1348550021648407
2 0.19154499471187592 0.7461169958114624 0.0783189982175827 0.1103530004620552
2 0.365774005651474 0.06721001863479614 0.09073600172996521 0.13283300399780273
2 0.2989040017127991 0.4035850167274475 0.09097500145435333 0.1196419969201088
2 0.454926997423172 0.10975098609924316 0.09015599638223648 0.10085400193929672
0 0.9004709720611572 0.8269029855728149 0.09306100010871887 0.11828699707984924
2 0.3640519976615906 0.9238359928131104 0.08168300241231918 0.11026699841022491
2 0.504364013671875 0.15739798545837402 0.06614399701356888 0.10787100344896317
2 0.03311999887228012 0.8332279920578003 0.06617400050163269 0.17746399343013763
2 0.4364500045776367 0.9549949765205383 0.07911299914121628 0.08896700292825699
2 0.5170000195503235 0.15501302480697632 0.07442200183868408 0.11100699752569199
2 0.49858200550079346 0.16329598426818848 0.05710500106215477 0.08977799862623215
