0 0.17467999458312988 0.907325029373169 0.08703500032424927 0.1058730036020279
0 0.39326098561286926 0.7635549902915955 0.07616599649190903 0.10219500213861465
0 0.1755560040473938 0.40637797117233276 0.08153600245714188 0.10197699815034866
0 0.0949459969997406 0.2871659994125366 0.07368499785661697 0.09491699934005737
0 0.2868790030479431 0.5369099974632263 0.07887399941682816 0.10027699917554855
0 0.3429200053215027 0.6048669815063477 0.07667099684476852 0.10377199947834015
0 0.338593989610672 0.34362900257110596 0.08343099802732468 0.11589200049638748
0 0.7051470279693604 0.9366030097007751 0.06767100095748901 0.0802140012383461
0 0.1689170002937317 0.2592729926109314 0.07315699756145477 0.09612300246953964
0 0.7679330110549927 0.07980698347091675 0.051040999591350555 0.07030899822711945
0 0.9269739985466003 0.34301698207855225 0.05347900092601776 0.06848599761724472
0 0.710273027420044 0.3352469801902771 0.06365799903869629 0.08231800049543381
0 0.2595449984073639 0.6574580073356628 0.08252499997615814 0.10471399873495102
0 0.6747679710388184 0.2778649926185608 0.05315500125288963 0.07295200228691101
0 0.17438499629497528 0.6494020223617554 0.07091899961233139 0.10938899964094162
0 0.4006519913673401 0.3870009779930115 0.06510499864816666 0.09822200238704681
0 0.5943149924278259 0.21747499704360962 0.05401499941945076 0.07906799763441086
0 0.7352079749107361 0.37685900926589966 0.048920001834630966 0.06055599823594093
0 0.7937489748001099 0.3420190215110779 0.05192499980330467 0.06641499698162079
0 0.3776719868183136 0.6796419620513916 0.07516200095415115 0.09360799938440323
0 0.2633900046348572 0.449334979057312 0.0797640010714531 0.09123600274324417
0 0.48334500193595886 0.48939400911331177 0.05396600067615509 0.08124200254678726
0 0.5377309918403625 0.4704599976539612 0.06066200137138367 0.07906100153923035
0 0.8865129947662354 0.4124029874801636 0.052567001432180405 0.06965100020170212
0 0.42850199341773987 0.21517598628997803 0.08308400213718414 0.1073639988899231
0 0.12374799698591232 0.515175998210907 0.0671669989824295 0.08446300029754639
0 0.7486910223960876 0.2302590012550354 0.055298998951911926 0.07074499875307083
0 0.6439679861068726 0.22473502159118652 0.04684000089764595 0.07792499661445618
0 0.32565000653266907 0.7750369906425476 0.0704910010099411 0.09818000346422195
0 0.9134920239448547 0.6811469793319702 0.0441880002617836 0.0579259991645813
0 0.17111000418663025 0.47573697566986084 0.06801199913024902 0.07298199832439423
0 0.7862579822540283 0.6810510158538818 0.044468000531196594 0.06224999949336052
0 0.7567769885063171 0.665181040763855 0.04026700183749199 0.054166000336408615
0 0.6141350269317627 0.9622290134429932 0.05931700021028519 0.07182999700307846
0 0.6400780081748962 0.07589000463485718 0.061879999935626984 0.07996699959039688
0 0.7578030228614807 0.9850190281867981 0.07427699863910675 0.029961999505758286
0 0.2889699935913086 0.18111300468444824 0.05979299917817116 0.0762460008263588
0 0.49660199880599976 0.3257629871368408 0.06826899945735931 0.09067700058221817
0 0.8791540265083313 0.7211860418319702 0.036674000322818756 0.0616689994931221
0 0.792943000793457 0.12226200103759766 0.041436001658439636 0.05787799879908562
0 0.7045770287513733 0.06932401657104492 0.041802000254392624 0.07033400237560272
0 0.5114120244979858 0.3244810104370117 0.07068700343370438 0.08826199918985367
0 0.7168620228767395 0.11917102336883545 0.03880799934267998 0.05784500017762184
0 0.45867300033569336 0.35736197233200073 0.04419500008225441 0.06876499950885773
0 0.45095500349998474 0.43149101734161377 0.04094799980521202 0.08813399821519852
0 0.8497660160064697 0.7973790168762207 0.052646998316049576 0.06626400351524353
0 0.7360529899597168 0.049863994121551514 0.04096199944615364 0.05208799988031387
0 0.21706299483776093 0.3636299967765808 0.05465099960565567 0.0966230034828186
0 0.7686499953269958 0.019477009773254395 0.042396001517772675 0.0389540009200573
0 0.8433380126953125 0.42056602239608765 0.03822299838066101 0.06067400053143501
0 0.5275239944458008 0.3268269896507263 0.03995800018310547 0.0835610032081604
0 0.16161799430847168 0.3460320234298706 0.06238599866628647 0.07690899819135666
0 0.26739099621772766 0.25585001707077026 0.08175399899482727 0.10628999769687653
