2 0.39085298776626587 0.6229850053787231 0.05113000050187111 0.07190500199794769
2 0.3589699864387512 0.28383201360702515 0.06099700182676315 0.08357899636030197
2 0.8384870290756226 0.15703797340393066 0.060065001249313354 0.0897350013256073
2 0.27889499068260193 0.3619610071182251 0.054218001663684845 0.07783699780702591
2 0.6880339980125427 0.04582899808883667 0.058417998254299164 0.07916200160980225
2 0.4275200068950653 0.0939130187034607 0.053362999111413956 0.07344699651002884
2 0.9645910263061523 0.8420299887657166 0.05423400178551674 0.07303600013256073
2 0.4458079934120178 0.2926740050315857 0.05835200101137161 0.09664399921894073
2 0.407602995634079 0.31043297052383423 0.053626999258995056 0.07368600368499756
2 0.6907320022583008 0.1383870244026184 0.05559400096535683 0.07434999942779541
2 0.5686900019645691 0.07991701364517212 0.04941000044345856 0.06582500040531158
2 0.11772499978542328 0.9740949869155884 0.05175599828362465 0.05181000009179115
2 0.9813640117645264 0.638679027557373 0.037271998822689056 0.08651699870824814
2 0.9681220054626465 0.911994993686676 0.058862000703811646 0.07336500287055969
2 0.9848219752311707 0.5672670006752014 0.02695300057530403 0.0729840025305748
0 0.9813119769096375 0.639057993888855 0.03737499937415123 0.08320800215005875
2 0.6342380046844482 0.025246024131774902 0.06419699639081955 0.050491999834775925
2 0.03579099848866463 0.890749990940094 0.051885999739170074 0.06644000113010406
2 0.01039000041782856 0.28478699922561646 0.019432000815868378 0.06272400170564651
2 0.5682669878005981 0.2473430037498474 0.061122000217437744 0.07341700047254562
