2 0.898127019405365 0.4581170082092285 0.08772999793291092 0.11865799874067307
2 0.40727099776268005 0.07515102624893188 0.08545099943876266 0.12898999452590942
2 0.9657310247421265 0.19905102252960205 0.06807699799537659 0.09925299882888794
2 0.19282600283622742 0.09685802459716797 0.07708299905061722 0.10494200140237808
2 0.833791971206665 0.6522899866104126 0.09638000279664993 0.12796300649642944
2 0.9465280175209045 0.606003999710083 0.0935249999165535 0.1283160001039505
2 0.7518600225448608 0.20477497577667236 0.0735350027680397 0.09861300140619278
2 0.8390120267868042 0.4832810163497925 0.058844998478889465 0.08809799700975418
2 0.754535973072052 0.6555359959602356 0.09098999947309494 0.12107499688863754
2 0.04463699832558632 0.29953300952911377 0.08800499886274338 0.11540199816226959
1 0.04537200182676315 0.3006259799003601 0.08446700125932693 0.10936799645423889
1 0.7481439709663391 0.7795839905738831 0.09065800160169601 0.12172400206327438
2 0.7481259703636169 0.7804229855537415 0.09051500260829926 0.11712799966335297
1 0.7515630125999451 0.2040489912033081 0.07285299897193909 0.09654700011014938
1 0.03968700021505356 0.3931490182876587 0.07937400043010712 0.08797100186347961
1 0.7423200011253357 0.03792297840118408 0.051270999014377594 0.0679979994893074
2 0.0415630005300045 0.39428699016571045 0.07943200320005417 0.08824600279331207
2 0.09685999900102615 0.04957097768783569 0.04170599952340126 0.08705700188875198
1 0.7019370198249817 0.014267981052398682 0.06960900127887726 0.02549399994313717
