1 0.5965740084648132 0.3943049907684326 0.07020200043916702 0.09037800133228302
2 0.7054669857025146 0.2836639881134033 0.07302500307559967 0.10207100212574005
1 0.5075650215148926 0.2967259883880615 0.06597200036048889 0.09196099638938904
1 0.4339579939842224 0.33494502305984497 0.07354900240898132 0.0968720018863678
1 0.8453410267829895 0.7567070126533508 0.08835899829864502 0.10493099689483643
1 0.7181969881057739 0.3777260184288025 0.06795699894428253 0.08706299960613251
1 0.5731229782104492 0.3068010210990906 0.06863199919462204 0.09325599670410156
1 0.6511420011520386 0.3489000201225281 0.06626900285482407 0.09656199812889099
0 0.2810850143432617 0.9702349901199341 0.06726299971342087 0.059530001133680344
2 0.6809660196304321 0.46725398302078247 0.0789790004491806 0.10180699825286865
1 0.5129179954528809 0.19985097646713257 0.055838000029325485 0.07836499810218811
0 0.17043499648571014 0.3317999839782715 0.06872399896383286 0.08163800090551376
1 0.5372859835624695 0.3994830250740051 0.06120600178837776 0.09954799711704254
1 0.828997015953064 0.8344730138778687 0.07110200077295303 0.0718970000743866
1 0.9602940082550049 0.802049994468689 0.07469800114631653 0.09664999693632126
1 0.2770810127258301 0.6489930152893066 0.06005600094795227 0.07571499794721603
1 0.8266289830207825 0.550279974937439 0.12411899864673615 0.10925699770450592
1 0.7773100137710571 0.885903000831604 0.06508299708366394 0.08436299860477448
2 0.578586995601654 0.20571202039718628 0.07383300364017487 0.09226100146770477
1 0.6812840104103088 0.4657279849052429 0.07849600166082382 0.10367400199174881
2 0.8104519844055176 0.43785202503204346 0.06794700026512146 0.09826499968767166
1 0.7791739702224731 0.37310200929641724 0.061138998717069626 0.08031199872493744
1 0.11864499747753143 0.5230059623718262 0.11928299814462662 0.1234159991145134
1 0.7409409880638123 0.5535730123519897 0.05919799953699112 0.0908920019865036
1 0.34684300422668457 0.5407159924507141 0.05823199823498726 0.07743699848651886
1 0.19824300706386566 0.4053890109062195 0.0695900022983551 0.0899830013513565
1 0.8125540018081665 0.5579869747161865 0.09601599723100662 0.11195000261068344
1 0.26104500889778137 0.4296950101852417 0.061694998294115067 0.08426299691200256
1 0.37205201387405396 0.326121985912323 0.05887100100517273 0.06772299855947495
1 0.8110079765319824 0.43723201751708984 0.06692799925804138 0.09368299692869186
1 0.5202789902687073 0.5454009771347046 0.0723000019788742 0.09359800070524216
1 0.39641299843788147 0.27016401290893555 0.056062001734972 0.08775600045919418
