1 0.3650420010089874 0.14271897077560425 0.05761399865150452 0.07888700067996979
1 0.7867609858512878 0.055142998695373535 0.06670299917459488 0.08452600240707397
0 0.981410026550293 0.8700920343399048 0.03689799830317497 0.09389699995517731
1 0.6555129885673523 0.16973000764846802 0.06145099923014641 0.07492099702358246
1 0.6054829955101013 0.07785797119140625 0.05058399960398674 0.07226099818944931
1 0.7470930218696594 0.15670901536941528 0.05931900069117546 0.08086399734020233
1 0.6780830025672913 0.08149200677871704 0.06383699923753738 0.08952700346708298
1 0.3077490031719208 0.11326801776885986 0.058212000876665115 0.0816589966416359
1 0.8758820295333862 0.1921049952507019 0.06129999831318855 0.0794529989361763
1 0.43067601323127747 0.03758502006530762 0.0630280002951622 0.07516899704933167
0 0.13151100277900696 0.7696340084075928 0.07998599857091904 0.10238199681043625
0 0.05469699949026108 0.8429830074310303 0.10939399898052216 0.10025099664926529
1 0.7296580076217651 0.23448801040649414 0.043768998235464096 0.06301800161600113
0 0.07118300348520279 0.8425899744033813 0.0783810019493103 0.09700600057840347
1 0.8740689754486084 0.12447702884674072 0.05008000135421753 0.060430001467466354
1 0.7814540266990662 0.25741302967071533 0.05390400066971779 0.06675100326538086
1 0.20698100328445435 0.023275017738342285 0.05709899961948395 0.04570100083947182
1 0.36583900451660156 0.028460025787353516 0.06213400140404701 0.05692100152373314
1 0.7914329767227173 0.14073097705841064 0.049049001187086105 0.07457300275564194
1 0.7373960018157959 0.022732973098754883 0.06620199978351593 0.04546700045466423
1 0.26412099599838257 0.05314600467681885 0.05507899820804596 0.0858670026063919
1 0.9301490187644958 0.1209459900856018 0.06352200359106064 0.08188600093126297
1 0.8254330158233643 0.12057900428771973 0.044840000569820404 0.06884399801492691
1 0.6621019840240479 0.0206109881401062 0.05907300114631653 0.039556000381708145
1 0.566690981388092 0.04910600185394287 0.04018599912524223 0.062352001667022705
0 0.980771005153656 0.9458590149879456 0.0384569987654686 0.07209400087594986
1 0.2619690001010895 0.1787620186805725 0.05106699839234352 0.07254400104284286
1 0.5611069798469543 0.15051597356796265 0.04901700094342232 0.07242000102996826
1 0.23413999378681183 0.09038102626800537 0.057509999722242355 0.06967800110578537
0 0.9666939973831177 0.9442049860954285 0.06661300361156464 0.07291200011968613
1 0.6925550103187561 0.19101202487945557 0.050558000802993774 0.08032000064849854
0 0.98785001039505 0.946029007434845 0.024299999698996544 0.07263600081205368
0 0.23357699811458588 0.9317269921302795 0.050714001059532166 0.07999499887228012
1 0.5522639751434326 0.0138319730758667 0.05150999873876572 0.02332100085914135
1 0.3802909851074219 0.08343899250030518 0.051819998770952225 0.056859999895095825
0 0.24082599580287933 0.8232929706573486 0.039326999336481094 0.059328000992536545
