2 0.5829910039901733 0.19604700803756714 0.08385899662971497 0.11359299719333649
2 0.4050639867782593 0.30633997917175293 0.07418199628591537 0.10907799750566483
2 0.8054879903793335 0.6614919900894165 0.07822299748659134 0.12276399880647659
2 0.8644239902496338 0.7564619779586792 0.08660300076007843 0.11525499820709229
2 0.5862900018692017 0.548704981803894 0.08324799686670303 0.11298500001430511
2 0.45398199558258057 0.49371200799942017 0.08424799889326096 0.12748399376869202
2 0.6671910285949707 0.8777570128440857 0.0822950005531311 0.1272830069065094
2 0.8404080271720886 0.9381319880485535 0.08627799898386002 0.12373699992895126
2 0.813884973526001 0.5486800074577332 0.07778199762105942 0.09354099631309509
2 0.8689500093460083 0.6425620317459106 0.07259400188922882 0.10508500039577484
2 0.10406000167131424 0.4334999918937683 0.08600299805402756 0.11921799927949905
2 0.32016199827194214 0.12305200099945068 0.05836600065231323 0.09602800011634827
1 0.24679699540138245 0.8695859909057617 0.10144499689340591 0.12756699323654175
1 0.3518179953098297 0.9583039879798889 0.06652999669313431 0.07712099701166153
1 0.06936100125312805 0.6125370264053345 0.05620000138878822 0.10905999690294266
2 0.5106599926948547 0.583920955657959 0.08265399932861328 0.11276400089263916
1 0.39287498593330383 0.845412015914917 0.06655699759721756 0.12391400337219238
2 0.2448440045118332 0.07093602418899536 0.06888700276613235 0.08984000235795975
1 0.3096340000629425 0.5917719602584839 0.09693100303411484 0.122919000685215
2 0.5696939826011658 0.7092069983482361 0.08018500357866287 0.12092600017786026
2 0.2536340057849884 0.4010379910469055 0.10194599628448486 0.13747400045394897
1 0.3279309868812561 0.8526040315628052 0.07693800330162048 0.1280589997768402
2 0.5151709914207458 0.4272090196609497 0.06793099641799927 0.10509099811315536
2 0.48148900270462036 0.8199800252914429 0.11221200227737427 0.13944299519062042
2 0.6249650120735168 0.7277269959449768 0.0676949992775917 0.1250009983778
1 0.023597000166773796 0.5647090077400208 0.04719400033354759 0.12487299740314484
1 0.37502598762512207 0.5358899831771851 0.07613000273704529 0.11709800362586975
1 0.348922997713089 0.40851497650146484 0.09914100170135498 0.1241530030965805
1 0.17298300564289093 0.8480669856071472 0.07879900187253952 0.12516100704669952
1 0.2566309869289398 0.5950430035591125 0.09255500137805939 0.12564000487327576
1 0.08835600316524506 0.5031070113182068 0.06439899653196335 0.060440000146627426
1 0.18664799630641937 0.4489870071411133 0.07113999873399734 0.10897299647331238
1 0.22070300579071045 0.23103100061416626 0.06472499668598175 0.08823800086975098
2 0.7352589964866638 0.4701020121574402 0.05889499932527542 0.08987999707460403
1 0.47997400164604187 0.8170520067214966 0.11288800090551376 0.13288700580596924
1 0.10397499799728394 0.43206101655960083 0.0854249969124794 0.11654900014400482
2 0.9032449722290039 0.8568469882011414 0.08379600197076797 0.10981199890375137
2 0.37785598635673523 0.5348869562149048 0.07763800024986267 0.12218800187110901
1 0.5108240246772766 0.6733909845352173 0.06457000225782394 0.09392599761486053
1 0.24359700083732605 0.9520480036735535 0.07879800349473953 0.06905700266361237
2 0.2866080105304718 0.23783999681472778 0.05921899899840355 0.07975000143051147
1 0.015704000368714333 0.30388200283050537 0.03140899911522865 0.12008599936962128
1 0.2800010144710541 0.5933719873428345 0.15144799649715424 0.13210900127887726
1 0.1758980005979538 0.645766019821167 0.079694002866745 0.13612100481987
1 0.35860198736190796 0.41621601581573486 0.07606600224971771 0.11782199889421463
1 0.690841019153595 0.9676120281219482 0.07464899867773056 0.06477600336074829
1 0.2608009874820709 0.16161102056503296 0.0616299994289875 0.07181199640035629
1 0.44456300139427185 0.6111209988594055 0.07424099743366241 0.09840799868106842
2 0.6001589894294739 0.9600909948348999 0.08000899851322174 0.0798180028796196
1 0.3962329924106598 0.7277020215988159 0.0814329981803894 0.10528700053691864
1 0.02515999972820282 0.12021201848983765 0.04985800012946129 0.13952699303627014
1 0.02002600021660328 0.9340299963951111 0.039329998195171356 0.056334998458623886
1 0.08183799684047699 0.14205801486968994 0.13017700612545013 0.19784699380397797
2 0.44695401191711426 0.6096680164337158 0.07621400058269501 0.09907499700784683
1 0.08838800340890884 0.02276402711868286 0.06703700125217438 0.044557999819517136
1 0.18822699785232544 0.6614480018615723 0.09581200033426285 0.13845999538898468
1 0.314316987991333 0.7001240253448486 0.08861099928617477 0.10136400163173676
2 0.3510879874229431 0.4146580100059509 0.08776599913835526 0.12491299957036972
2 0.28400200605392456 0.02554798126220703 0.05811600014567375 0.050360001623630524
1 0.19522400200366974 0.6762819886207581 0.0897739976644516 0.11670300364494324
