0 0.5012770295143127 0.33035701513290405 0.08628299832344055 0.10783299803733826
0 0.6479129791259766 0.36402201652526855 0.07496699690818787 0.10200800001621246
0 0.40411001443862915 0.4495009779930115 0.07148399949073792 0.10107599943876266
0 0.6667969822883606 0.5538389682769775 0.07418599724769592 0.10035199671983719
0 0.2050890028476715 0.42955899238586426 0.06907100230455399 0.09475299715995789
0 0.2944439947605133 0.39785099029541016 0.07321999967098236 0.09711900353431702
0 0.6076229810714722 0.2109839916229248 0.07932300120592117 0.10958199948072433
0 0.5319539904594421 0.22490400075912476 0.08243999630212784 0.1163330003619194
0 0.7074440121650696 0.9606279730796814 0.07582999765872955 0.07678399980068207
0 0.8136969804763794 0.5072829723358154 0.07330100238323212 0.09174499660730362
0 0.04932300001382828 0.9127050042152405 0.06345000118017197 0.07266200333833694
0 0.09871099889278412 0.6928380131721497 0.058984000235795975 0.07458899915218353
0 0.7966840267181396 0.4293910264968872 0.06146800145506859 0.08410300314426422
0 0.7329450249671936 0.9064800143241882 0.06517399847507477 0.0883290022611618
0 0.3093009889125824 0.5708190202713013 0.06638800352811813 0.08991499990224838
0 0.6672800183296204 0.8957040309906006 0.06883099675178528 0.08785399794578552
0 0.7500010132789612 0.45210498571395874 0.05840799957513809 0.08583399653434753
0 0.47511500120162964 0.5412020087242126 0.06299199908971786 0.10219500213861465
0 0.6020609736442566 0.46939700841903687 0.07159700244665146 0.10241000354290009
0 0.5992739796638489 0.0957689881324768 0.05116000026464462 0.07161299884319305
2 0.8194900155067444 0.1482599973678589 0.07098899781703949 0.09048900008201599
0 0.4172210097312927 0.47506600618362427 0.0662349984049797 0.0819690003991127
1 0.819657027721405 0.24163997173309326 0.06734099984169006 0.08823399990797043
2 0.015021000057458878 0.03325498104095459 0.028436999768018723 0.06651099771261215
0 0.012028000317513943 0.9005199670791626 0.024056000635027885 0.06120999902486801
1 0.8676829934120178 0.3274949789047241 0.06776899844408035 0.08805900067090988
0 0.2505680024623871 0.9850410223007202 0.05303100124001503 0.02886199951171875
2 0.774848997592926 0.04922199249267578 0.09284800291061401 0.09788999706506729
1 0.5769709944725037 0.025030016899108887 0.1011200025677681 0.04946500062942505
