2 0.5568169951438904 0.14053702354431152 0.0699089989066124 0.09405799955129623
1 0.08132799714803696 0.14412200450897217 0.09491000324487686 0.11890900135040283
1 0.6216539740562439 0.07035201787948608 0.0773250013589859 0.1105320006608963
0 0.8854479789733887 0.8373180031776428 0.07245499640703201 0.09532900154590607
1 0.23763500154018402 0.06109398603439331 0.09836900234222412 0.10947299748659134
1 0.7990270256996155 0.02326500415802002 0.09349899739027023 0.045827001333236694
1 0.19890199601650238 0.030875027179718018 0.08870899677276611 0.058720000088214874
2 0.05702099949121475 0.7312660217285156 0.06571599841117859 0.09392199665307999
2 0.08291299641132355 0.14236599206924438 0.09357400238513947 0.11481799930334091
0 0.21398000419139862 0.9695789813995361 0.05360100045800209 0.06084100157022476
1 0.6215940117835999 0.01594597101211548 0.09104900062084198 0.029664000496268272
