0 0.28071799874305725 0.28790998458862305 0.08351299911737442 0.116177998483181
0 0.4267599880695343 0.20178502798080444 0.09774699807167053 0.12168700248003006
0 0.36917901039123535 0.3437790274620056 0.07564300298690796 0.11020799726247787
0 0.09950199723243713 0.7764480113983154 0.0701960027217865 0.09373299777507782
0 0.20539599657058716 0.35496997833251953 0.09177500009536743 0.11342699825763702
0 0.14141200482845306 0.319612979888916 0.058104000985622406 0.09426499903202057
0 0.14280299842357635 0.7192620038986206 0.055697001516819 0.08420900255441666
0 0.15134400129318237 0.8746709823608398 0.0571260005235672 0.09465599805116653
0 0.28512799739837646 0.371025025844574 0.06724400073289871 0.06606899946928024
0 0.18255700170993805 0.255046010017395 0.052487000823020935 0.07901699841022491
0 0.37061598896980286 0.5067020058631897 0.10413700342178345 0.13448099792003632
0 0.15767499804496765 0.9752669930458069 0.07265999913215637 0.04946599900722504
1 0.8986889719963074 0.25616997480392456 0.05994100123643875 0.07754000276327133
0 0.381074994802475 0.5987499952316284 0.07229100167751312 0.06986399739980698
0 0.9397919774055481 0.977853000164032 0.0985729992389679 0.043216001242399216
0 0.3862619996070862 0.5121170282363892 0.07165700197219849 0.12517499923706055
