2 0.565621018409729 0.2706969976425171 0.1009640023112297 0.13603900372982025
2 0.44704100489616394 0.5202499628067017 0.09735599905252457 0.14226900041103363
2 0.6415200233459473 0.48587197065353394 0.09832599759101868 0.11795999854803085
2 0.7269319891929626 0.3913710117340088 0.09466099739074707 0.1369449943304062
2 0.5112640261650085 0.8824819922447205 0.09748899936676025 0.13692200183868408
2 0.2769399881362915 0.4938579797744751 0.09809599816799164 0.14757099747657776
2 0.6984850168228149 0.9279559850692749 0.09247799962759018 0.11663100123405457
2 0.34310299158096313 0.8042500019073486 0.09863799810409546 0.11019600182771683
2 0.5596989989280701 0.07943201065063477 0.09324800223112106 0.1321530044078827
2 0.6305400133132935 0.5950720310211182 0.0825439989566803 0.1134679988026619
2 0.4563019871711731 0.4195430278778076 0.0742579996585846 0.08024699985980988
2 0.2964229881763458 0.5941480398178101 0.06231899932026863 0.086776003241539
2 0.7035620212554932 0.6583850383758545 0.09248299896717072 0.13956600427627563
2 0.3331789970397949 0.8799949884414673 0.09855200350284576 0.10073500126600266
2 0.9728419780731201 0.17288899421691895 0.05183799937367439 0.13892599940299988
2 0.22978399693965912 0.5237419605255127 0.049084000289440155 0.09503000229597092
2 0.6024559736251831 0.01796698570251465 0.0932300016283989 0.033181000500917435
