0 0.854341983795166 0.6184279918670654 0.05929100140929222 0.06931900233030319
0 0.8843200206756592 0.6701500415802002 0.05922799929976463 0.07292000204324722
0 0.784076988697052 0.5558260083198547 0.06066099926829338 0.0709960013628006
0 0.7678509950637817 0.6157130002975464 0.059967998415231705 0.07717200368642807
0 0.5439710021018982 0.5771409869194031 0.06864900141954422 0.08764199912548065
0 0.2601499855518341 0.49208301305770874 0.06744799762964249 0.08096200227737427
0 0.7761610150337219 0.682889997959137 0.058205001056194305 0.06934600323438644
1 0.23544199764728546 0.40270400047302246 0.06412500143051147 0.0829399973154068
1 0.3776969909667969 0.3617100119590759 0.054864998906850815 0.07117100059986115
0 0.9481220245361328 0.5565630197525024 0.05913100019097328 0.07632400095462799
0 0.22303299605846405 0.19850701093673706 0.05715100094676018 0.06325600296258926
1 0.4177420139312744 0.5386059880256653 0.06727100163698196 0.08276300132274628
1 0.019847000017762184 0.46555501222610474 0.03922000154852867 0.07772699743509293
1 0.2596980035305023 0.4938799738883972 0.0680449977517128 0.08164499700069427
0 0.22205199301242828 0.1324869990348816 0.058646999299526215 0.0747390016913414
0 0.36873599886894226 0.19743400812149048 0.06620900332927704 0.08117099851369858
1 0.22327299416065216 0.20034897327423096 0.05656500160694122 0.0625159963965416
