0 0.3590550124645233 0.25708502531051636 0.104482002556324 0.12936000525951385
0 0.20300300419330597 0.34084999561309814 0.08665899932384491 0.1158600002527237
0 0.291471004486084 0.4010400176048279 0.07953199744224548 0.10517899692058563
0 0.11916299909353256 0.40986698865890503 0.09976600110530853 0.12634600698947906
0 0.10179600119590759 0.30518102645874023 0.0591449998319149 0.07615000009536743
0 0.01943100057542324 0.8504959940910339 0.03800399973988533 0.09859400242567062
0 0.04774799942970276 0.788424015045166 0.05956500023603439 0.09099400043487549
0 0.2064090073108673 0.4354040026664734 0.06326500326395035 0.07096400111913681
0 0.053307998925447464 0.947068989276886 0.059734001755714417 0.09863899648189545
0 0.05908000096678734 0.36664700508117676 0.05398000031709671 0.087397001683712
0 0.29945099353790283 0.5686960220336914 0.0997219979763031 0.14209699630737305
0 0.4573870003223419 0.25898200273513794 0.07707499712705612 0.11357899755239487
0 0.3442470133304596 0.12358498573303223 0.05860099941492081 0.10305199772119522
0 0.8370810151100159 0.340241014957428 0.05937600135803223 0.07713700085878372
1 0.8372099995613098 0.34162700176239014 0.05819699913263321 0.0783659964799881
0 0.31071799993515015 0.5758830308914185 0.0753839984536171 0.12864500284194946
0 0.12229499965906143 0.45663100481033325 0.05344099923968315 0.057027000933885574
