0 0.15228299796581268 0.41384202241897583 0.05505799874663353 0.0620339997112751
0 0.824288010597229 0.43394601345062256 0.06337899714708328 0.08096999675035477
0 0.09414800256490707 0.6945059895515442 0.05884699895977974 0.07457800209522247
0 0.8900579810142517 0.18071001768112183 0.05544300004839897 0.07396800071001053
0 0.6299939751625061 0.5324119925498962 0.061549000442028046 0.07754400372505188
0 0.970766007900238 0.9088069796562195 0.05375999957323074 0.06449200212955475
0 0.9145810008049011 0.9452400207519531 0.05851700156927109 0.06946899741888046
0 0.9141119718551636 0.048834025859832764 0.06062699854373932 0.07675299793481827
0 0.4531170129776001 0.7472760081291199 0.047130998224020004 0.055691998451948166
0 0.964368999004364 0.3357740044593811 0.057693999260663986 0.0766960009932518
0 0.13556699454784393 0.3486970067024231 0.05309399962425232 0.0682779997587204
0 0.880607008934021 0.2585909962654114 0.0638279989361763 0.08050300180912018
0 0.9271699786186218 0.22984999418258667 0.04911300167441368 0.07670699805021286
0 0.9496070146560669 0.2799299955368042 0.05519900098443031 0.061691999435424805
0 0.21894699335098267 0.48917001485824585 0.050932999700307846 0.06539200246334076
0 0.7367140054702759 0.027424991130828857 0.05437000095844269 0.05485000088810921
0 0.3377020061016083 0.48224902153015137 0.05508600175380707 0.07208800315856934
0 0.4460659921169281 0.693498969078064 0.05059799924492836 0.0629189983010292
0 0.4034059941768646 0.6841720342636108 0.04541200026869774 0.06632699817419052
0 0.9701589941978455 0.8495340347290039 0.05406700074672699 0.07123900204896927
0 0.24065999686717987 0.9810289740562439 0.06480299681425095 0.03728700056672096
0 0.27116599678993225 0.5991269946098328 0.042768001556396484 0.06272199749946594
0 0.3133229911327362 0.5748969912528992 0.05387699976563454 0.06515199691057205
0 0.9539139866828918 0.07153397798538208 0.0484590008854866 0.07272099703550339
0 0.8110759854316711 0.08693802356719971 0.05705000087618828 0.08378200232982635
0 0.9137060046195984 0.34958797693252563 0.056807998567819595 0.07457300275564194
0 0.8112469911575317 0.26411402225494385 0.04954500123858452 0.0774260014295578
0 0.8612310290336609 0.12064999341964722 0.04927999898791313 0.06512299925088882
0 0.986329972743988 0.03957200050354004 0.027340000495314598 0.07914499938488007
0 0.7893279790878296 0.7878479957580566 0.037602998316287994 0.0575219988822937
0 0.7664780020713806 0.17760199308395386 0.043852001428604126 0.06168400123715401
0 0.8165860176086426 0.07732999324798584 0.06186499819159508 0.0933850035071373
0 0.7887639999389648 0.014991998672485352 0.05727500095963478 0.029683999717235565
0 0.18567100167274475 0.9824420213699341 0.05525499954819679 0.035092998296022415
0 0.8240050077438354 0.07011198997497559 0.05282599851489067 0.087398000061512
0 0.7954970002174377 0.14386600255966187 0.04261799901723862 0.05548800155520439
