2 0.5730990171432495 0.27574801445007324 0.12367299944162369 0.1549679934978485
2 0.6934859752655029 0.12863200902938843 0.1252399981021881 0.16469399631023407
2 0.42834100127220154 0.7260209918022156 0.15805700421333313 0.18842999637126923
2 0.5671859979629517 0.15101802349090576 0.12060900032520294 0.13114500045776367
2 0.5394350290298462 0.4281250238418579 0.12227900326251984 0.1358640044927597
2 0.4751180112361908 0.282397985458374 0.11722800135612488 0.1580680012702942
2 0.3955030143260956 0.37283802032470703 0.11142999678850174 0.14909300208091736
2 0.7408459782600403 0.6663830280303955 0.11515399813652039 0.14376500248908997
2 0.42592599987983704 0.907709002494812 0.16675099730491638 0.18458199501037598
2 0.626600980758667 0.041197001934051514 0.12298399955034256 0.08239500224590302
2 0.34185799956321716 0.47586601972579956 0.12335500121116638 0.15137100219726562
2 0.5352839827537537 0.8630009889602661 0.10413499921560287 0.16944999992847443
2 0.7185289859771729 0.8390849828720093 0.13024400174617767 0.16672900319099426
2 0.8025209903717041 0.9469850063323975 0.10448399931192398 0.10127300024032593
2 0.6368439793586731 0.3337879776954651 0.07731600105762482 0.1304679960012436
2 0.5213350057601929 0.014518022537231445 0.11097899824380875 0.02903600037097931
