2 0.23934899270534515 0.4211859703063965 0.08080100268125534 0.0938740000128746
2 0.19388900697231293 0.5856980085372925 0.100941002368927 0.12945899367332458
1 0.3496220111846924 0.697284996509552 0.09021499752998352 0.12088499963283539
1 0.12344100326299667 0.9422720074653625 0.10636799782514572 0.10757900029420853
1 0.34871000051498413 0.933364987373352 0.08154900372028351 0.11623399704694748
0 0.9718419909477234 0.8676409721374512 0.049198001623153687 0.06858900189399719
1 0.3111500144004822 0.5548210144042969 0.08099900186061859 0.1106560006737709
1 0.26866400241851807 0.8138300180435181 0.05668799951672554 0.0749019980430603
2 0.3112280070781708 0.553333044052124 0.08042699843645096 0.11216799914836884
0 0.9324589967727661 0.7677879929542542 0.0694890022277832 0.08339899778366089
1 0.25651100277900696 0.9567819833755493 0.06651400029659271 0.0828230008482933
1 0.22621800005435944 0.739861011505127 0.09924499690532684 0.13318200409412384
1 0.22109700739383698 0.8596960306167603 0.06721899658441544 0.08944500237703323
1 0.13910500705242157 0.7953479886054993 0.10346599668264389 0.14953599870204926
1 0.28143998980522156 0.7368080019950867 0.05993200093507767 0.11467500030994415
