2 0.25028300285339355 0.6590819954872131 0.05759799852967262 0.078404001891613
2 0.2063169926404953 0.686663031578064 0.06544599682092667 0.08296599984169006
2 0.1863420009613037 0.9125400185585022 0.07158199697732925 0.08950400352478027
2 0.04978799819946289 0.6877759695053101 0.0675090029835701 0.08823899924755096
2 0.6708639860153198 0.7329100370407104 0.05238400027155876 0.06655000150203705
2 0.33645498752593994 0.8904399871826172 0.05636800080537796 0.07702499628067017
1 0.30140000581741333 0.11317098140716553 0.06501699984073639 0.07730399817228317
2 0.15203000605106354 0.7376520037651062 0.05888399854302406 0.07985500246286392
2 0.1163560003042221 0.7880129814147949 0.06598199903964996 0.08407499641180038
1 0.757498025894165 0.33026599884033203 0.05129700154066086 0.0689769983291626
2 0.45013201236724854 0.9135519862174988 0.0570949986577034 0.0772399976849556
2 0.9307209849357605 0.060783982276916504 0.13855800032615662 0.12156900018453598
2 0.7313209772109985 0.06876301765441895 0.10859400033950806 0.10822500288486481
2 0.7557070255279541 0.06918501853942871 0.14701899886131287 0.11719299852848053
0 0.9809690117835999 0.5380250215530396 0.028564000502228737 0.03576499968767166
1 0.7858819961547852 0.32958197593688965 0.05673599988222122 0.08325400203466415
1 0.9802970290184021 0.4506629705429077 0.0374940000474453 0.09178800135850906
0 0.948294997215271 0.6382429599761963 0.02921999990940094 0.0360959991812706
2 0.570015013217926 0.11527597904205322 0.04669300094246864 0.04124300181865692
1 0.23376700282096863 0.8215810060501099 0.06563399732112885 0.08509799838066101
2 0.18240299820899963 0.846032977104187 0.055378999561071396 0.05898699909448624
2 0.26409199833869934 0.8867859840393066 0.06297799944877625 0.08475799858570099
1 0.2632319927215576 0.8872519731521606 0.064301997423172 0.08597800135612488
2 0.7758259773254395 0.0628809928894043 0.15303200483322144 0.12266399711370468
2 0.23492200672626495 0.8209899663925171 0.060478001832962036 0.08382800221443176
