0 0.6196039915084839 0.39927101135253906 0.13265900313854218 0.17018799483776093
0 0.5759119987487793 0.5991489887237549 0.13660100102424622 0.17828699946403503
0 0.07705000042915344 0.08543598651885986 0.09734199941158295 0.12493400275707245
0 0.589326024055481 0.2720180153846741 0.12495999783277512 0.15092900395393372
0 0.30359598994255066 0.09931200742721558 0.0776979997754097 0.10644800215959549
0 0.30387601256370544 0.3851240277290344 0.10371100157499313 0.13503199815750122
0 0.027448000386357307 0.19384002685546875 0.05489499866962433 0.13503099977970123
0 0.2762260138988495 0.6021620035171509 0.0825750008225441 0.11347600072622299
0 0.7131140232086182 0.047164976596832275 0.13758499920368195 0.09432999789714813
0 0.24724799394607544 0.21988898515701294 0.08462599664926529 0.10650300234556198
0 0.33087000250816345 0.9682819843292236 0.1122480034828186 0.06343699991703033
0 0.6705830097198486 0.5097819566726685 0.11278600245714188 0.1274310052394867
0 0.7718150019645691 0.8115040063858032 0.10953299701213837 0.14475399255752563
0 0.6825090050697327 0.49177902936935425 0.12085799872875214 0.15176600217819214
0 0.6534479856491089 0.5150929689407349 0.07134400308132172 0.11557299643754959
0 0.9411320090293884 0.8062260150909424 0.11077199876308441 0.2081660032272339
0 0.3403410017490387 0.02033299207687378 0.07300499826669693 0.03991200029850006
0 0.745764970779419 0.9218090176582336 0.09238199889659882 0.1389790028333664
0 0.7018049955368042 0.48835498094558716 0.07468000054359436 0.1471329927444458
