0 0.41449999809265137 0.15764498710632324 0.040883999317884445 0.05399800091981888
0 0.461216002702713 0.2664399743080139 0.04710499942302704 0.05751299858093262
2 0.73260098695755 0.8714889883995056 0.07726900279521942 0.10946299880743027
0 0.4901849925518036 0.3301270008087158 0.03943699970841408 0.05394899845123291
0 0.41227900981903076 0.48234498500823975 0.04147399961948395 0.05950700119137764
0 0.45385000109672546 0.1667100191116333 0.041825998574495316 0.05690800026059151
0 0.33873599767684937 0.5272870063781738 0.037925999611616135 0.054646000266075134
0 0.9720619916915894 0.9172149896621704 0.05339699983596802 0.09691300243139267
2 0.8855940103530884 0.7925460338592529 0.10697700083255768 0.12688800692558289
0 0.8621199727058411 0.2958899736404419 0.05624400079250336 0.06999500095844269
0 0.013491000048816204 0.7907389998435974 0.026983000338077545 0.05643799901008606
0 0.014560000039637089 0.5508530139923096 0.029120000079274178 0.0684560015797615
0 0.3610140085220337 0.2972880005836487 0.035471998155117035 0.05081799998879433
1 0.8616859912872314 0.2958409786224365 0.055691998451948166 0.06856299936771393
0 0.24216000735759735 0.2125149965286255 0.03875499963760376 0.05398600175976753
1 0.8035690188407898 0.919901967048645 0.08799000084400177 0.11268500238656998
