0 0.5717570185661316 0.7368630170822144 0.06756900250911713 0.09745199978351593
0 0.9225919842720032 0.529242992401123 0.07982899993658066 0.10886599868535995
0 0.34786200523376465 0.22309798002243042 0.08464500308036804 0.10118699818849564
0 0.8392930030822754 0.5291340351104736 0.08809299767017365 0.11420399695634842
0 0.3895919919013977 0.14253097772598267 0.07353100180625916 0.1003279983997345
0 0.5394440293312073 0.5519809722900391 0.0800819993019104 0.10745099931955338
0 0.82498699426651 0.6275739669799805 0.07861500233411789 0.0976720005273819
0 0.3803899884223938 0.3696249723434448 0.0869700014591217 0.11076000332832336
0 0.10705599933862686 0.6497440338134766 0.06620199978351593 0.08476600050926208
0 0.6364859938621521 0.7545759677886963 0.07592300325632095 0.10033900290727615
0 0.7923780083656311 0.7252069711685181 0.07897700369358063 0.10621800273656845
0 0.06244799867272377 0.4459099769592285 0.06778199970722198 0.08942800015211105
0 0.7307419776916504 0.5935139656066895 0.08669299632310867 0.10602600127458572
0 0.5353689789772034 0.6479460000991821 0.06808199733495712 0.09045799821615219
0 0.1969120055437088 0.4951450228691101 0.0634400025010109 0.07782699912786484
0 0.385886013507843 0.7033039927482605 0.07079699635505676 0.09272100031375885
0 0.3096889853477478 0.4494979977607727 0.07674100250005722 0.10270199924707413
0 0.09291599690914154 0.5656859874725342 0.08545699715614319 0.09837199747562408
0 0.47648000717163086 0.6768419742584229 0.06988599896430969 0.10123100131750107
0 0.6111570000648499 0.4706190228462219 0.06389100104570389 0.10365799814462662
0 0.7280740141868591 0.9560999870300293 0.06918899714946747 0.08328700065612793
0 0.7374799847602844 0.5077610015869141 0.08835399895906448 0.0892840027809143
0 0.42235100269317627 0.6353659629821777 0.06026899814605713 0.08413399755954742
0 0.788968026638031 0.4538000226020813 0.08400200307369232 0.1090259999036789
0 0.11717599630355835 0.3417930006980896 0.05295100063085556 0.07108999788761139
0 0.9706010222434998 0.7325350046157837 0.053408000618219376 0.09646099805831909
0 0.3136790096759796 0.5802220106124878 0.057433001697063446 0.08191400021314621
0 0.019464999437332153 0.9510040283203125 0.03739999979734421 0.08813799917697906
0 0.20635199546813965 0.6128189563751221 0.08612100034952164 0.08950299769639969
0 0.27354300022125244 0.6300790309906006 0.057034000754356384 0.08673799782991409
0 0.6402509808540344 0.5334739685058594 0.05567000061273575 0.08689799904823303
0 0.672061026096344 0.932502031326294 0.06007000058889389 0.09320499747991562
0 0.6543939709663391 0.18282902240753174 0.05420299991965294 0.0737759992480278
0 0.14985999464988708 0.42266201972961426 0.05353900045156479 0.07273399829864502
0 0.14628499746322632 0.4986569881439209 0.049821000546216965 0.08177799731492996
0 0.19491299986839294 0.4276580214500427 0.05367400124669075 0.07250399887561798
0 0.2560169994831085 0.4682369828224182 0.04760799929499626 0.08289399743080139
0 0.1932860016822815 0.3212980031967163 0.04987499862909317 0.06978999823331833
0 0.33514198660850525 0.717162013053894 0.04704499989748001 0.08239299803972244
0 0.44790399074554443 0.5584250092506409 0.05458100140094757 0.07894399762153625
0 0.023026999086141586 0.9689090251922607 0.043935999274253845 0.062182001769542694
0 0.30166101455688477 0.4028409719467163 0.06645099818706512 0.08033700287342072
0 0.6933259963989258 0.8509930372238159 0.08628100156784058 0.11513199657201767
0 0.11671599745750427 0.8710669875144958 0.05659399926662445 0.06649000197649002
0 0.3733389973640442 0.54625403881073 0.058341000229120255 0.10915099829435349
