0 0.458283007144928 0.20196300745010376 0.09290099889039993 0.11296900361776352
0 0.2567960023880005 0.7124149799346924 0.07033699750900269 0.09383600205183029
0 0.6094030141830444 0.10525202751159668 0.09925299882888794 0.12567299604415894
0 0.3106819987297058 0.8089630007743835 0.05846000090241432 0.09842299669981003
0 0.3166069984436035 0.9369829893112183 0.07893600314855576 0.10468000173568726
0 0.3773350119590759 0.2666280269622803 0.09249799698591232 0.11928000301122665
0 0.529915988445282 0.27002400159835815 0.07556000351905823 0.09726999700069427
0 0.3021880090236664 0.6544139981269836 0.05762000009417534 0.0864500030875206
0 0.29586300253868103 0.2585499882698059 0.06005899980664253 0.09855999797582626
0 0.5709030032157898 0.4192579984664917 0.06906700134277344 0.13039200007915497
0 0.3325690031051636 0.19120901823043823 0.04900500178337097 0.07049799710512161
0 0.6364269852638245 0.21662402153015137 0.08268799632787704 0.10056699812412262
0 0.4438270032405853 0.2938460111618042 0.06813900172710419 0.07560499757528305
0 0.3908039927482605 0.9865750074386597 0.0720290020108223 0.025616999715566635
