2 0.8120189905166626 0.43556302785873413 0.08472300320863724 0.12271399796009064
2 0.8256940245628357 0.9278489947319031 0.09769099950790405 0.13476400077342987
2 0.7228760123252869 0.5276739597320557 0.10172499716281891 0.1340000033378601
2 0.6767160296440125 0.8213739991188049 0.1055779978632927 0.14144200086593628
2 0.7240710258483887 0.26526397466659546 0.09373699873685837 0.1310330033302307
2 0.6534770131111145 0.6027989983558655 0.08590800315141678 0.12466900050640106
2 0.3117400109767914 0.26326799392700195 0.09296000003814697 0.13713599741458893
2 0.11005999892950058 0.14841300249099731 0.10975100100040436 0.1556839942932129
2 0.8601369857788086 0.342244029045105 0.07382799685001373 0.10943599790334702
2 0.5529749989509583 0.943120002746582 0.09545499831438065 0.11004699766635895
2 0.7965689897537231 0.307669997215271 0.07863199710845947 0.09166499972343445
2 0.1619900017976761 0.4081900119781494 0.0907759964466095 0.11813899874687195
2 0.32424598932266235 0.9562439918518066 0.0901229977607727 0.08751100301742554
2 0.4021129906177521 0.2549690008163452 0.1186780035495758 0.14714699983596802
1 0.7369539737701416 0.9746159911155701 0.10700199753046036 0.04735700041055679
