2 0.772799015045166 0.8037129640579224 0.09718800336122513 0.12501899898052216
2 0.6720929741859436 0.823261022567749 0.09875699877738953 0.1302579939365387
2 0.64103102684021 0.6476989984512329 0.09571000188589096 0.13325199484825134
2 0.7240309715270996 0.7048130035400391 0.10469000041484833 0.13389399647712708
2 0.5553290247917175 0.6282689571380615 0.07597199827432632 0.11354800313711166
2 0.6003450155258179 0.9253649711608887 0.09183000028133392 0.12940600514411926
2 0.6867660284042358 0.9334030151367188 0.11823499947786331 0.12848599255084991
2 0.5309240221977234 0.9620159864425659 0.093129001557827 0.07541300356388092
2 0.6529139876365662 0.3900219798088074 0.0872969999909401 0.09506499767303467
2 0.7589539885520935 0.6500810384750366 0.057583998888731 0.13718199729919434
2 0.5087630152702332 0.9611920118331909 0.12298999726772308 0.07761500030755997
2 0.498881995677948 0.9754700064659119 0.11824599653482437 0.04703199863433838
