2 0.34325700998306274 0.5604619979858398 0.07947400212287903 0.10615699738264084
2 0.9445809721946716 0.656952977180481 0.07672999799251556 0.10424400120973587
2 0.5315880179405212 0.18688297271728516 0.075033999979496 0.10533499717712402
2 0.3153659999370575 0.715211033821106 0.06860200315713882 0.10439799726009369
2 0.2377990037202835 0.23970597982406616 0.06966199725866318 0.09874700009822845
2 0.4753729999065399 0.532260000705719 0.06786999851465225 0.08821400254964828
2 0.1379700005054474 0.27731597423553467 0.07104799896478653 0.08575300127267838
2 0.4606510102748871 0.42852097749710083 0.11430100351572037 0.11574199795722961
2 0.589044988155365 0.46831101179122925 0.0757870003581047 0.09477599710226059
2 0.8289350271224976 0.6370140314102173 0.09242799878120422 0.13242900371551514
2 0.14264699816703796 0.3722379803657532 0.06514699757099152 0.09515400230884552
2 0.30410999059677124 0.9560989737510681 0.0667089968919754 0.0878010019659996
2 0.18705600500106812 0.17636698484420776 0.07553499937057495 0.11342500150203705
2 0.5247679948806763 0.8233129978179932 0.08072400093078613 0.11210999637842178
2 0.968442976474762 0.9106540083885193 0.06120799854397774 0.10751400142908096
2 0.14994099736213684 0.10353797674179077 0.06623800098896027 0.09640400111675262
2 0.9776740074157715 0.3737249970436096 0.043613001704216 0.10203900188207626
2 0.6016259789466858 0.6738250255584717 0.07208000123500824 0.10608699917793274
2 0.3752419948577881 0.670527994632721 0.0745140016078949 0.09993600100278854
2 0.798583984375 0.8670859932899475 0.08320699632167816 0.11310800164937973
2 0.8632789850234985 0.7942389845848083 0.08288899809122086 0.13155999779701233
2 0.08100699633359909 0.1906139850616455 0.06307200342416763 0.09109000116586685
2 0.9210820198059082 0.9520959854125977 0.11787699908018112 0.0958079993724823
2 0.015869999304413795 0.145641028881073 0.03174100071191788 0.0852539986371994
2 0.4605329930782318 0.19169700145721436 0.057666998356580734 0.0746230036020279
2 0.045426998287439346 0.09320300817489624 0.0685880035161972 0.08979400247335434
2 0.7864609956741333 0.5419900417327881 0.09915199875831604 0.1487780064344406
1 0.4486809968948364 0.6547650098800659 0.06778699904680252 0.09652099758386612
1 0.04620800167322159 0.09250199794769287 0.06803900003433228 0.09032200276851654
2 0.545179009437561 0.4002779722213745 0.08330000191926956 0.09813699871301651
2 0.9453049898147583 0.5685409903526306 0.0732090026140213 0.08671899884939194
2 0.8300349712371826 0.48843199014663696 0.07019200176000595 0.10117000341415405
2 0.6606519818305969 0.6528609991073608 0.07776299864053726 0.1311269998550415
1 0.0810680016875267 0.19007402658462524 0.06255800276994705 0.08993799984455109
2 0.41513699293136597 0.758126974105835 0.06877399981021881 0.1027510017156601
2 0.2883099913597107 0.324317991733551 0.06538999825716019 0.12953999638557434
1 0.41408300399780273 0.7587909698486328 0.06812400370836258 0.10206899791955948
2 0.983564019203186 0.7176849842071533 0.03131699934601784 0.1091810017824173
2 0.8949139714241028 0.7068510055541992 0.059098001569509506 0.10329999774694443
2 0.8385829925537109 0.6185460090637207 0.11022700369358063 0.1495950073003769
2 0.770937979221344 0.7758949995040894 0.09333699941635132 0.11029200255870819
1 0.4525589942932129 0.2877900004386902 0.058765001595020294 0.10877099633216858
2 0.07964999973773956 0.01678001880645752 0.07660699635744095 0.03295300155878067
1 0.4385420083999634 0.8369120359420776 0.058754999190568924 0.06844200193881989
1 0.23482699692249298 0.42273998260498047 0.06862200051546097 0.09016600251197815
2 0.6445289850234985 0.6118929982185364 0.06713999807834625 0.09072700142860413
2 0.9462069869041443 0.7483429908752441 0.06648000329732895 0.07635100185871124
2 0.19652900099754333 0.4889270067214966 0.06021000072360039 0.08807899802923203
1 0.19411200284957886 0.31837499141693115 0.05238699913024902 0.07449399679899216
1 0.8077290058135986 0.981410026550293 0.08170799911022186 0.03505999967455864
2 0.10873500257730484 0.0859379768371582 0.04421500116586685 0.07697699964046478
2 0.6529170274734497 0.6370999813079834 0.08272399753332138 0.13306599855422974
2 0.4524250030517578 0.28649401664733887 0.05852799862623215 0.10762900114059448
2 0.36166200041770935 0.2538220286369324 0.055052001029253006 0.08645900338888168
1 0.2890459895133972 0.3262479901313782 0.07030200213193893 0.12731300294399261
1 0.4702799916267395 0.780456006526947 0.057092998176813126 0.09428399801254272
