0 0.5045009851455688 0.14020000398159027 0.06942400336265564 0.09303300082683563
0 0.04124600067734718 0.6552590131759644 0.0752670019865036 0.09285099804401398
1 0.6192399859428406 0.8132370114326477 0.07136400043964386 0.091218002140522
0 0.8568689823150635 0.8168749809265137 0.057130999863147736 0.07411900162696838
1 0.6785370111465454 0.9059399962425232 0.07982099801301956 0.09788200259208679
0 0.09613200277090073 0.25043800473213196 0.0606050007045269 0.06720200181007385
0 0.19224999845027924 0.06821999698877335 0.040112998336553574 0.05509199947118759
0 0.23230600357055664 0.890745997428894 0.05743199959397316 0.07766100019216537
1 0.5476269721984863 0.9023510217666626 0.07057499885559082 0.08854299783706665
0 0.817546010017395 0.979839026927948 0.06366000324487686 0.04032199829816818
0 0.5478559732437134 0.9020050168037415 0.06930900365114212 0.0895799994468689
0 0.8025569915771484 0.37635499238967896 0.03607799857854843 0.05391399934887886
0 0.08940500020980835 0.019992999732494354 0.040786001831293106 0.039987001568078995
