2 0.8730980157852173 0.5372840166091919 0.08800700306892395 0.10981199890375137
1 0.8333460092544556 0.9021639823913574 0.08147300034761429 0.09989199787378311
1 0.5075830221176147 0.21088699996471405 0.060844000428915024 0.07654000073671341
1 0.37684500217437744 0.11800900101661682 0.05046999827027321 0.06315000355243683
1 0.9116290211677551 0.7999719977378845 0.08259399980306625 0.10263100266456604
1 0.9699519872665405 0.6429110169410706 0.057861000299453735 0.08973299711942673
2 0.29502201080322266 0.1965470016002655 0.06663399934768677 0.07102800160646439
1 0.3425300121307373 0.3365919888019562 0.06148499995470047 0.06314100325107574
1 0.7941650152206421 0.8803520202636719 0.058058001101017 0.08724799752235413
1 0.31085899472236633 0.015437999740242958 0.07128600031137466 0.03013700060546398
1 0.9844970107078552 0.4992150068283081 0.03100699931383133 0.10807900130748749
2 0.3925530016422272 0.019977999851107597 0.06121699884533882 0.039955999702215195
1 0.39282500743865967 0.020337000489234924 0.06487900018692017 0.03934499993920326
