0 0.6049450039863586 0.5643560290336609 0.06314100325107574 0.07996399700641632
0 0.4759019911289215 0.835506021976471 0.05928599834442139 0.07767099887132645
1 0.16184400022029877 0.8235039710998535 0.0650549978017807 0.08184800297021866
1 0.1532440036535263 0.6214730143547058 0.06358999758958817 0.0790650025010109
1 0.02858000062406063 0.9531720280647278 0.05716000124812126 0.08890099823474884
0 0.5478500127792358 0.5867409706115723 0.06468500196933746 0.08940000087022781
1 0.036757998168468475 0.8173050284385681 0.058642998337745667 0.06394200026988983
0 0.4989610016345978 0.6349340081214905 0.06936900317668915 0.07841599732637405
0 0.7776259779930115 0.9103479981422424 0.06008699908852577 0.0986350029706955
0 0.3263239860534668 0.8214370012283325 0.07239100337028503 0.08660800009965897
1 0.06812600046396255 0.9539290070533752 0.04263399913907051 0.06726600229740143
0 0.6410009860992432 0.8557609915733337 0.07259999960660934 0.10001599788665771
1 0.2068209946155548 0.960070013999939 0.05348600074648857 0.07448399811983109
0 0.7066310048103333 0.9507229924201965 0.04964900016784668 0.07055900245904922
1 0.8971670269966125 0.9776530265808105 0.07768700271844864 0.04469500109553337
0 0.5796120166778564 0.6305040121078491 0.0447239987552166 0.046115998178720474
0 0.7793260216712952 0.5975250005722046 0.054611001163721085 0.05420900136232376
0 0.6072810292243958 0.9838330149650574 0.07351099699735641 0.03200099989771843
1 0.6406289935112 0.8557699918746948 0.07229500263929367 0.09970699995756149
