0 0.6155610084533691 0.7461420297622681 0.042621999979019165 0.055091001093387604
0 0.6431530117988586 0.6830040216445923 0.04689899832010269 0.05640299990773201
0 0.4871169924736023 0.4893850088119507 0.04159599915146828 0.055479999631643295
0 0.5748999714851379 0.8563299775123596 0.03942900151014328 0.05373099818825722
0 0.5591869950294495 0.5311790108680725 0.043570999056100845 0.056777000427246094
0 0.4999319911003113 0.7804629802703857 0.042381998151540756 0.056078001856803894
0 0.6124100089073181 0.8438400030136108 0.041287001222372055 0.05381400138139725
0 0.7360420227050781 0.7271069884300232 0.034279000014066696 0.04224700108170509
0 0.03248799964785576 0.8564019799232483 0.036699000746011734 0.05069899931550026
0 0.06380899995565414 0.8285530209541321 0.04461999982595444 0.05815200135111809
0 0.40986499190330505 0.8327760100364685 0.03777199983596802 0.04845599830150604
0 0.38460999727249146 0.8078309893608093 0.0380840003490448 0.050328999757766724
0 0.6227059960365295 0.36887800693511963 0.030040999874472618 0.032531000673770905
0 0.7216519713401794 0.7518810033798218 0.04271399974822998 0.060628000646829605
0 0.14794600009918213 0.20975099503993988 0.04475200176239014 0.053509000688791275
0 0.6257860064506531 0.7989439964294434 0.030153999105095863 0.04021399840712547
0 0.0216669999063015 0.38874998688697815 0.0432559996843338 0.0692799985408783
0 0.5611159801483154 0.7778530120849609 0.03929299861192703 0.06351400166749954
0 0.989471971988678 0.6581389904022217 0.021056000143289566 0.07371000200510025
0 0.03369700163602829 0.8745229840278625 0.03886900097131729 0.0762770026922226
0 0.7189019918441772 0.18699200451374054 0.035162001848220825 0.04962500184774399
0 0.008595000021159649 0.7516360282897949 0.014588999561965466 0.04262600094079971
0 0.3562319874763489 0.8682199716567993 0.031000999733805656 0.05213300138711929
0 0.027994999662041664 0.8507949709892273 0.035565998405218124 0.057280998677015305
0 0.586745023727417 0.8022429943084717 0.032540999352931976 0.044204000383615494
0 0.7319779992103577 0.7356550097465515 0.039872001856565475 0.05864199995994568
