2 0.4230070114135742 0.6347879767417908 0.08202099800109863 0.12171600013971329
2 0.7504209876060486 0.6220030188560486 0.0886949971318245 0.12561599910259247
2 0.8348320126533508 0.8361790180206299 0.08975800126791 0.12495899945497513
2 0.5000759959220886 0.27298301458358765 0.08271999657154083 0.11452600359916687
2 0.22421599924564362 0.36188599467277527 0.07549799978733063 0.1106489971280098
2 0.4330280125141144 0.1285180002450943 0.09462399780750275 0.1090639978647232
2 0.8646739721298218 0.7162550091743469 0.08556099981069565 0.12545500695705414
2 0.4942840039730072 0.5545759797096252 0.07897700369358063 0.10206399857997894
2 0.8932690024375916 0.45020800828933716 0.08370000123977661 0.12265100330114365
2 0.5528740286827087 0.5902889966964722 0.06854099780321121 0.09775800257921219
2 0.7986680269241333 0.5253700017929077 0.08412200212478638 0.11985199898481369
2 0.4447439908981323 0.4258880019187927 0.08648999780416489 0.11730799823999405
2 0.3029240071773529 0.5782520174980164 0.06626900285482407 0.09024500101804733
2 0.6659330129623413 0.30989301204681396 0.06861399859189987 0.10092499852180481
2 0.9720640182495117 0.4084720015525818 0.05385600030422211 0.12514999508857727
2 0.18308299779891968 0.2521359920501709 0.10329800099134445 0.1318349987268448
2 0.8525649905204773 0.5940139889717102 0.07178299874067307 0.1081560030579567
2 0.41482800245285034 0.5323449969291687 0.07788500189781189 0.09857899695634842
2 0.3377079963684082 0.2690429985523224 0.08803699910640717 0.11896499991416931
2 0.3747589886188507 0.39759600162506104 0.06906700134277344 0.11108700186014175
2 0.31269198656082153 0.13913099467754364 0.08505599945783615 0.10596299916505814
2 0.2559080123901367 0.20845000445842743 0.06261099874973297 0.10665000230073929
2 0.3728030025959015 0.46171998977661133 0.06407199800014496 0.09038200229406357
1 0.9413830041885376 0.5604699850082397 0.08530999720096588 0.1090489998459816
2 0.6316140294075012 0.3645240068435669 0.07633800059556961 0.11645899713039398
2 0.9442740082740784 0.5613539814949036 0.0882050022482872 0.11059500277042389
2 0.6561319828033447 0.3119480013847351 0.096219003200531 0.10497699677944183
2 0.3757390081882477 0.43901699781417847 0.068231001496315 0.13659299910068512
