0 0.4754270017147064 0.19904400408267975 0.07524999976158142 0.09302400052547455
0 0.3154209852218628 0.23386700451374054 0.06963600218296051 0.08790100365877151
1 0.47505998611450195 0.4805409908294678 0.0736439973115921 0.09452900290489197
1 0.4630480110645294 0.3932650089263916 0.07548099756240845 0.09170600026845932
1 0.42989999055862427 0.284074991941452 0.07453099638223648 0.09764000028371811
1 0.3484799861907959 0.3228980004787445 0.060474999248981476 0.08567699790000916
1 0.5307340025901794 0.5716670155525208 0.07524099946022034 0.09388799965381622
1 0.37049001455307007 0.2491219937801361 0.05234000086784363 0.0771460011601448
1 0.3169049918651581 0.45645299553871155 0.06383100152015686 0.08376800268888474
2 0.46418100595474243 0.3937869966030121 0.07549100369215012 0.08894400298595428
1 0.3843500018119812 0.4986230134963989 0.05225500091910362 0.07835400104522705
1 0.11729399859905243 0.5476940274238586 0.06449300050735474 0.08853600174188614
2 0.5764539837837219 0.47182899713516235 0.06769099831581116 0.08093500137329102
1 0.08282499760389328 0.7070930004119873 0.07164900004863739 0.09151999652385712
1 0.022346999496221542 0.6707640290260315 0.044693998992443085 0.09222500026226044
2 0.5288090109825134 0.5720660090446472 0.0753370001912117 0.09389500319957733
2 0.34912198781967163 0.6317020058631897 0.0646049976348877 0.08338599652051926
1 0.34961599111557007 0.6311280131340027 0.06323300302028656 0.08172500133514404
2 0.6107969880104065 0.08255500346422195 0.09311799705028534 0.10684800148010254
1 0.2651210129261017 0.5985820293426514 0.05576400086283684 0.07833699882030487
1 0.610759973526001 0.08495300263166428 0.09178599715232849 0.11354000121355057
