0 0.8960130214691162 0.4043639898300171 0.0743739977478981 0.09632399678230286
0 0.33379700779914856 0.16671399772167206 0.06785400211811066 0.08871699869632721
0 0.7077010273933411 0.06415999680757523 0.06645499914884567 0.0933379977941513
0 0.9574440121650696 0.3914799988269806 0.06683900207281113 0.10621099919080734
0 0.6505299806594849 0.6900799870491028 0.06195899844169617 0.08255500346422195
0 0.17579199373722076 0.13695299625396729 0.06949099898338318 0.08707399666309357
0 0.29887500405311584 0.44249099493026733 0.06139000132679939 0.07770200073719025
0 0.7739890217781067 0.04691699892282486 0.08393900096416473 0.09200000017881393
0 0.8158990144729614 0.18752899765968323 0.07241500169038773 0.09911900013685226
0 0.3173309862613678 0.23312699794769287 0.06913299858570099 0.07703699916601181
0 0.1304830014705658 0.31962400674819946 0.054777998477220535 0.08558099716901779
0 0.9155679941177368 0.04149499908089638 0.07026299834251404 0.08183000236749649
0 0.17010900378227234 0.2843329906463623 0.057346999645233154 0.08414600044488907
0 0.19574199616909027 0.3024739921092987 0.06103599816560745 0.08975700289011002
0 0.1802850067615509 0.2915230095386505 0.07833900302648544 0.09649000316858292
0 0.8145589828491211 0.28762900829315186 0.07648800313472748 0.09728600084781647
1 0.4590359926223755 0.9364399909973145 0.04712099954485893 0.05962299928069115
0 0.29544898867607117 0.7681930065155029 0.0445609986782074 0.05111699923872948
0 0.4585599899291992 0.9351660013198853 0.04604500159621239 0.0577859990298748
