2 0.034230999648571014 0.7865170240402222 0.06633900105953217 0.09334199875593185
2 0.04439999908208847 0.6847779750823975 0.07388599961996078 0.09764300286769867
2 0.643140971660614 0.5941169857978821 0.05947500094771385 0.08460000157356262
2 0.7962899804115295 0.9103590250015259 0.054854001849889755 0.07019700109958649
2 0.674892008304596 0.6206089854240417 0.059581998735666275 0.07553000003099442
2 0.8126829862594604 0.09024199843406677 0.05202699825167656 0.07202500104904175
2 0.9361339807510376 0.9423829913139343 0.068292997777462 0.10237599909305573
1 0.8139669895172119 0.09094200283288956 0.048347000032663345 0.07314000278711319
1 0.8873010277748108 0.06961700320243835 0.06879100203514099 0.07418099790811539
2 0.8640559911727905 0.17432500422000885 0.04656299948692322 0.05851899832487106
2 0.8469910025596619 0.2270359992980957 0.05296900123357773 0.06355799734592438
2 0.8879349827766418 0.07006800174713135 0.06817500293254852 0.07478100061416626
