1 0.2262440025806427 0.7647089958190918 0.0968480035662651 0.12741300463676453
1 0.10492800176143646 0.8947219848632812 0.08982200175523758 0.11779700219631195
1 0.39801499247550964 0.7796750068664551 0.08426500111818314 0.11517400294542313
1 0.47567999362945557 0.7855579853057861 0.0692489966750145 0.09376999735832214
1 0.5415700078010559 0.20433899760246277 0.0970579981803894 0.09419199824333191
1 0.5556349754333496 0.3092620074748993 0.11137399822473526 0.13761299848556519
1 0.31231701374053955 0.5276809930801392 0.06601899862289429 0.08504799753427505
1 0.348922997713089 0.6675580143928528 0.11665999889373779 0.12673799693584442
1 0.14949899911880493 0.7507259845733643 0.08171399682760239 0.11804399639368057
1 0.3012019991874695 0.8248400092124939 0.08542300015687943 0.12908099591732025
1 0.19205699861049652 0.8840950131416321 0.09891500324010849 0.12403400242328644
1 0.5136160254478455 0.7065640091896057 0.09439600259065628 0.11886399984359741
1 0.07320299744606018 0.6779929995536804 0.08558899909257889 0.10339699685573578
1 0.1466750055551529 0.568934977054596 0.09799999743700027 0.09855499863624573
1 0.03982599824666977 0.7980049848556519 0.07374799996614456 0.10769200325012207
1 0.7216399908065796 0.2491990029811859 0.10384699702262878 0.12973299622535706
1 0.47402098774909973 0.13522300124168396 0.08362200111150742 0.10665400326251984
1 0.5091450214385986 0.5740609765052795 0.1542229950428009 0.14740599691867828
1 0.5838239789009094 0.5550529956817627 0.05774899944663048 0.11364799737930298
1 0.017278000712394714 0.8375999927520752 0.034317001700401306 0.14048099517822266
2 0.3692219853401184 0.912451982498169 0.09901800006628036 0.13381299376487732
1 0.038679998368024826 0.5207020044326782 0.07336899638175964 0.11285699903964996
1 0.15366500616073608 0.5590819716453552 0.09462500363588333 0.12394200265407562
1 0.20616400241851807 0.9751240015029907 0.09102900326251984 0.04975299909710884
1 0.48868799209594727 0.5747179985046387 0.11389400064945221 0.13684099912643433
1 0.016478000208735466 0.8608859777450562 0.03098900057375431 0.11915100365877151
1 0.1927350014448166 0.9810870289802551 0.13418899476528168 0.03782700002193451
1 0.2657940089702606 0.6211609840393066 0.05448500066995621 0.0745140016078949
1 0.11972299963235855 0.9845560193061829 0.09560400247573853 0.029039999470114708
