0 0.8776019811630249 0.4331659972667694 0.06557299941778183 0.07800900191068649
0 0.07669000327587128 0.210658997297287 0.06747200340032578 0.09670999646186829
0 0.6660929918289185 0.7707290053367615 0.05183500051498413 0.06672099977731705
0 0.8775330185890198 0.3610770106315613 0.06859099864959717 0.07878699898719788
0 0.769540011882782 0.20696699619293213 0.07018899917602539 0.08775900304317474
0 0.7438709735870361 0.758853018283844 0.04992799833416939 0.06512200087308884
0 0.9445040225982666 0.15547800064086914 0.06838300079107285 0.08715300261974335
0 0.29317599534988403 0.42051199078559875 0.06757199764251709 0.08393099904060364
0 0.8247439861297607 0.8327019810676575 0.050905000418424606 0.06336099654436111
0 0.4114150106906891 0.11964000016450882 0.056074999272823334 0.07243499904870987
0 0.12408000230789185 0.17344500124454498 0.06622199714183807 0.08306299895048141
0 0.0281009990721941 0.2579460144042969 0.0562019981443882 0.07895799726247787
0 0.8930580019950867 0.2456739991903305 0.08519499748945236 0.0911720022559166
0 0.056894998997449875 0.08105000108480453 0.0712750032544136 0.08686699718236923
0 0.6734179854393005 0.857312023639679 0.05428000167012215 0.06827600300312042
0 0.8116049766540527 0.2632319927215576 0.05793999880552292 0.07649499922990799
0 0.2029920071363449 0.6340669989585876 0.047575000673532486 0.06446699798107147
0 0.027786999940872192 0.18696999549865723 0.0555730015039444 0.07963299751281738
0 0.5386800169944763 0.9472709894180298 0.046633001416921616 0.06414099782705307
0 0.46025800704956055 0.9097790122032166 0.0455549992620945 0.06475300341844559
0 0.7453709840774536 0.7059699892997742 0.04898200184106827 0.05575999990105629
0 0.1071309968829155 0.5017480254173279 0.05639300122857094 0.07359600067138672
0 0.6282839775085449 0.7949069738388062 0.03709400072693825 0.05402100086212158
0 0.02735999971628189 0.4089820086956024 0.052041999995708466 0.0720210000872612
0 0.3451099991798401 0.6015700101852417 0.03629399836063385 0.05923600122332573
0 0.7368370294570923 0.11277399957180023 0.05188300088047981 0.0690080001950264
0 0.9624099731445312 0.30479899048805237 0.05012299865484238 0.07692400366067886
0 0.06964699923992157 0.44222500920295715 0.058642998337745667 0.06791699677705765
0 0.942575991153717 0.24106399714946747 0.05067899823188782 0.08152599632740021
0 0.06252799928188324 0.043396998196840286 0.06672900170087814 0.07173600047826767
0 0.06807100027799606 0.5026580095291138 0.053706999868154526 0.07183899730443954
0 0.17512600123882294 0.39800700545310974 0.05343500152230263 0.06810200214385986
0 0.9749659895896912 0.12494800239801407 0.04760099947452545 0.09863699972629547
