2 0.34325700998306274 0.43953800201416016 0.07947400212287903 0.10615699738264084
2 0.9445809721946716 0.34304699301719666 0.07672999799251556 0.10424400120973587
2 0.5315880179405212 0.8131170272827148 0.075033999979496 0.10533499717712402
2 0.3153659999370575 0.28478899598121643 0.06860200315713882 0.10439799726009369
2 0.2377990037202835 0.7602940201759338 0.06966199725866318 0.09874700009822845
2 0.4753729999065399 0.467739999294281 0.06786999851465225 0.08821400254964828
2 0.1379700005054474 0.7226840257644653 0.07104799896478653 0.08575300127267838
2 0.4606510102748871 0.5714790225028992 0.11430100351572037 0.11574199795722961
2 0.589044988155365 0.5316889882087708 0.0757870003581047 0.09477599710226059
2 0.8289350271224976 0.3629859983921051 0.09242799878120422 0.13242900371551514
2 0.14264699816703796 0.6277620196342468 0.06514699757099152 0.09515400230884552
2 0.30410999059677124 0.043901000171899796 0.0667089968919754 0.0878010019659996
2 0.18705600500106812 0.8236330151557922 0.07553499937057495 0.11342500150203705
2 0.5247679948806763 0.17668700218200684 0.08072400093078613 0.11210999637842178
2 0.968442976474762 0.08934599906206131 0.06120799854397774 0.10751400142908096
2 0.14994099736213684 0.8964620232582092 0.06623800098896027 0.09640400111675262
2 0.9776740074157715 0.6262750029563904 0.043613001704216 0.10203900188207626
2 0.6016259789466858 0.3261750042438507 0.07208000123500824 0.10608699917793274
2 0.3752419948577881 0.32947200536727905 0.0745140016078949 0.09993600100278854
2 0.798583984375 0.1329140067100525 0.08320699632167816 0.11310800164937973
2 0.8632789850234985 0.20576100051403046 0.08288899809122086 0.13155999779701233
2 0.08100699633359909 0.8093860149383545 0.06307200342416763 0.09109000116586685
2 0.9210820198059082 0.04790399968624115 0.11787699908018112 0.0958079993724823
2 0.015869999304413795 0.854358971118927 0.03174100071191788 0.0852539986371994
2 0.4605329930782318 0.8083029985427856 0.057666998356580734 0.0746230036020279
2 0.045426998287439346 0.9067969918251038 0.0685880035161972 0.08979400247335434
2 0.7864609956741333 0.4580099880695343 0.09915199875831604 0.1487780064344406
1 0.4486809968948364 0.3452349901199341 0.06778699904680252 0.09652099758386612
1 0.04620800167322159 0.9074980020523071 0.06803900003433228 0.09032200276851654
2 0.545179009437561 0.5997220277786255 0.08330000191926956 0.09813699871301651
2 0.9453049898147583 0.4314590096473694 0.0732090026140213 0.08671899884939194
2 0.8300349712371826 0.511568009853363 0.07019200176000595 0.10117000341415405
2 0.6606519818305969 0.34713900089263916 0.07776299864053726 0.1311269998550415
1 0.0810680016875267 0.8099259734153748 0.06255800276994705 0.08993799984455109
2 0.41513699293136597 0.24187299609184265 0.06877399981021881 0.1027510017156601
2 0.2883099913597107 0.675682008266449 0.06538999825716019 0.12953999638557434
1 0.41408300399780273 0.2412090003490448 0.06812400370836258 0.10206899791955948
2 0.983564019203186 0.2823149859905243 0.03131699934601784 0.1091810017824173
2 0.8949139714241028 0.2931489944458008 0.059098001569509506 0.10329999774694443
2 0.8385829925537109 0.3814539909362793 0.11022700369358063 0.1495950073003769
2 0.770937979221344 0.22410500049591064 0.09333699941635132 0.11029200255870819
1 0.4525589942932129 0.7122099995613098 0.058765001595020294 0.10877099633216858
2 0.07964999973773956 0.9832199811935425 0.07660699635744095 0.03295300155878067
1 0.4385420083999634 0.16308799386024475 0.058754999190568924 0.06844200193881989
1 0.23482699692249298 0.5772600173950195 0.06862200051546097 0.09016600251197815
2 0.6445289850234985 0.3881070017814636 0.06713999807834625 0.09072700142860413
2 0.9462069869041443 0.25165700912475586 0.06648000329732895 0.07635100185871124
2 0.19652900099754333 0.5110729932785034 0.06021000072360039 0.08807899802923203
1 0.19411200284957886 0.6816250085830688 0.05238699913024902 0.07449399679899216
1 0.8077290058135986 0.01858999952673912 0.08170799911022186 0.03505999967455864
2 0.10873500257730484 0.9140620231628418 0.04421500116586685 0.07697699964046478
2 0.6529170274734497 0.3628999888896942 0.08272399753332138 0.13306599855422974
2 0.4524250030517578 0.7135059833526611 0.05852799862623215 0.10762900114059448
2 0.36166200041770935 0.7461779713630676 0.055052001029253006 0.08645900338888168
1 0.2890459895133972 0.6737520098686218 0.07030200213193893 0.12731300294399261
1 0.4702799916267395 0.21954399347305298 0.057092998176813126 0.09428399801254272
