0 0.9516429901123047 0.8585169911384583 0.053560998290777206 0.06950400024652481
0 0.14729799330234528 0.13282600045204163 0.07335299998521805 0.08666999638080597
0 0.1787949949502945 0.6712960004806519 0.06457199901342392 0.077114999294281
0 0.8212559819221497 0.540444016456604 0.04893200099468231 0.06411299854516983
0 0.14845100045204163 0.4225749969482422 0.0670280009508133 0.08269000053405762
0 0.24973900616168976 0.8865079879760742 0.04771300032734871 0.0735040009021759
0 0.9872720241546631 0.22315800189971924 0.025457000359892845 0.059085000306367874
0 0.9382669925689697 0.9566649794578552 0.03816600143909454 0.055622998625040054
0 0.32351601123809814 0.750656008720398 0.048753999173641205 0.06656499952077866
0 0.7965800166130066 0.415787011384964 0.03765299916267395 0.05066300183534622
0 0.974062979221344 0.06886400282382965 0.03452499955892563 0.043862998485565186
0 0.9657059907913208 0.29573601484298706 0.03650600090622902 0.048983000218868256
0 0.30324500799179077 0.11647199839353561 0.06509000062942505 0.08315999805927277
0 0.8253980278968811 0.44787898659706116 0.03872999921441078 0.0566600002348423
0 0.28374800086021423 0.21413199603557587 0.051061999052762985 0.07283499836921692
0 0.9893770217895508 0.45376700162887573 0.021245000883936882 0.05838099867105484
0 0.861581027507782 0.5370290279388428 0.0391170009970665 0.05334100127220154
0 0.9695180058479309 0.3897800147533417 0.033128999173641205 0.04312799870967865
0 0.9464430212974548 0.4571940004825592 0.03325999900698662 0.04492799937725067
0 0.968172013759613 0.5685799717903137 0.03773900121450424 0.046828001737594604
0 0.348486989736557 0.8232489824295044 0.03672099858522415 0.05982699990272522
0 0.37924501299858093 0.8572729825973511 0.03964899852871895 0.058487001806497574
0 0.766323983669281 0.045246999710798264 0.030308999121189117 0.04025200009346008
0 0.9526330232620239 0.15523000061511993 0.032993998378515244 0.04034800082445145
0 0.09439300000667572 0.6266160011291504 0.046608999371528625 0.08239799737930298
0 0.7492460012435913 0.0675709992647171 0.03218900039792061 0.038756001740694046
0 0.7632650136947632 0.012605000287294388 0.040157001465559006 0.025210000574588776
0 0.12274099886417389 0.5824559926986694 0.04278400167822838 0.07387600094079971
0 0.899304986000061 0.5363029837608337 0.03647200018167496 0.049713000655174255
0 0.9834370017051697 0.6275579929351807 0.030302999541163445 0.04026700183749199
0 0.8808720111846924 0.4667400121688843 0.030580999329686165 0.04331199824810028
0 0.23968499898910522 0.4839000105857849 0.06481300294399261 0.07827000319957733
0 0.23171600699424744 0.5946549773216248 0.06149100139737129 0.07555200159549713
0 0.18452200293540955 0.5296940207481384 0.06774400174617767 0.08683200180530548
0 0.9309409856796265 0.606810986995697 0.03937700018286705 0.046174999326467514
0 0.898002028465271 0.6197850108146667 0.033590998500585556 0.04314199835062027
0 0.22609500586986542 0.9099029898643494 0.036003001034259796 0.06279899924993515
0 0.8004469871520996 0.146930992603302 0.039705999195575714 0.04191699996590614
1 0.18493899703025818 0.5325779914855957 0.06569000333547592 0.08850499987602234
0 0.5212389826774597 0.32932499051094055 0.028707999736070633 0.04586600139737129
0 0.7935159802436829 0.1448259949684143 0.043682001531124115 0.04199099913239479
1 0.21518200635910034 0.368708997964859 0.042796000838279724 0.06523799896240234
0 0.21492399275302887 0.37007200717926025 0.041694000363349915 0.06986299902200699
