2 0.12199600040912628 0.5095959901809692 0.07426799833774567 0.1109049990773201
2 0.20827999711036682 0.6468420028686523 0.07168400287628174 0.10537000000476837
2 0.6921179890632629 0.7521589994430542 0.07016099989414215 0.09931100159883499
2 0.3790169954299927 0.7108259797096252 0.07004600018262863 0.11215300112962723
2 0.25244200229644775 0.5556700229644775 0.06875500082969666 0.11348599940538406
2 0.35780900716781616 0.2558940052986145 0.07633499801158905 0.10200800001621246
2 0.5721210241317749 0.5335680246353149 0.06397999823093414 0.09498900175094604
2 0.40052199363708496 0.6123239994049072 0.06799899786710739 0.08877100050449371
2 0.4146130084991455 0.37460198998451233 0.06921900063753128 0.09527699649333954
2 0.19461099803447723 0.37941399216651917 0.07367999851703644 0.1067039966583252
2 0.03997400030493736 0.41445499658584595 0.07619299739599228 0.11258299648761749
1 0.32613399624824524 0.5110530257225037 0.07043399661779404 0.09684599936008453
2 0.11515600234270096 0.3930160105228424 0.08257599920034409 0.1018650010228157
1 0.1886640042066574 0.27584099769592285 0.0744210034608841 0.09888599812984467
2 0.39775899052619934 0.519349992275238 0.07370100170373917 0.0977649986743927
1 0.7024850249290466 0.5310159921646118 0.06080799922347069 0.08687800168991089
0 0.7631070017814636 0.03548699989914894 0.07252500206232071 0.07020799815654755
2 0.334089994430542 0.6204969882965088 0.07168000191450119 0.09714099764823914
1 0.29540300369262695 0.4030660092830658 0.07660000026226044 0.10653799772262573
2 0.2945069968700409 0.4005500078201294 0.0758500024676323 0.10384300351142883
2 0.894411027431488 0.4009000062942505 0.05200200155377388 0.08059699833393097
2 0.9703450202941895 0.36393600702285767 0.05693399906158447 0.0860230028629303
1 0.6412619948387146 0.6050819754600525 0.06541900336742401 0.0864500030875206
1 0.41448500752449036 0.3746989965438843 0.06883600354194641 0.09282000362873077
2 0.625823974609375 0.6688179969787598 0.06595399975776672 0.08274299651384354
2 0.11190900206565857 0.3180049955844879 0.056804001331329346 0.06278599798679352
2 0.6403930187225342 0.6049489974975586 0.06383900344371796 0.08641699701547623
2 0.05446400120854378 0.2563520073890686 0.06403999775648117 0.07451999932527542
1 0.33500999212265015 0.6216369867324829 0.07109200209379196 0.0947050005197525
2 0.1904350072145462 0.2748740017414093 0.07391099631786346 0.09997600317001343
2 0.3956969976425171 0.8877480030059814 0.04334999993443489 0.054694999009370804
2 0.010141000151634216 0.08613999933004379 0.01931600086390972 0.09767600148916245
2 0.007683999836444855 0.7772009968757629 0.01438399963080883 0.06751099973917007
