0 0.4383679926395416 0.25263500213623047 0.08951199799776077 0.13360899686813354
0 0.2590410113334656 0.3481549918651581 0.10244899988174438 0.13235199451446533
0 0.3511059880256653 0.22349900007247925 0.10798600316047668 0.1382800042629242
0 0.38907501101493835 0.05324700102210045 0.07691799849271774 0.1064940020442009
1 0.14474500715732574 0.8909839987754822 0.1030530035495758 0.13428999483585358
0 0.7456619739532471 0.8054159879684448 0.06293900310993195 0.08220399916172028
0 0.69719398021698 0.7936699986457825 0.046167999505996704 0.07345499843358994
1 0.14707300066947937 0.4859189987182617 0.09927400201559067 0.11346100270748138
2 0.14611700177192688 0.4839169979095459 0.09825599938631058 0.11347100138664246
0 0.8334169983863831 0.33264800906181335 0.042684998363256454 0.054653000086545944
0 0.013654000125825405 0.014574999921023846 0.026799000799655914 0.02676899917423725
