2 0.5006420016288757 0.5066789984703064 0.06672800332307816 0.09902100265026093
2 0.917382001876831 0.855741024017334 0.07159200310707092 0.10126300156116486
2 0.38930100202560425 0.39532700181007385 0.06311599910259247 0.09757299721240997
2 0.5773879885673523 0.10167600214481354 0.062272001057863235 0.09080199897289276
2 0.5665670037269592 0.759020984172821 0.06602499634027481 0.09007400274276733
2 0.844992995262146 0.8939329981803894 0.07761699706315994 0.10504300147294998
2 0.7477149963378906 0.8136460185050964 0.05354199931025505 0.07672800123691559
2 0.5679640173912048 0.48466598987579346 0.061542998999357224 0.08663000166416168
2 0.6108800172805786 0.5180230140686035 0.07065799832344055 0.1185770034790039
2 0.7820289731025696 0.5765209794044495 0.07535699754953384 0.09406500309705734
2 0.931056022644043 0.7367470264434814 0.0708559975028038 0.09409300237894058
2 0.758991003036499 0.5059450268745422 0.07948800176382065 0.09235099703073502
2 0.6158739924430847 0.5037019848823547 0.06340699642896652 0.10143300145864487
0 0.10891000181436539 0.4742879867553711 0.052622999995946884 0.06638699769973755
1 0.7590770125389099 0.5075460076332092 0.07906799763441086 0.09274700284004211
