0 0.9490519762039185 0.8377529978752136 0.06909599900245667 0.08602400124073029
0 0.04601500183343887 0.2898310124874115 0.09203000366687775 0.1622689962387085
0 0.9202290177345276 0.6290249824523926 0.06581699848175049 0.09197500348091125
0 0.9697009921073914 0.9124500155448914 0.060596998780965805 0.09606900066137314
0 0.8941720128059387 0.8029559850692749 0.0623910017311573 0.0843920037150383
0 0.7032240033149719 0.9679359793663025 0.0614439994096756 0.06412799656391144
0 0.036368001252412796 0.5860689878463745 0.07273499667644501 0.12430699914693832
0 0.021808000281453133 0.8643829822540283 0.043616000562906265 0.11237499862909317
0 0.8613399863243103 0.7454490065574646 0.050314001739025116 0.06919100135564804
0 0.3291020095348358 0.13197200000286102 0.11051200330257416 0.1109590008854866
0 0.5410950183868408 0.8990859985351562 0.03980499878525734 0.08217699825763702
0 0.9340779781341553 0.9543899893760681 0.05873600021004677 0.07552000135183334
0 0.9646530151367188 0.6563180088996887 0.050301000475883484 0.09146899729967117
0 0.5694530010223389 0.9775750041007996 0.05623999983072281 0.043862998485565186
