1 0.4930190145969391 0.19077299535274506 0.07255599647760391 0.10725100338459015
1 0.4803920090198517 0.40112701058387756 0.07902400195598602 0.10914800316095352
1 0.26409101486206055 0.06681200116872787 0.1199830025434494 0.1332949995994568
1 0.3688809871673584 0.06434199959039688 0.07674600183963776 0.11237800121307373
1 0.3860430121421814 0.5002020001411438 0.08870799839496613 0.1221340000629425
1 0.34397000074386597 0.16732999682426453 0.09816300123929977 0.11646299809217453
1 0.4688979983329773 0.5273150205612183 0.07645100355148315 0.11061500012874603
1 0.3582429885864258 0.3226419985294342 0.14954699575901031 0.13954399526119232
1 0.041561998426914215 0.09978599846363068 0.08312399685382843 0.13649700582027435
1 0.3994799852371216 0.646947979927063 0.07770799845457077 0.10372000187635422
1 0.3658669888973236 0.5068730115890503 0.1329279989004135 0.12821200489997864
1 0.4236510097980499 0.36138901114463806 0.07962299883365631 0.14019300043582916
1 0.3732120096683502 0.31492701172828674 0.113755002617836 0.13114699721336365
1 0.4239409863948822 0.15222999453544617 0.06648900359869003 0.12111999839544296
