0 0.30531901121139526 0.23628099262714386 0.12255199998617172 0.1506820023059845
0 0.8986049890518188 0.5008029937744141 0.13186000287532806 0.16136500239372253
0 0.10889899730682373 0.286314994096756 0.10611899942159653 0.12281300127506256
0 0.7436839938163757 0.46295300126075745 0.1380079984664917 0.18080399930477142
0 0.3574639856815338 0.5007330179214478 0.12080200016498566 0.15377500653266907
0 0.4316290020942688 0.10167499631643295 0.1330769956111908 0.17114700376987457
0 0.6691290140151978 0.19314299523830414 0.1376660019159317 0.18032099306583405
0 0.9399020075798035 0.6492289900779724 0.11950799822807312 0.1600639969110489
0 0.9387909770011902 0.8407999873161316 0.12241899967193604 0.16852599382400513
0 0.8625900149345398 0.14303700625896454 0.11809799820184708 0.1712760031223297
0 0.681617021560669 0.6615059971809387 0.14094699919223785 0.18848499655723572
0 0.061365000903606415 0.5751280188560486 0.07621400058269501 0.1084510013461113
0 0.5461000204086304 0.585299015045166 0.09102199971675873 0.13787800073623657
0 0.04664099961519241 0.20735299587249756 0.0919400006532669 0.14194799959659576
0 0.3359740078449249 0.34912800788879395 0.12179599702358246 0.13405300676822662
0 0.6707289814949036 0.7811729907989502 0.12025199830532074 0.1007860004901886
0 0.024248000234365463 0.5027589797973633 0.048496998846530914 0.10714799910783768
0 0.7253199815750122 0.32614201307296753 0.12763400375843048 0.13727200031280518
0 0.5930699706077576 0.25086700916290283 0.058573998510837555 0.08407600224018097
0 0.5980679988861084 0.6695470213890076 0.08157499879598618 0.1717820018529892
0 0.6455579996109009 0.6735739707946777 0.19446499645709991 0.19779500365257263
