2 0.4996100068092346 0.40617701411247253 0.0582210011780262 0.07243499904870987
2 0.38400501012802124 0.8031330108642578 0.048948999494314194 0.0723159983754158
2 0.15656399726867676 0.7388160228729248 0.05179399996995926 0.07091300189495087
2 0.2851490080356598 0.5713260173797607 0.057443998754024506 0.06972700357437134
2 0.3592410087585449 0.6963250041007996 0.04975099861621857 0.06977999955415726
2 0.3009969890117645 0.7344139814376831 0.053394000977277756 0.07505100220441818
2 0.46292799711227417 0.6394010186195374 0.05283299833536148 0.07693400233983994
2 0.8616840243339539 0.7166420221328735 0.07008299976587296 0.09149300307035446
2 0.3327600061893463 0.8599799871444702 0.0508509986102581 0.07196799665689468
2 0.06585799902677536 0.5192989706993103 0.05039399862289429 0.07085999846458435
2 0.40957099199295044 0.6499320268630981 0.04905100166797638 0.06437099725008011
2 0.0865349993109703 0.5856850147247314 0.04849199950695038 0.0690929964184761
2 0.24250300228595734 0.7262449860572815 0.04605900123715401 0.06722100079059601
2 0.46071600914001465 0.7401540279388428 0.05726899951696396 0.07147300243377686
2 0.4106529951095581 0.3199020028114319 0.055135998874902725 0.07329399883747101
2 0.39587101340293884 0.7338070273399353 0.056106001138687134 0.07414799928665161
2 0.9515200257301331 0.9619640111923218 0.06460300087928772 0.07607199996709824
2 0.20471200346946716 0.5399730205535889 0.04973699897527695 0.0687979981303215
2 0.6256129741668701 0.07388000190258026 0.03694799914956093 0.040963999927043915
2 0.17818400263786316 0.46140798926353455 0.05999799817800522 0.06558900326490402
