1 0.4495390057563782 0.6502310037612915 0.07526200264692307 0.10002399981021881
1 0.30790799856185913 0.4348750114440918 0.06868100166320801 0.09588100016117096
1 0.23966799676418304 0.33506500720977783 0.07130199670791626 0.10572899878025055
1 0.5658529996871948 0.6167929768562317 0.06601600348949432 0.09492599964141846
2 0.6336659789085388 0.470225989818573 0.06481099873781204 0.08542300015687943
1 0.5199900269508362 0.672228991985321 0.07175599783658981 0.09448099881410599
1 0.22438399493694305 0.4642780125141144 0.0783270001411438 0.10095799714326859
1 0.41760000586509705 0.7490630149841309 0.07654400169849396 0.09543000161647797
1 0.16020700335502625 0.411641001701355 0.07114599645137787 0.08766099810600281
2 0.4804849922657013 0.7849900126457214 0.05264599993824959 0.07626599818468094
1 0.34848299622535706 0.563759982585907 0.06699000298976898 0.08470000326633453
2 0.3686000108718872 0.4700250029563904 0.07103099673986435 0.08743699640035629
1 0.35253000259399414 0.6666920185089111 0.0764010027050972 0.10997500270605087
1 0.3676930069923401 0.46808600425720215 0.07148700207471848 0.08929800242185593
2 0.21034400165081024 0.5905860066413879 0.07846599817276001 0.09333399683237076
1 0.20956499874591827 0.5892800092697144 0.07686600089073181 0.09035900235176086
1 0.5167509913444519 0.591372013092041 0.05274999886751175 0.06700699776411057
1 0.47964099049568176 0.5795639753341675 0.0528470017015934 0.0703120008111
2 0.2745180130004883 0.5813689827919006 0.05700499936938286 0.09425699710845947
