2 0.39085298776626587 0.37701499462127686 0.05113000050187111 0.07190500199794769
2 0.3589699864387512 0.7161679863929749 0.06099700182676315 0.08357899636030197
2 0.8384870290756226 0.8429620265960693 0.060065001249313354 0.0897350013256073
2 0.27889499068260193 0.6380389928817749 0.054218001663684845 0.07783699780702591
2 0.6880339980125427 0.9541710019111633 0.058417998254299164 0.07916200160980225
2 0.4275200068950653 0.9060869812965393 0.053362999111413956 0.07344699651002884
2 0.9645910263061523 0.15796999633312225 0.05423400178551674 0.07303600013256073
2 0.4458079934120178 0.7073259949684143 0.05835200101137161 0.09664399921894073
2 0.407602995634079 0.6895670294761658 0.053626999258995056 0.07368600368499756
2 0.6907320022583008 0.8616129755973816 0.05559400096535683 0.07434999942779541
2 0.5686900019645691 0.9200829863548279 0.04941000044345856 0.06582500040531158
2 0.11772499978542328 0.025905000045895576 0.05175599828362465 0.05181000009179115
2 0.9813640117645264 0.36132100224494934 0.037271998822689056 0.08651699870824814
2 0.9681220054626465 0.08800499886274338 0.058862000703811646 0.07336500287055969
2 0.9848219752311707 0.4327329993247986 0.02695300057530403 0.0729840025305748
0 0.9813119769096375 0.360942006111145 0.03737499937415123 0.08320800215005875
2 0.6342380046844482 0.9747539758682251 0.06419699639081955 0.050491999834775925
2 0.03579099848866463 0.10925000160932541 0.051885999739170074 0.06644000113010406
2 0.01039000041782856 0.7152130007743835 0.019432000815868378 0.06272400170564651
2 0.5682669878005981 0.7526569962501526 0.061122000217437744 0.07341700047254562
