0 0.9098209738731384 0.7295609712600708 0.0661579966545105 0.08997300267219543
0 0.8763589859008789 0.9522989988327026 0.06819400191307068 0.08830399811267853
0 0.8007550239562988 0.9192919731140137 0.07047700136899948 0.09002900123596191
0 0.45045098662376404 0.1442909985780716 0.04244000092148781 0.054319001734256744
0 0.9307479858398438 0.6449779868125916 0.07517699897289276 0.0961730033159256
0 0.312375009059906 0.06242800131440163 0.04387800022959709 0.05555099993944168
0 0.8169649839401245 0.7602580189704895 0.07553300261497498 0.09183900058269501
0 0.2706089913845062 0.040731001645326614 0.044978998601436615 0.05960800126194954
0 0.9700109958648682 0.7246519923210144 0.05533299967646599 0.0954969972372055
0 0.23293499648571014 0.07754500210285187 0.04393300041556358 0.05641299858689308
0 0.2516849935054779 0.2090200036764145 0.0396139994263649 0.05281199887394905
0 0.8968750238418579 0.41575899720191956 0.056891001760959625 0.08156599849462509
0 0.2751539945602417 0.10301599651575089 0.04509099945425987 0.05519400164484978
0 0.16657400131225586 0.20094799995422363 0.04010999947786331 0.050296999514102936
0 0.9781690239906311 0.608722984790802 0.04282800108194351 0.11293599754571915
0 0.9819729924201965 0.6089609861373901 0.03396899998188019 0.09367299824953079
0 0.267751008272171 0.16938500106334686 0.04098400101065636 0.05214200168848038
0 0.42845699191093445 0.18168699741363525 0.03842400014400482 0.042309001088142395
0 0.17539900541305542 0.16618500649929047 0.03743800148367882 0.04305199906229973
0 0.8783040046691895 0.8089039921760559 0.06298299878835678 0.09205000102519989
0 0.23191900551319122 0.16685399413108826 0.03911200165748596 0.049754999577999115
0 0.5916029810905457 0.24656899273395538 0.030848000198602676 0.03781300038099289
0 0.409168004989624 0.21617700159549713 0.0335640013217926 0.04793599992990494
0 0.2528499960899353 0.023145999759435654 0.03522299975156784 0.04471899941563606
0 0.4087179899215698 0.06762900203466415 0.03734000027179718 0.04836999997496605
0 0.32432299852371216 0.13802799582481384 0.04310699924826622 0.0545089989900589
0 0.37008601427078247 0.30761799216270447 0.041397999972105026 0.05510300025343895
0 0.26218101382255554 0.03276100009679794 0.04659999907016754 0.058841001242399216
