2 0.5069760084152222 0.6003869771957397 0.07212699949741364 0.11215200275182724
2 0.7126669883728027 0.6586639881134033 0.07034199684858322 0.11204499751329422
2 0.5757359862327576 0.5102570056915283 0.065652996301651 0.11809200048446655
2 0.4724830090999603 0.47454699873924255 0.07940799742937088 0.11505699902772903
2 0.25145500898361206 0.6855109930038452 0.07325500249862671 0.09556400030851364
1 0.9659609794616699 0.43746501207351685 0.06562100350856781 0.0865510031580925
1 0.5232970118522644 0.2217310070991516 0.07636699825525284 0.10700400173664093
2 0.6945239901542664 0.19069500267505646 0.0813940018415451 0.10640399903059006
2 0.7403910160064697 0.30673399567604065 0.06723400205373764 0.10170000046491623
1 0.18711499869823456 0.3809970021247864 0.08254799991846085 0.10804300010204315
1 0.6692119836807251 0.45879700779914856 0.07149399816989899 0.102572001516819
2 0.9681739807128906 0.6644219756126404 0.0601469986140728 0.10254000127315521
1 0.9380940198898315 0.5267360210418701 0.06646399945020676 0.09879299998283386
2 0.048872001469135284 0.0376259982585907 0.0550060011446476 0.06704899668693542
1 0.39162299036979675 0.38464999198913574 0.0860539972782135 0.12315499782562256
2 0.734067976474762 0.46009498834609985 0.06983999907970428 0.10061100125312805
2 0.2690820097923279 0.39965400099754333 0.07236000150442123 0.10452699661254883
1 0.4855700135231018 0.3546310067176819 0.09494400024414062 0.11892200261354446
1 0.6483259797096252 0.35207599401474 0.08278699964284897 0.10625799745321274
2 0.3640750050544739 0.20783700048923492 0.07897800207138062 0.09657300263643265
2 0.885329008102417 0.5772089958190918 0.06748100370168686 0.09654299914836884
1 0.9199699759483337 0.42061999440193176 0.049532998353242874 0.08105900138616562
1 0.7350729703903198 0.4594939947128296 0.0701339989900589 0.09836400300264359
2 0.6562269926071167 0.5684630274772644 0.072564996778965 0.10606999695301056
2 0.7204920053482056 0.5568550229072571 0.0597819983959198 0.08665499836206436
2 0.9392020106315613 0.5264710187911987 0.06433399766683578 0.09909500181674957
1 0.739421010017395 0.3074060082435608 0.06755100190639496 0.10003399848937988
1 0.6570889949798584 0.5679680109024048 0.07422900199890137 0.10587599873542786
1 0.8860809803009033 0.5767980217933655 0.06647100299596786 0.09951899945735931
2 0.4223020076751709 0.2788729965686798 0.05823099985718727 0.09278199821710587
1 0.7188889980316162 0.5557109713554382 0.06247499957680702 0.08451700210571289
1 0.9565830230712891 0.0235580001026392 0.06759899854660034 0.045788999646902084
1 0.5187169909477234 0.3281719982624054 0.06715399771928787 0.1047779992222786
2 0.6472240090370178 0.3490679860115051 0.08049900084733963 0.10875300318002701
1 0.8436970114707947 0.44628000259399414 0.06310100108385086 0.09583500027656555
1 0.3661539852619171 0.21130099892616272 0.08510799705982208 0.09947499632835388
1 0.3699890077114105 0.2934980094432831 0.0724089965224266 0.09369999915361404
1 0.30793699622154236 0.27430498600006104 0.06272300332784653 0.09042199701070786
2 0.8419860005378723 0.44599199295043945 0.0622589997947216 0.09221699833869934
1 0.2693359851837158 0.3977000117301941 0.07364799827337265 0.1137780025601387
2 0.3862859904766083 0.28880101442337036 0.11528699845075607 0.0849900022149086
1 0.042729999870061874 0.4830760061740875 0.0472089983522892 0.06503599882125854
2 0.37029701471328735 0.29361799359321594 0.07533600181341171 0.09165400266647339
2 0.07671699672937393 0.01936900056898594 0.08498500287532806 0.03873800113797188
