0 0.8896009922027588 0.6718850135803223 0.046383000910282135 0.05903000012040138
0 0.41517800092697144 0.7156209945678711 0.03863000124692917 0.04793800041079521
0 0.7496370077133179 0.6061769723892212 0.043960001319646835 0.05684199929237366
0 0.44475701451301575 0.0902789980173111 0.042452000081539154 0.049414001405239105
0 0.4255079925060272 0.6696950197219849 0.039753999561071396 0.046886999160051346
0 0.9623810052871704 0.2328220009803772 0.04020500183105469 0.05169200152158737
0 0.951865017414093 0.31058499217033386 0.04268199950456619 0.052887000143527985
0 0.22433499991893768 0.9427070021629333 0.0410350002348423 0.04898200184106827
0 0.25930801033973694 0.8428429961204529 0.04126700013875961 0.05367700010538101
0 0.9255390167236328 0.7915070056915283 0.04509099945425987 0.05632400140166283
0 0.15848299860954285 0.8757290244102478 0.04262999817728996 0.05676800012588501
0 0.9317730069160461 0.8436679840087891 0.04206100106239319 0.05299700051546097
0 0.35956600308418274 0.21492299437522888 0.037400998175144196 0.04963900148868561
0 0.9466040134429932 0.9341239929199219 0.04317700117826462 0.05831500142812729
0 0.3850570023059845 0.47175100445747375 0.042086999863386154 0.05605899915099144
0 0.4877220094203949 0.9751440286636353 0.03970399871468544 0.04785500094294548
0 0.6266350150108337 0.4282209873199463 0.03627900034189224 0.04427700117230415
0 0.8623669743537903 0.9678769707679749 0.039034999907016754 0.049630001187324524
0 0.19455599784851074 0.8878219723701477 0.040619999170303345 0.056836001574993134
0 0.46713799238204956 0.615481972694397 0.03686400130391121 0.047843001782894135
0 0.8795070052146912 0.9085419774055481 0.043995000422000885 0.06233299896121025
0 0.6255090236663818 0.46857699751853943 0.03800800070166588 0.04978499934077263
0 0.9823200106620789 0.739503026008606 0.0350009985268116 0.05621999874711037
0 0.5592979788780212 0.6267769932746887 0.038722001016139984 0.05021899938583374
0 0.45907899737358093 0.14612099528312683 0.0453840009868145 0.05948600172996521
0 0.826708972454071 0.950065016746521 0.040483999997377396 0.05177599936723709
0 0.5924389958381653 0.4741860032081604 0.03371100127696991 0.047263000160455704
0 0.4363290071487427 0.024947000667452812 0.042475998401641846 0.04916900023818016
0 0.9588660001754761 0.8118000030517578 0.039737001061439514 0.05217399820685387
0 0.8801869750022888 0.7868670225143433 0.03710300102829933 0.05403900146484375
0 0.22983400523662567 0.8823320269584656 0.03720900043845177 0.05059700086712837
0 0.9775969982147217 0.9178550243377686 0.03643200173974037 0.05345999822020531
0 0.445248007774353 0.18931999802589417 0.039083000272512436 0.05059399828314781
0 0.22101299464702606 0.9762539863586426 0.03897500038146973 0.036945000290870667
0 0.9505419731140137 0.726315975189209 0.037636999040842056 0.04874999821186066
0 0.49761199951171875 0.5342090129852295 0.03276300057768822 0.04407399892807007
0 0.8692489862442017 0.4136359989643097 0.030629999935626984 0.041211001574993134
0 0.9147430062294006 0.8874160051345825 0.033959999680519104 0.0504629984498024
0 0.987280011177063 0.3774909973144531 0.025438999757170677 0.06157900020480156
0 0.5327950119972229 0.5603060126304626 0.03220999985933304 0.04379799962043762
0 0.478424996137619 0.2510879933834076 0.04402200132608414 0.05022300034761429
0 0.1116970032453537 0.3963199853897095 0.03779200091958046 0.05045099928975105
0 0.23917099833488464 0.10362699627876282 0.03682800009846687 0.04971899837255478
0 0.48357701301574707 0.1310950070619583 0.035050999373197556 0.04944099858403206
0 0.9050250053405762 0.9727720022201538 0.03951499983668327 0.04909199848771095
0 0.8442599773406982 0.7144650220870972 0.0396139994263649 0.05120500177145004
0 0.4369710087776184 0.24653199315071106 0.03415000066161156 0.047970000654459
0 0.8484190106391907 0.8444989919662476 0.03139499947428703 0.04056200012564659
0 0.9861419796943665 0.33305299282073975 0.02771499939262867 0.05433399975299835
0 0.02891699969768524 0.24167799949645996 0.03716300055384636 0.04702800139784813
0 0.5291429758071899 0.5470250248908997 0.032520998269319534 0.04924299940466881
0 0.7706210017204285 0.9746090173721313 0.035718001425266266 0.04673200100660324
0 0.45965200662612915 0.1998009979724884 0.033695999532938004 0.04521000012755394
0 0.9719640016555786 0.7789040207862854 0.04158499836921692 0.04766799882054329
0 0.4501830041408539 0.24083299934864044 0.03681899979710579 0.05067100003361702
0 0.42998600006103516 0.20698599517345428 0.02844199910759926 0.04767199978232384
0 0.4501439929008484 0.19283099472522736 0.04156700149178505 0.05118900164961815
0 0.2224549949169159 0.9660639762878418 0.039191000163555145 0.05412599816918373
0 0.5256609916687012 0.5379160046577454 0.02943499945104122 0.04103900119662285
0 0.9901769757270813 0.25451698899269104 0.019646000117063522 0.048695001751184464
0 0.8707540035247803 0.8704670071601868 0.036368001252412796 0.04762500151991844
0 0.44432100653648376 0.243367999792099 0.040414001792669296 0.051833998411893845
0 0.9305610060691833 0.48635101318359375 0.029874000698328018 0.038642000406980515
0 0.9874789714813232 0.34863999485969543 0.02504199929535389 0.08284900337457657
0 0.5609599947929382 0.5391070246696472 0.029479999095201492 0.037783000618219376
0 0.22350500524044037 0.9535199999809265 0.040695998817682266 0.06191999837756157
