0 0.3351300060749054 0.5473639965057373 0.06439100205898285 0.08160199970006943
0 0.97086501121521 0.8190450072288513 0.05827099829912186 0.09875199943780899
0 0.39062899351119995 0.9662370085716248 0.060878001153469086 0.06752599775791168
0 0.7625060081481934 0.5082740187644958 0.06133899837732315 0.07449699938297272
0 0.6183739900588989 0.8357049822807312 0.058194998651742935 0.08072099834680557
0 0.49072501063346863 0.7828789949417114 0.06098800152540207 0.07893600314855576
0 0.40930500626564026 0.8874070048332214 0.059734001755714417 0.0778999999165535
0 0.7094979882240295 0.5199069976806641 0.053947001695632935 0.07379800081253052
0 0.7711510062217712 0.4390850067138672 0.05978799983859062 0.07122000306844711
0 0.44784000515937805 0.03845199942588806 0.057787999510765076 0.06959100067615509
0 0.5032489895820618 0.14620499312877655 0.060245998203754425 0.07870499789714813
0 0.7243469953536987 0.4672049880027771 0.044741999357938766 0.05226600170135498
0 0.5517510175704956 0.6223800182342529 0.05183200165629387 0.07085900008678436
0 0.3206019997596741 0.09519899636507034 0.053568001836538315 0.06931500136852264
0 0.5989770293235779 0.632319986820221 0.054228998720645905 0.059415001422166824
0 0.4307360053062439 0.08690500259399414 0.0421999990940094 0.05764099955558777
0 0.5390509963035583 0.3261379897594452 0.04065199941396713 0.05170400068163872
0 0.6016479730606079 0.6793069839477539 0.058956000953912735 0.065249003469944
0 0.48898300528526306 0.05888599902391434 0.04801400005817413 0.06971800327301025
0 0.44961100816726685 0.13793699443340302 0.057583998888731 0.07573100179433823
0 0.46532300114631653 0.11645899713039398 0.05186599865555763 0.06755000352859497
0 0.4875580072402954 0.013873999938368797 0.05717499926686287 0.02574099972844124
0 0.46091899275779724 0.12478499859571457 0.05992000177502632 0.08061899989843369
0 0.6011030077934265 0.6406940221786499 0.0612649992108345 0.07392799854278564
0 0.6574550271034241 0.6146889925003052 0.04676299914717674 0.06420399993658066
0 0.6590499877929688 0.6261240243911743 0.0483580008149147 0.07192400097846985
