0 0.37633299827575684 0.7786499857902527 0.06537900120019913 0.08904299885034561
0 0.6681550145149231 0.3722209930419922 0.07016699761152267 0.09075500071048737
0 0.44252699613571167 0.8094969987869263 0.06351500004529953 0.08585400134325027
0 0.5746380090713501 0.5716009736061096 0.07010000199079514 0.09422899782657623
0 0.9039400219917297 0.14259600639343262 0.053536999970674515 0.07205300033092499
0 0.23846900463104248 0.0956289991736412 0.07639099657535553 0.09844499826431274
0 0.9274060130119324 0.034053001552820206 0.060722000896930695 0.06574500352144241
0 0.9289330244064331 0.6634910106658936 0.0525050014257431 0.06907600164413452
0 0.8594070076942444 0.20779499411582947 0.06062600016593933 0.07380200177431107
0 0.5200170278549194 0.8149250149726868 0.06780800223350525 0.08787400275468826
0 0.5004670023918152 0.23781099915504456 0.08332300186157227 0.09778299927711487
0 0.977046012878418 0.7337939739227295 0.04577000066637993 0.06977599859237671
0 0.6747260093688965 0.8638550043106079 0.07504700124263763 0.09154000133275986
0 0.5950300097465515 0.7397800087928772 0.07710299640893936 0.0961029976606369
0 0.7823560237884521 0.7879220247268677 0.054242998361587524 0.07314299792051315
0 0.6167640089988708 0.5097230076789856 0.06277500092983246 0.0894709974527359
0 0.5692350268363953 0.4699139893054962 0.07114899903535843 0.09576299786567688
0 0.47845301032066345 0.6855810284614563 0.06952700018882751 0.09470000118017197
0 0.8326510190963745 0.7450429797172546 0.05958300083875656 0.07753799855709076
0 0.6379690170288086 0.6996650099754333 0.055806998163461685 0.0825589969754219
0 0.4170849919319153 0.7256320118904114 0.05929899960756302 0.07064499706029892
0 0.6411640048027039 0.4421130120754242 0.06378799676895142 0.07468599826097488
0 0.26939499378204346 0.834069013595581 0.06887800246477127 0.09519600123167038
0 0.2580530047416687 0.9886260032653809 0.06637900322675705 0.022359000518918037
0 0.47887399792671204 0.46554601192474365 0.060738999396562576 0.09408599883317947
0 0.6026740074157715 0.35673901438713074 0.06686799973249435 0.08230599761009216
0 0.8798869848251343 0.07502000033855438 0.056846000254154205 0.08459600061178207
0 0.7031310200691223 0.6204339861869812 0.055406998842954636 0.07706800103187561
1 0.4545469880104065 0.6236510276794434 0.059186000376939774 0.0752900019288063
0 0.8448209762573242 0.7048289775848389 0.04975900053977966 0.06083599850535393
0 0.9407550096511841 0.3891980051994324 0.034150999039411545 0.05317499861121178
0 0.41782400012016296 0.5724639892578125 0.06367000192403793 0.08109799772500992
0 0.673321008682251 0.7486469745635986 0.0649849995970726 0.07661200314760208
0 0.8621739745140076 0.7271720170974731 0.053047001361846924 0.06668499857187271
0 0.1925020068883896 0.6862549781799316 0.04565799981355667 0.06075799837708473
0 0.5606030225753784 0.10507100075483322 0.04844599962234497 0.05713700130581856
0 0.4546479880809784 0.6262639760971069 0.0628340020775795 0.08183100074529648
0 0.1430090069770813 0.6424959897994995 0.05406999960541725 0.0798799991607666
1 0.5401930212974548 0.6451460123062134 0.05714000016450882 0.0781719982624054
0 0.8430359959602356 0.7155920267105103 0.05096999928355217 0.07846499979496002
0 0.5403239727020264 0.6452959775924683 0.05709100142121315 0.07620599865913391
0 0.8713949918746948 0.7287139892578125 0.03590900078415871 0.06149299815297127
0 0.1389639973640442 0.6331350207328796 0.055962998420000076 0.08463600277900696
