2 0.7485430240631104 0.9010279774665833 0.06385499984025955 0.08861900120973587
2 0.7221059799194336 0.6363599896430969 0.06547000259160995 0.08705800026655197
2 0.3870530128479004 0.8839349746704102 0.06900399923324585 0.0877079963684082
2 0.6513090133666992 0.751645028591156 0.0677269995212555 0.09799899905920029
2 0.40839800238609314 0.9550549983978271 0.06272000074386597 0.0777060016989708
2 0.5934349894523621 0.82949298620224 0.07512900233268738 0.10259100049734116
2 0.6733409762382507 0.5815969705581665 0.06766200065612793 0.09475000202655792
2 0.7181209921836853 0.7297660112380981 0.06433600187301636 0.0918859988451004
2 0.5945619940757751 0.9491299986839294 0.07205499708652496 0.09863899648189545
2 0.7876350283622742 0.812762975692749 0.07290200144052505 0.10328499972820282
2 0.6909980177879333 0.5022760033607483 0.054614998400211334 0.07889600098133087
1 0.4261949956417084 0.7077059745788574 0.07353000342845917 0.0907370001077652
1 0.6908910274505615 0.5019389986991882 0.057284001260995865 0.07743199914693832
1 0.9498710036277771 0.8650400042533875 0.058786001056432724 0.07600200176239014
1 0.12804099917411804 0.9708660244941711 0.0618400014936924 0.05826700106263161
1 0.029610000550746918 0.6803339719772339 0.05217700079083443 0.06717099994421005
2 0.5189779996871948 0.8763449788093567 0.051433999091386795 0.07292500138282776
2 0.12958699464797974 0.9700800180435181 0.06252700090408325 0.058253999799489975
