0 0.13707199692726135 0.1935109943151474 0.08500999957323074 0.10806500166654587
0 0.6380569934844971 0.5836480259895325 0.07304000109434128 0.09210500121116638
0 0.1512559950351715 0.55765700340271 0.07155899703502655 0.09075800329446793
0 0.9641479849815369 0.323852002620697 0.07079800218343735 0.1190129965543747
0 0.43893399834632874 0.419732004404068 0.08879800140857697 0.12337899953126907
0 0.756301999092102 0.6327829957008362 0.07380300015211105 0.09236200153827667
0 0.1166130006313324 0.09730199724435806 0.08647800236940384 0.10044799745082855
0 0.8019059896469116 0.5654159784317017 0.08596599847078323 0.10384800285100937
0 0.8225870132446289 0.24929800629615784 0.08589000254869461 0.10429699718952179
0 0.7256050109863281 0.711633026599884 0.07077299803495407 0.0898509994149208
0 0.015706999227404594 0.10202900320291519 0.030778000131249428 0.10266999900341034
0 0.5192660093307495 0.9362689852714539 0.0675709992647171 0.09308499842882156
0 0.8229920268058777 0.3989410102367401 0.08003100007772446 0.10350000113248825
0 0.6024709939956665 0.9702200293540955 0.066880002617836 0.05956000089645386
1 0.891290009021759 0.3602389991283417 0.0776669979095459 0.1096860021352768
0 0.4481689929962158 0.9497820138931274 0.07866399735212326 0.0946969985961914
0 0.6010680198669434 0.4980100095272064 0.08170399814844131 0.10169299691915512
0 0.8311370015144348 0.14119400084018707 0.08533400297164917 0.10425300151109695
0 0.9112870097160339 0.2716360092163086 0.06853300333023071 0.08758699893951416
1 0.4581420123577118 0.1560789942741394 0.09925299882888794 0.11671199649572372
1 0.49409300088882446 0.30503299832344055 0.07332900166511536 0.08759800344705582
0 0.5187399983406067 0.3867749869823456 0.08331099897623062 0.10496699810028076
0 0.5878310203552246 0.9290459752082825 0.06378799676895142 0.07357499748468399
0 0.6609830260276794 0.305635005235672 0.07390300184488297 0.08709199726581573
0 0.3337729871273041 0.8733450174331665 0.05023600161075592 0.07173199951648712
0 0.07347699999809265 0.32933300733566284 0.05512600019574165 0.08466199785470963
0 0.9717860221862793 0.4252989888191223 0.0564269982278347 0.10211200267076492
1 0.5270299911499023 0.21844199299812317 0.08508100360631943 0.1147800013422966
0 0.39531901478767395 0.3484080135822296 0.06197600066661835 0.10807300359010696
1 0.4175119996070862 0.08429300040006638 0.0831729993224144 0.10390699654817581
0 0.9617890119552612 0.5217400193214417 0.07458999752998352 0.10968299955129623
0 0.7923510074615479 0.7195019721984863 0.06670200079679489 0.09244699776172638
0 0.9848889708518982 0.7012119889259338 0.03022100031375885 0.11526399850845337
0 0.5269929766654968 0.21993300318717957 0.08413700014352798 0.11051099747419357
1 0.9619050025939941 0.521248996257782 0.07527799904346466 0.1094600036740303
1 0.5184810161590576 0.3853369951248169 0.08198799937963486 0.10753799974918365
1 0.8238270282745361 0.4888159930706024 0.06745799630880356 0.07408399879932404
1 0.9718390107154846 0.42240700125694275 0.05367700010538101 0.10184100270271301
0 0.6736879944801331 0.37635499238967896 0.07354100048542023 0.10148400068283081
1 0.6739060282707214 0.37664300203323364 0.07166200131177902 0.09730300307273865
1 0.4034329950809479 0.6193090081214905 0.054753001779317856 0.1022609993815422
1 0.39660000801086426 0.3464750051498413 0.06866999715566635 0.10546399652957916
1 0.8817650079727173 0.45693299174308777 0.059349000453948975 0.0937419980764389
1 0.6008880138397217 0.4976859986782074 0.08351200073957443 0.1025639995932579
1 0.9073989987373352 0.26983898878097534 0.06637799739837646 0.0877079963684082
