2 0.9709179997444153 0.403872013092041 0.05626500025391579 0.08946800231933594
2 0.6853330135345459 0.7480040192604065 0.06343399733304977 0.09169600158929825
2 0.5241850018501282 0.8707829713821411 0.06276199966669083 0.0867990031838417
2 0.1623779982328415 0.6143730282783508 0.06281500309705734 0.08700700104236603
2 0.8615970015525818 0.28671300411224365 0.06343100219964981 0.08650100231170654
2 0.8787379860877991 0.61598801612854 0.057509999722242355 0.07283999770879745
2 0.050655998289585114 0.5330380201339722 0.06023000180721283 0.08339200168848038
2 0.19268499314785004 0.246055006980896 0.05555099993944168 0.07904700189828873
2 0.9228320121765137 0.27994200587272644 0.06899899989366531 0.09072700142860413
2 0.46784600615501404 0.9153220057487488 0.06607100367546082 0.08976399898529053
2 0.24853800237178802 0.8209829926490784 0.060531001538038254 0.08025000244379044
2 0.21796900033950806 0.5827659964561462 0.05524799972772598 0.0762379989027977
2 0.4069029986858368 0.8427659869194031 0.049910999834537506 0.06993500143289566
2 0.256523996591568 0.6030780076980591 0.06689400225877762 0.11055299639701843
2 0.9818969964981079 0.2990880012512207 0.036205001175403595 0.10442599654197693
2 0.921172022819519 0.395563006401062 0.05203299969434738 0.06906399875879288
2 0.8507429957389832 0.20585399866104126 0.06451699882745743 0.08862999826669693
2 0.5279449820518494 0.768185019493103 0.058348000049591064 0.08016999810934067
2 0.8311520218849182 0.8416529893875122 0.04707600176334381 0.0640449970960617
2 0.39523598551750183 0.6542770266532898 0.06598500162363052 0.07920700311660767
