2 0.23548400402069092 0.661657989025116 0.07834400236606598 0.10229499638080597
2 0.6639170050621033 0.3727029860019684 0.09861599653959274 0.12255000323057175
2 0.21130700409412384 0.7461559772491455 0.07074899971485138 0.0900299996137619
2 0.1299789994955063 0.5011609792709351 0.07266899943351746 0.09762100130319595
2 0.19035600125789642 0.5524389743804932 0.07318899780511856 0.10057999938726425
2 0.21676400303840637 0.43842101097106934 0.07196299731731415 0.09977699816226959
2 0.3526279926300049 0.35857701301574707 0.08531499654054642 0.11358900368213654
2 0.30042099952697754 0.4367069900035858 0.08327499777078629 0.11141800135374069
2 0.16273100674152374 0.6484100222587585 0.06746400147676468 0.09461300075054169
2 0.2741830050945282 0.5322740077972412 0.07891199737787247 0.10849399864673615
2 0.23957499861717224 0.33319801092147827 0.08065800368785858 0.10094200074672699
2 0.22727200388908386 0.9169080257415771 0.07288599759340286 0.10824000090360641
2 0.23350299894809723 0.22268399596214294 0.06278099864721298 0.1061910018324852
2 0.42911800742149353 0.060022998601198196 0.06874699890613556 0.09731200337409973
2 0.5861549973487854 0.06718900054693222 0.09656800329685211 0.12432499974966049
2 0.6863939762115479 0.11992499977350235 0.10185699909925461 0.12445499747991562
2 0.7097910046577454 0.042183998972177505 0.10530100017786026 0.08436699956655502
2 0.6795830130577087 0.2217250019311905 0.06591799855232239 0.07902699708938599
2 0.7418709993362427 0.26944699883461 0.06287500262260437 0.08841399848461151
2 0.5394799709320068 0.11262200027704239 0.08021099865436554 0.14438100159168243
2 0.4895389974117279 0.34841498732566833 0.0963200032711029 0.10491999983787537
2 0.12072200328111649 0.44019201397895813 0.06145999953150749 0.07127799838781357
2 0.3189780116081238 0.14795400202274323 0.07404699921607971 0.10587199777364731
2 0.05299999937415123 0.06336399912834167 0.06393299996852875 0.0904569998383522
2 0.11990799754858017 0.5764439702033997 0.053630001842975616 0.07394800335168839
2 0.6303859949111938 0.282366007566452 0.06480900198221207 0.08101300150156021
1 0.3163819909095764 0.1477780044078827 0.07131999731063843 0.10698500275611877
2 0.5009599924087524 0.34553900361061096 0.07149600237607956 0.09852000325918198
1 0.5142059922218323 0.24065299332141876 0.0723470002412796 0.09676799923181534
1 0.05076900124549866 0.06218300014734268 0.05843999981880188 0.08837000280618668
2 0.5513499975204468 0.09605199843645096 0.0886479988694191 0.14748500287532806
1 0.5284389853477478 0.24497899413108826 0.10068000108003616 0.10296200215816498
1 0.38422900438308716 0.23134499788284302 0.0691400021314621 0.10533899813890457
2 0.44664400815963745 0.23177100718021393 0.05840900167822838 0.09141500294208527
0 0.3829520046710968 0.9648429751396179 0.08063899725675583 0.07031399756669998
