673.94 677.42 12.45000 59.76 31.22
705.99 599.06 9.37209 54.94 24.87
675.20 538.27 131.55261 61.89 31.29
840.98 521.17 10.93382 47.17 32.97
700.20 447.49 11.79343 48.92 29.42
667.05 497.49 166.10881 50.42 28.21
668.63 439.60 160.06746 50.94 34.50
1089.84 149.44 4.39871 57.64 31.58
1132.78 222.06 24.19321 47.77 19.28
1113.84 271.01 14.20677 51.46 20.45
1068.37 285.22 179.35625 56.21 26.02
1081.31 334.16 31.86598 55.03 29.57
1053.68 120.23 147.52881 42.89 28.00
1041.62 185.83 156.39588 47.46 26.47
1048.75 237.54 165.04416 55.23 27.63
1104.85 232.61 144.78241 38.02 26.97
1145.62 261.27 42.82526 40.86 30.25
