518.63 132.30 0.66620 78.21 35.57
544.55 191.42 3.36646 77.43 34.24
48.44 212.56 15.79240 77.97 36.03
111.34 245.15 5.76789 75.41 31.15
40.10 296.30 1.70135 76.57 34.18
1127.36 407.80 5.64825 57.75 37.39
1077.16 448.53 158.42869 58.40 22.82
1175.67 483.26 12.09476 54.25 28.80
1086.00 494.63 173.65981 57.19 28.14
1105.89 551.78 2.02136 53.71 24.07
1123.89 592.52 19.29005 53.53 26.37
1159.57 532.21 155.55605 53.42 25.46
1140.83 494.64 154.49306 43.02 23.55
1189.84 528.29 56.40249 43.57 19.75
1087.72 375.32 154.11701 47.67 24.33
708.10 948.46 14.50017 63.06 34.01
743.10 865.57 6.56270 59.86 32.11
712.05 809.78 131.33221 58.17 36.00
702.31 767.55 163.08582 54.43 20.76
751.97 921.01 153.78862 44.13 25.35
449.25 870.59 152.26182 39.92 17.32
493.26 910.94 42.65587 36.86 20.68
