2 0.661613 0.447205 0.066253 0.084523
2 0.829822 0.502871 0.061771 0.078855
2 0.344985 0.759027 0.049392 0.066705
2 0.357936 0.897160 0.043030 0.055611
1 0.596527 0.667848 0.053901 0.067045
1 0.865819 0.347856 0.057628 0.080857
2 0.119998 0.382498 0.048065 0.061865
1 0.807232 0.305602 0.062595 0.090632
2 0.762076 0.408066 0.059694 0.074106
2 0.134182 0.536165 0.045534 0.056002
2 0.672462 0.120251 0.063125 0.082536
2 0.478226 0.702674 0.055814 0.073506
2 0.428403 0.195979 0.052726 0.069117
2 0.385346 0.825295 0.041661 0.057687
2 0.824348 0.625834 0.063147 0.079611
1 0.840922 0.702430 0.052824 0.068092
1 0.922109 0.321908 0.064071 0.083064
2 0.442703 0.636402 0.051120 0.069438
2 0.400850 0.074835 0.050384 0.071449
1 0.759040 0.640168 0.053285 0.073138
2 0.274359 0.719082 0.047039 0.062100
2 0.415687 0.439841 0.060344 0.080577
2 0.405061 0.683187 0.049567 0.080481
1 0.269509 0.563554 0.048505 0.062158
1 0.668578 0.754777 0.038120 0.066147
2 0.367550 0.123950 0.050658 0.062322
1 0.878861 0.546477 0.051823 0.072560
2 0.472070 0.115093 0.052615 0.068322
2 0.257090 0.657050 0.047487 0.060408
2 0.661355 0.366622 0.056339 0.070185
2 0.878484 0.424072 0.061230 0.080027
1 0.562015 0.607755 0.057911 0.073966
2 0.606311 0.278865 0.048665 0.071016
1 0.700815 0.218971 0.059317 0.077879
2 0.639647 0.309826 0.056343 0.077465
1 0.450903 0.027493 0.059444 0.054985
1 0.295471 0.615036 0.045386 0.060080
2 0.653546 0.216109 0.060036 0.082364
2 0.339127 0.603375 0.048571 0.062943
1 0.626985 0.987853 0.050205 0.024294
1 0.284139 0.524295 0.046676 0.051121
1 0.742839 0.923209 0.048162 0.058311
1 0.416485 0.137022 0.049960 0.060667
1 0.150399 0.277364 0.046349 0.057097
2 0.233267 0.679593 0.038279 0.063348
2 0.463678 0.206005 0.044649 0.066353
1 0.802828 0.692155 0.041485 0.062688
2 0.214781 0.410460 0.042234 0.067326
2 0.628458 0.748105 0.071429 0.079160
2 0.131555 0.313888 0.035326 0.041255
1 0.712116 0.664470 0.061369 0.084562
2 0.711478 0.664922 0.060977 0.085037
1 0.607797 0.553258 0.048402 0.080906
2 0.143460 0.481473 0.044307 0.050599
2 0.416572 0.137155 0.050806 0.060792
1 0.630120 0.748902 0.060942 0.077603
2 0.751779 0.340470 0.051787 0.063998
2 0.608438 0.554054 0.046259 0.079357
1 0.238920 0.520178 0.044846 0.056085
2 0.148487 0.414477 0.034218 0.043939
1 0.605931 0.275709 0.046881 0.065783
2 0.079515 0.472796 0.028349 0.035152
2 0.705525 0.349039 0.043083 0.069985
1 0.368748 0.124432 0.049827 0.063813
1 0.402626 0.074916 0.052566 0.072455
2 0.332764 0.151240 0.037181 0.043862
1 0.639025 0.309148 0.057068 0.077615
2 0.603753 0.742090 0.035617 0.081511
1 0.131202 0.314820 0.034914 0.042111
1 0.646255 0.688922 0.044029 0.052133
2 0.116970 0.466267 0.030892 0.038146