2 0.645561 0.428554 0.067768 0.088377
1 0.578617 0.647763 0.055948 0.071992
2 0.335787 0.872541 0.044885 0.058075
1 0.854944 0.329084 0.056981 0.077220
2 0.253209 0.694046 0.049423 0.061510
1 0.795611 0.284231 0.061575 0.085857
2 0.325831 0.734658 0.052291 0.070990
2 0.097062 0.352608 0.046179 0.063791
2 0.660109 0.097487 0.061186 0.082961
2 0.815200 0.485641 0.063483 0.082140
1 0.248767 0.540353 0.049570 0.061608
1 0.686785 0.195257 0.063763 0.082118
2 0.748953 0.389193 0.059919 0.074803
2 0.388774 0.664889 0.058833 0.083341
2 0.460093 0.681091 0.060309 0.077674
2 0.422352 0.614823 0.052545 0.069852
1 0.823772 0.682259 0.051068 0.066761
1 0.911205 0.303139 0.064002 0.083515
2 0.410835 0.168040 0.054578 0.070874
1 0.723936 0.904306 0.049095 0.055971
2 0.363037 0.800255 0.042455 0.059049
2 0.230970 0.635973 0.054155 0.068905
1 0.810119 0.607731 0.064870 0.078925
2 0.111750 0.505589 0.045067 0.056861
1 0.625505 0.286648 0.060468 0.078067
1 0.274165 0.590857 0.046950 0.063158
2 0.053782 0.433872 0.027595 0.036136
2 0.349360 0.093366 0.051353 0.064736
1 0.261452 0.498164 0.051127 0.055073
1 0.646147 0.343942 0.057528 0.066811
2 0.213669 0.656309 0.045025 0.064063
2 0.454865 0.086078 0.053858 0.068964
2 0.120403 0.452379 0.045719 0.055075
1 0.590395 0.535505 0.049726 0.080678
1 0.864749 0.526521 0.053160 0.073513
1 0.218525 0.491961 0.049165 0.060287
1 0.543808 0.589444 0.061544 0.075113
2 0.866739 0.407297 0.063040 0.082286
1 0.786886 0.672540 0.044942 0.065586
1 0.131308 0.243917 0.047069 0.058181
2 0.694494 0.648703 0.063076 0.082690
2 0.319205 0.581100 0.048750 0.062592
1 0.694774 0.645778 0.061408 0.086615
2 0.396578 0.108987 0.050379 0.060447
2 0.384294 0.045047 0.054786 0.071804
1 0.744152 0.621483 0.052893 0.072816
1 0.106974 0.275022 0.034027 0.043972
1 0.637892 0.192700 0.055339 0.082323
2 0.397896 0.421051 0.063144 0.081544
2 0.809948 0.607705 0.063853 0.079515
1 0.441441 0.015295 0.084063 0.030589
2 0.192515 0.382670 0.047611 0.067600
2 0.446294 0.178163 0.042454 0.070700
2 0.126361 0.377035 0.033672 0.046418
1 0.384758 0.044662 0.055575 0.070754
1 0.627634 0.667627 0.044131 0.051012
1 0.866400 0.406969 0.063157 0.082708
2 0.607439 0.731582 0.077781 0.091293
1 0.398169 0.109616 0.052043 0.060459
1 0.691220 0.326700 0.039628 0.070954
1 0.603256 0.973192 0.037939 0.045770
2 0.311727 0.628114 0.041917 0.050325
2 0.590267 0.252944 0.047747 0.067770
1 0.738111 0.319590 0.051201 0.064559
1 0.612635 0.732287 0.064412 0.081707
2 0.625179 0.285895 0.056984 0.077863
1 0.398505 0.420977 0.063074 0.082008
1 0.437717 0.011824 0.070160 0.023647
2 0.223613 0.642128 0.062142 0.076102
2 0.157244 0.384784 0.037233 0.048110
2 0.639093 0.192856 0.057666 0.082295
1 0.276966 0.451991 0.034012 0.050805
2 0.646892 0.342406 0.056946 0.070181
1 0.590750 0.253048 0.048438 0.067368
1 0.650717 0.733344 0.037578 0.067092
2 0.167429 0.529095 0.032057 0.043727
2 0.161420 0.365127 0.044963 0.056163
2 0.091322 0.430304 0.031146 0.040224