2 0.659733 0.454840 0.065497 0.086120
2 0.827878 0.506266 0.062960 0.080901
2 0.361188 0.901974 0.043604 0.057068
1 0.864081 0.352416 0.057869 0.078271
2 0.442514 0.642802 0.053790 0.070163
1 0.804871 0.309462 0.061226 0.087083
2 0.349656 0.765587 0.049148 0.069355
2 0.669795 0.127037 0.060982 0.081718
1 0.918945 0.326334 0.062647 0.080831
2 0.276901 0.725097 0.047236 0.060890
1 0.596511 0.673188 0.054364 0.071290
2 0.823935 0.629267 0.062641 0.079727
2 0.478051 0.707682 0.057110 0.075246
2 0.138083 0.543752 0.044899 0.056597
2 0.121333 0.391412 0.047510 0.061449
2 0.237567 0.688883 0.043206 0.063839
2 0.258539 0.667918 0.047533 0.065314
1 0.270877 0.572340 0.046508 0.061286
1 0.696631 0.223774 0.060238 0.078594
1 0.758262 0.644307 0.052708 0.073034
2 0.759532 0.414023 0.058580 0.074383
1 0.841166 0.706353 0.051396 0.065244
2 0.387680 0.830724 0.041306 0.057617
2 0.366571 0.131508 0.050449 0.062803
2 0.413333 0.446916 0.059614 0.079317
2 0.877101 0.429594 0.061440 0.082201
2 0.341823 0.610481 0.045514 0.062513
2 0.425879 0.202066 0.049115 0.067804
1 0.448855 0.031479 0.060301 0.062957
2 0.402627 0.688273 0.047214 0.078782
1 0.669931 0.758316 0.041678 0.068635
2 0.215516 0.418712 0.045403 0.068104
1 0.154741 0.281549 0.044210 0.059225
1 0.296197 0.621998 0.046657 0.060644
2 0.628224 0.753554 0.070684 0.085131
1 0.712391 0.671036 0.058904 0.080738
1 0.560223 0.614647 0.059745 0.070714
2 0.398287 0.083725 0.050831 0.068920
2 0.560204 0.613527 0.059621 0.077021
1 0.745093 0.927637 0.046593 0.058267
2 0.469436 0.122546 0.052354 0.067968
1 0.879198 0.548135 0.053507 0.071270
2 0.659430 0.370861 0.055416 0.069837
1 0.283431 0.531263 0.048582 0.050958
2 0.710237 0.670757 0.059635 0.083945
1 0.658843 0.371506 0.052831 0.066583
2 0.605819 0.559637 0.045436 0.078059
1 0.804766 0.696228 0.043212 0.065975
1 0.637462 0.313441 0.056116 0.078084
1 0.469332 0.122370 0.051320 0.068804
1 0.412931 0.145347 0.053211 0.057939
1 0.147534 0.490231 0.042317 0.052703
1 0.646527 0.694551 0.045454 0.053060
1 0.629890 0.989764 0.051117 0.020472
2 0.335951 0.658451 0.040497 0.050259
2 0.462527 0.212306 0.041139 0.065961
2 0.649836 0.221218 0.055300 0.079687
2 0.637613 0.313786 0.054642 0.077561
1 0.749043 0.343749 0.051304 0.063179
1 0.628888 0.755250 0.061147 0.083894
2 0.331518 0.160645 0.038444 0.045009
1 0.605383 0.561271 0.048042 0.080069
2 0.085678 0.480101 0.029876 0.037118
2 0.604824 0.284092 0.050293 0.069174
2 0.248463 0.672505 0.062000 0.076317
2 0.410582 0.686455 0.050166 0.075316
1 0.650356 0.221160 0.056690 0.078378
1 0.399689 0.083435 0.053277 0.069202
2 0.147038 0.490321 0.041738 0.052990
2 0.136320 0.321730 0.033514 0.040690
2 0.704912 0.352827 0.038596 0.071545
2 0.607015 0.748156 0.040290 0.082608
1 0.703707 0.352611 0.040167 0.070580
1 0.243019 0.526251 0.045960 0.054626
2 0.152759 0.421105 0.034076 0.044823
1 0.602573 0.282353 0.045045 0.066761
2 0.412861 0.145179 0.050824 0.055501
2 0.990888 0.025762 0.018225 0.051524
2 0.295970 0.622052 0.047072 0.059174