2 0.356936 0.381502 0.068197 0.088662
2 0.944893 0.298784 0.062805 0.080786
2 0.973247 0.378337 0.053507 0.075797
2 0.521595 0.445964 0.063621 0.079739
2 0.044950 0.755814 0.045895 0.061103
2 0.511524 0.566921 0.062041 0.079907
1 0.280821 0.601526 0.057985 0.069516
2 0.155243 0.630811 0.062478 0.084325
2 0.574221 0.372116 0.061829 0.082696
2 0.798161 0.555525 0.059641 0.079310
2 0.087263 0.612430 0.060380 0.085011
2 0.120264 0.562654 0.057668 0.073371
2 0.884102 0.282818 0.059877 0.076323
2 0.459031 0.348141 0.060673 0.079628
2 0.358464 0.296579 0.058862 0.072916
2 0.886094 0.475306 0.056073 0.070472
2 0.018249 0.688950 0.035887 0.071686
2 0.019917 0.831166 0.039835 0.057247
1 0.518207 0.643357 0.053562 0.065936
1 0.507147 0.246075 0.062226 0.088622
1 0.286220 0.932290 0.041900 0.050673
2 0.117817 0.103249 0.057427 0.070979
2 0.868160 0.543052 0.059678 0.075895
2 0.055436 0.029562 0.056940 0.059123
2 0.379919 0.048954 0.059313 0.083413
1 0.565146 0.294152 0.058633 0.078448
2 0.017835 0.528285 0.035400 0.073543
2 0.163503 0.030096 0.058610 0.060192
2 0.398131 0.605102 0.062826 0.083702
2 0.280252 0.675809 0.039977 0.079432
1 0.182017 0.470815 0.056171 0.068018
2 0.319607 0.687770 0.066770 0.080356
2 0.105852 0.043810 0.055242 0.063948
1 0.619948 0.271342 0.064642 0.085842
2 0.354797 0.146788 0.060893 0.085452
2 0.106434 0.361532 0.066161 0.083196
2 0.450039 0.279926 0.051326 0.066523
1 0.445932 0.580071 0.053303 0.076382
2 0.251410 0.540721 0.063840 0.076012
1 0.836725 0.936851 0.049408 0.059504
2 0.154037 0.117746 0.050837 0.067123
1 0.404216 0.152397 0.060740 0.080559
2 0.338918 0.238983 0.062104 0.078078
2 0.091226 0.411720 0.047920 0.065446
2 0.826263 0.500263 0.047241 0.065978
1 0.339101 0.236255 0.062135 0.079291
1 0.320763 0.974511 0.039902 0.049700
1 0.413739 0.860675 0.047955 0.057400
2 0.307218 0.202860 0.053212 0.070298
2 0.299718 0.489468 0.048159 0.082170
2 0.403002 0.285500 0.040341 0.072011
1 0.483765 0.633486 0.044183 0.067159
1 0.304188 0.204663 0.046828 0.068801
1 0.324422 0.687980 0.073531 0.081039
1 0.564281 0.492284 0.050536 0.069807