2 0.667465 0.448845 0.063657 0.082235
2 0.370374 0.899418 0.044666 0.057178
2 0.355978 0.760809 0.049086 0.067361
2 0.679740 0.121608 0.059811 0.082720
2 0.837200 0.503144 0.063443 0.080523
1 0.814120 0.304227 0.063067 0.089020
1 0.280064 0.568554 0.049631 0.061688
1 0.928596 0.321314 0.063218 0.079531
2 0.129314 0.387734 0.049363 0.062113
1 0.873470 0.346960 0.059835 0.076903
2 0.486179 0.703973 0.059506 0.078581
2 0.768672 0.408859 0.060220 0.073090
2 0.450910 0.639921 0.053564 0.072319
1 0.604689 0.668809 0.055017 0.068911
2 0.434972 0.197944 0.053565 0.068322
2 0.832483 0.625896 0.062213 0.076411
2 0.478199 0.116294 0.051950 0.069722
1 0.292096 0.526251 0.046948 0.052552
1 0.848487 0.702843 0.049252 0.065729
1 0.304698 0.617581 0.044652 0.062815
2 0.396624 0.827293 0.040736 0.058574
2 0.406319 0.078196 0.051669 0.069980
2 0.411665 0.684961 0.047225 0.080996
2 0.647087 0.310312 0.055262 0.074809
2 0.223001 0.414971 0.044034 0.065897
2 0.885526 0.425310 0.063440 0.082958
2 0.374042 0.126522 0.049780 0.062301
1 0.812425 0.693431 0.043271 0.066447
2 0.635872 0.749745 0.070601 0.083362
1 0.887805 0.546089 0.050647 0.072840
1 0.613964 0.557300 0.049246 0.079342
2 0.667777 0.366426 0.057457 0.070569
2 0.613199 0.278027 0.048290 0.066568
2 0.347946 0.606712 0.047001 0.063179
1 0.767392 0.640662 0.053497 0.074955
2 0.147200 0.539843 0.044646 0.056481
2 0.718998 0.668539 0.060274 0.078396
1 0.638481 0.988195 0.049993 0.023610
2 0.421822 0.442180 0.058770 0.079741
1 0.457729 0.028734 0.059246 0.057468
2 0.264489 0.662098 0.053536 0.062601
1 0.706590 0.220168 0.058621 0.076601
2 0.421670 0.140750 0.049477 0.059328
2 0.660011 0.220055 0.056728 0.080728
1 0.250955 0.522661 0.045339 0.055094
1 0.677905 0.754589 0.037961 0.064969
1 0.568151 0.609571 0.057849 0.074036
2 0.244719 0.684514 0.038130 0.061517
1 0.162165 0.278213 0.039749 0.056828
2 0.471107 0.209601 0.041390 0.066653
2 0.567711 0.610141 0.057325 0.075709
2 0.010468 0.131234 0.019942 0.031565
2 0.705103 0.219420 0.059819 0.076828
2 0.284861 0.721029 0.045239 0.058894
2 0.154555 0.484537 0.043331 0.048874
2 0.758682 0.341053 0.049025 0.061314
2 0.249302 0.678819 0.047871 0.064035
2 0.143508 0.316436 0.034148 0.041287
2 0.625260 0.745493 0.059155 0.084455
2 0.711983 0.350332 0.040750 0.070971
2 0.161023 0.416120 0.033948 0.043701
1 0.752690 0.922849 0.048086 0.055768
1 0.669186 0.367970 0.057915 0.066848
1 0.639469 0.752304 0.061368 0.078526
2 0.613978 0.556508 0.046136 0.077353
2 0.005078 0.092993 0.010155 0.041279
1 0.720886 0.665377 0.058953 0.081215
1 0.266806 0.660808 0.047296 0.059651
1 0.028187 0.975884 0.028572 0.035480
1 0.647260 0.309414 0.056822 0.078302
2 0.092514 0.475021 0.027922 0.035104
1 0.711259 0.350512 0.041784 0.071396
1 0.154277 0.485811 0.043356 0.051433
2 0.258572 0.669646 0.059294 0.074840