2 0.288191 0.429493 0.082551 0.102763
2 0.176005 0.465321 0.091971 0.111188
2 0.789853 0.885599 0.089744 0.098553
2 0.781608 0.383693 0.091292 0.112907
2 0.759250 0.951789 0.078839 0.095632
2 0.941547 0.528637 0.089151 0.121443
2 0.974286 0.648919 0.050271 0.118820
2 0.911134 0.739377 0.085266 0.093291
2 0.416662 0.083690 0.092720 0.112063
2 0.507005 0.890250 0.086038 0.103366
2 0.203676 0.381255 0.077279 0.096049
2 0.849250 0.609749 0.079403 0.106298
2 0.600443 0.764619 0.088592 0.106505
2 0.033412 0.433816 0.064507 0.086367