2 0.418401 0.583293 0.063056 0.084856
2 0.562133 0.658866 0.062321 0.077938
2 0.529130 0.778236 0.061135 0.079637
2 0.964362 0.630291 0.057703 0.072507
2 0.159814 0.288731 0.063111 0.078233
2 0.181202 0.583305 0.058722 0.081511
2 0.621531 0.593746 0.061217 0.078972
2 0.871619 0.713646 0.050427 0.071625
2 0.146071 0.217251 0.054299 0.068235
2 0.177953 0.797733 0.071977 0.093503
2 0.934677 0.557485 0.052427 0.068002
2 0.434077 0.493307 0.058906 0.078836
2 0.306850 0.798362 0.070698 0.076645
2 0.131951 0.151507 0.062188 0.076945
2 0.212610 0.540650 0.068931 0.088432
2 0.093048 0.193468 0.060582 0.072431
2 0.783137 0.781183 0.051809 0.078508
2 0.197021 0.207485 0.055451 0.074029
2 0.321050 0.731340 0.063324 0.074352
2 0.139089 0.753364 0.058399 0.084146
2 0.436485 0.809719 0.053018 0.068663
2 0.840655 0.778902 0.048619 0.064261
2 0.421160 0.353858 0.051167 0.083012
2 0.019582 0.032041 0.036532 0.053493
2 0.252730 0.877853 0.061306 0.083377
1 0.675937 0.502048 0.062915 0.078321
1 0.622201 0.516975 0.054734 0.070758
2 0.462588 0.264525 0.063972 0.080520
2 0.195181 0.108973 0.060430 0.073481
2 0.055120 0.016039 0.062073 0.030430
1 0.556297 0.466344 0.071961 0.085132
2 0.514784 0.557751 0.054815 0.065434
2 0.019293 0.707586 0.038586 0.079551
2 0.471368 0.366362 0.057345 0.073917
2 0.344016 0.887718 0.059859 0.080221
1 0.252418 0.877262 0.064477 0.085441
2 0.489317 0.491233 0.048491 0.062935
1 0.300444 0.892571 0.046925 0.072327
2 0.007532 0.057310 0.015063 0.047763
1 0.343851 0.888173 0.061301 0.079680
1 0.464976 0.263455 0.064341 0.080556
2 0.154431 0.082336 0.049129 0.068074
2 0.924966 0.795998 0.043547 0.059518