2 0.661881 0.443402 0.065787 0.086604
2 0.346977 0.757208 0.050908 0.068362
2 0.831166 0.499651 0.061036 0.079875
1 0.867009 0.344582 0.056425 0.079092
2 0.359837 0.895448 0.043068 0.056884
1 0.597554 0.664693 0.053391 0.066549
1 0.923080 0.318180 0.063312 0.081447
1 0.842510 0.699084 0.051581 0.066812
1 0.808444 0.302278 0.063127 0.089626
2 0.416264 0.437975 0.060488 0.081318
2 0.386032 0.823437 0.041631 0.056874
2 0.429449 0.192407 0.053229 0.069772
2 0.763139 0.405481 0.058694 0.075233
2 0.673499 0.116430 0.062318 0.084412
2 0.825683 0.623380 0.062155 0.080121
2 0.641369 0.306096 0.056538 0.075060
2 0.367747 0.120720 0.050277 0.062614
2 0.120794 0.381707 0.048138 0.062948
2 0.405937 0.680152 0.051298 0.082058
1 0.668823 0.751882 0.039134 0.066325
2 0.442804 0.633236 0.049883 0.069678
2 0.471505 0.111911 0.051196 0.069429
2 0.662971 0.361137 0.057904 0.071882
2 0.401938 0.072076 0.052213 0.070523
2 0.255718 0.656687 0.051890 0.065043
2 0.479050 0.699349 0.058898 0.076440
1 0.759913 0.636424 0.052414 0.075312
2 0.134775 0.533715 0.044767 0.057753
2 0.340897 0.601062 0.048012 0.060955
2 0.653403 0.213403 0.058730 0.081289
2 0.275752 0.716470 0.045529 0.060974
1 0.628811 0.987157 0.049323 0.025686
1 0.713896 0.661402 0.060148 0.083696
1 0.451631 0.024879 0.060819 0.049759
1 0.701624 0.214776 0.062496 0.080256
2 0.236357 0.677009 0.042361 0.066111
2 0.606887 0.273760 0.048265 0.067932
2 0.416398 0.133674 0.050174 0.059935
1 0.150461 0.273985 0.041292 0.058563
2 0.213826 0.410335 0.044401 0.063903
2 0.752911 0.336049 0.052158 0.064873
2 0.879560 0.420731 0.060662 0.080837
1 0.804612 0.686175 0.041187 0.066330
1 0.416105 0.134320 0.051148 0.061112
2 0.466096 0.202276 0.043985 0.065785
1 0.880624 0.543449 0.050848 0.071032
2 0.628213 0.746276 0.067666 0.082579
2 0.562501 0.604763 0.059498 0.072833
1 0.270077 0.560688 0.048214 0.060985
1 0.744538 0.919409 0.047331 0.057270
1 0.609176 0.550992 0.048019 0.079712
1 0.480340 0.700765 0.058499 0.075996
2 0.332288 0.149184 0.036399 0.044338
2 0.133597 0.312431 0.037017 0.042264
1 0.562396 0.605242 0.057678 0.073478
2 0.712709 0.662426 0.061668 0.082768
1 0.283620 0.521155 0.046071 0.047996
2 0.144649 0.480392 0.043402 0.050148
1 0.631621 0.746539 0.060806 0.078448
1 0.647247 0.684600 0.044198 0.053470
1 0.296412 0.612117 0.045078 0.059301
2 0.706434 0.345124 0.041662 0.069236
2 0.608987 0.551445 0.047289 0.078971
2 0.149942 0.412537 0.035068 0.044670
2 0.080336 0.471079 0.028859 0.035658
2 0.602227 0.736201 0.029459 0.076251
1 0.133104 0.313199 0.035477 0.042275
1 0.145107 0.479862 0.044326 0.053397
1 0.239940 0.518001 0.045311 0.057997
1 0.368796 0.122065 0.049525 0.062545