2 0.520146 0.622680 0.069173 0.085402
2 0.275360 0.344654 0.055614 0.076791
2 0.692490 0.674208 0.064337 0.080803
2 0.528913 0.286771 0.060794 0.083843
1 0.669357 0.472775 0.063320 0.087226
2 0.186003 0.057554 0.053365 0.071037
2 0.210051 0.263531 0.053189 0.070285
2 0.623283 0.581550 0.061363 0.077704
2 0.201253 0.903269 0.049886 0.069145
2 0.296028 0.153622 0.064995 0.082542
2 0.688801 0.787395 0.062966 0.078192
2 0.294852 0.807026 0.058189 0.079275
2 0.098475 0.829448 0.062684 0.076331
1 0.727761 0.524591 0.063388 0.085359
1 0.456615 0.838532 0.054896 0.074816
2 0.244888 0.211083 0.056281 0.073935
1 0.785721 0.500004 0.066533 0.082940
2 0.743910 0.597725 0.060633 0.081540
2 0.312163 0.344379 0.043175 0.065359
2 0.318025 0.250109 0.054526 0.072645
1 0.557703 0.383206 0.062139 0.082669
2 0.258777 0.277683 0.053640 0.065339
2 0.168086 0.019001 0.040393 0.038001
2 0.494888 0.924782 0.065115 0.083926
2 0.162116 0.096909 0.033136 0.044419
1 0.333886 0.868443 0.059132 0.078911
2 0.261043 0.886265 0.067161 0.084188
2 0.126475 0.865686 0.046999 0.062687
2 0.877277 0.167369 0.068240 0.074648
1 0.469369 0.741815 0.043888 0.073110
2 0.510548 0.377296 0.057519 0.080981
1 0.507966 0.836181 0.043922 0.062817
2 0.245004 0.951556 0.043522 0.060031
1 0.115788 0.726579 0.054935 0.068151
2 0.083322 0.841565 0.049924 0.074787
1 0.574859 0.841912 0.061679 0.081081
2 0.520403 0.530591 0.059052 0.071917
2 0.174497 0.288556 0.043284 0.056113
1 0.263423 0.637051 0.065113 0.095636
1 0.879250 0.166945 0.067632 0.071245
1 0.417583 0.797606 0.058763 0.076358
2 0.085586 0.629654 0.050299 0.059045
2 0.274052 0.121207 0.045458 0.064918
1 0.494460 0.478591 0.059424 0.079270
2 0.461317 0.439177 0.050776 0.075417
1 0.520407 0.535672 0.058475 0.067930
1 0.144263 0.781665 0.052366 0.073613
2 0.089472 0.836750 0.064526 0.082017
1 0.564471 0.506589 0.044354 0.074307
2 0.574353 0.839592 0.064267 0.088577
2 0.980688 0.762022 0.037556 0.081030
2 0.613487 0.503438 0.053579 0.068365
2 0.188906 0.765819 0.051572 0.070215
2 0.557499 0.385791 0.061442 0.081446
1 0.622459 0.807517 0.055892 0.076781
1 0.340349 0.298796 0.045559 0.054128
2 0.006711 0.450879 0.011408 0.047658
2 0.143565 0.781590 0.052463 0.071552
1 0.706999 0.848265 0.050109 0.059167
1 0.053549 0.549418 0.044249 0.073148
2 0.051264 0.549778 0.049075 0.073036
1 0.128302 0.670560 0.046907 0.058921
2 0.127989 0.671569 0.048928 0.058665
1 0.346372 0.748966 0.051658 0.053602
2 0.047478 0.604481 0.032593 0.041855
1 0.294802 0.806728 0.058037 0.081797
2 0.442922 0.565597 0.043557 0.055092
2 0.262596 0.641657 0.063803 0.102766
1 0.744668 0.697960 0.051762 0.072727
1 0.459876 0.441574 0.051020 0.076597