2 0.730582 0.708120 0.085026 0.101188
2 0.601440 0.852047 0.094510 0.096442
2 0.598656 0.337409 0.093259 0.117473
2 0.576158 0.932159 0.083008 0.109001
2 0.829655 0.612867 0.105694 0.126511
2 0.767764 0.490492 0.093707 0.127958
2 0.211517 0.035646 0.102009 0.071293
2 0.666085 0.569100 0.083241 0.112276
2 0.312270 0.870098 0.091170 0.113150
2 0.067243 0.383424 0.092155 0.107361
2 0.406578 0.732288 0.095144 0.109515
1 0.405677 0.732300 0.095489 0.112073
2 0.009221 0.328028 0.017461 0.093903
1 0.008999 0.327135 0.017624 0.093135