2 0.605331 0.642867 0.090153 0.097044
2 0.576876 0.707336 0.086150 0.107335
2 0.837142 0.400173 0.101823 0.119287
2 0.628172 0.132545 0.091531 0.113566
2 0.108522 0.160785 0.083753 0.105819
2 0.785047 0.285652 0.094882 0.118182
2 0.682374 0.366759 0.080625 0.109635
2 0.422298 0.511128 0.093859 0.106325
2 0.325003 0.636778 0.090192 0.108692
2 0.739301 0.487697 0.085503 0.084919
2 0.033289 0.094016 0.063232 0.079885
2 0.696802 0.837071 0.069074 0.091643
2 0.021849 0.172303 0.043370 0.112666
0 0.970494 0.907161 0.059013 0.143137
2 0.685258 0.822900 0.051969 0.078471