2 0.656823 0.443921 0.064447 0.085918
2 0.825334 0.500606 0.063783 0.080984
2 0.342375 0.757511 0.051511 0.068131
1 0.592431 0.664948 0.054306 0.067017
2 0.355528 0.895390 0.043584 0.055873
1 0.802819 0.302703 0.063026 0.090447
2 0.381981 0.823590 0.042521 0.057823
1 0.266177 0.562970 0.050356 0.062093
2 0.756652 0.406522 0.056420 0.075399
2 0.666779 0.116634 0.064071 0.084294
1 0.862904 0.345296 0.057873 0.078571
1 0.917364 0.319182 0.064162 0.080348
2 0.421790 0.192460 0.054513 0.067936
2 0.114612 0.382831 0.048087 0.059528
2 0.656830 0.363822 0.055932 0.067764
1 0.836930 0.700558 0.049931 0.066930
2 0.819977 0.622980 0.062339 0.079205
2 0.635166 0.306574 0.054199 0.075019
2 0.131243 0.534721 0.048899 0.058473
2 0.874468 0.421923 0.063029 0.081110
2 0.362400 0.120824 0.048498 0.061403
2 0.410881 0.438159 0.062534 0.080935
2 0.408822 0.135308 0.046616 0.060155
1 0.556828 0.605878 0.057218 0.075626
2 0.475212 0.699768 0.057401 0.073430
2 0.437404 0.634476 0.053315 0.072210
2 0.401821 0.679717 0.054139 0.081093
1 0.145932 0.275485 0.048519 0.057172
1 0.290232 0.614360 0.044178 0.060924
1 0.625375 0.986998 0.052366 0.026005
2 0.230611 0.679906 0.044524 0.066020
1 0.755828 0.637732 0.053096 0.074091
2 0.395112 0.071406 0.052103 0.069437
2 0.706444 0.664547 0.059904 0.081516
2 0.466207 0.112336 0.052196 0.070611
2 0.602180 0.272679 0.050196 0.067914
1 0.738555 0.919295 0.048181 0.057077
2 0.270261 0.717345 0.047745 0.060991
1 0.875282 0.544263 0.052493 0.070614
1 0.279314 0.521716 0.049055 0.047343
1 0.799713 0.688332 0.044851 0.064650
1 0.252674 0.654049 0.049729 0.058312
2 0.211035 0.408415 0.041669 0.068022
1 0.695535 0.217080 0.060209 0.077217
1 0.663922 0.752403 0.038704 0.063091
2 0.648122 0.215410 0.054710 0.079790
2 0.599527 0.739698 0.036293 0.075610
1 0.445062 0.026266 0.059409 0.052532
2 0.459086 0.205034 0.047424 0.067022
2 0.075398 0.472390 0.027752 0.034480
1 0.601389 0.553001 0.050176 0.080635
1 0.706724 0.661989 0.059136 0.085542
2 0.747889 0.337993 0.051087 0.065408
1 0.627348 0.747948 0.059149 0.076325
1 0.139139 0.480939 0.041986 0.050589
2 0.626177 0.746785 0.065622 0.079101
2 0.251966 0.655638 0.051600 0.060406
2 0.335385 0.602000 0.045972 0.061050
2 0.144519 0.411744 0.034709 0.044878
2 0.600508 0.552715 0.050761 0.078639
1 0.334924 0.602018 0.046812 0.061255
1 0.486618 0.542497 0.050251 0.063861
2 0.128037 0.313236 0.034200 0.039879
1 0.410126 0.437424 0.061885 0.081279
1 0.437425 0.636742 0.053442 0.072085
1 0.635472 0.306454 0.054699 0.075804
2 0.173049 0.410068 0.037659 0.051633
2 0.701633 0.346326 0.041370 0.068010
1 0.643858 0.685868 0.042436 0.050563
1 0.233568 0.518002 0.040077 0.056613
2 0.236938 0.670178 0.054584 0.078139