2 0.819355 0.449693 0.078803 0.099662
2 0.621322 0.440926 0.073346 0.092456
2 0.974965 0.743816 0.050070 0.082825
2 0.982518 0.539200 0.034630 0.084403
2 0.267323 0.431107 0.028459 0.035756
2 0.272118 0.364530 0.032676 0.042141
2 0.168460 0.687851 0.029513 0.035271
1 0.705408 0.419714 0.074818 0.094976
1 0.943032 0.729859 0.050142 0.071735
0 0.717009 0.348337 0.083495 0.085193
1 0.067497 0.966613 0.056317 0.062632
2 0.249516 0.113966 0.036754 0.042697
2 0.292771 0.543152 0.031958 0.036997
2 0.739536 0.704177 0.035444 0.048455