2 0.662194 0.418948 0.066661 0.085491
1 0.870771 0.319883 0.061076 0.079827
1 0.592630 0.640357 0.055355 0.068906
2 0.347184 0.864294 0.045503 0.057923
1 0.703713 0.186820 0.060098 0.078599
1 0.927604 0.296404 0.063393 0.082309
2 0.109889 0.340702 0.048725 0.063571
1 0.811709 0.276286 0.064892 0.089386
2 0.335290 0.724824 0.048862 0.066557
1 0.641046 0.276885 0.060863 0.081032
1 0.836456 0.677161 0.051825 0.066024
1 0.287347 0.581321 0.045994 0.065304
2 0.830480 0.476363 0.062057 0.079931
2 0.264737 0.683296 0.048104 0.061664
2 0.401275 0.651831 0.056978 0.083838
1 0.261850 0.529191 0.048219 0.062360
1 0.604362 0.528410 0.051636 0.081805
1 0.735255 0.896563 0.046907 0.055762
2 0.373975 0.790011 0.041961 0.059949
1 0.661873 0.336953 0.058973 0.067553
2 0.764146 0.380250 0.059482 0.074993
1 0.400401 0.036135 0.056982 0.070894
1 0.799467 0.668383 0.043548 0.063488
1 0.878127 0.519495 0.051919 0.074936
2 0.472914 0.670994 0.059428 0.076444
2 0.240584 0.629283 0.061166 0.071060
1 0.710547 0.638690 0.059534 0.082691
2 0.231651 0.639192 0.055446 0.070466
2 0.881863 0.399854 0.061948 0.081982
1 0.558678 0.578764 0.057441 0.075201
2 0.413237 0.406651 0.063264 0.083276
1 0.627922 0.725198 0.059324 0.081165
2 0.436255 0.603303 0.051642 0.068682
1 0.143549 0.229090 0.042342 0.056520
1 0.606308 0.242796 0.046994 0.065610
1 0.413314 0.097142 0.051554 0.059334
1 0.706355 0.317495 0.040846 0.071766
1 0.823915 0.599890 0.062465 0.075837
2 0.425702 0.156692 0.052071 0.070808
1 0.757525 0.613879 0.052993 0.072487
1 0.753077 0.309172 0.051886 0.064783
2 0.124008 0.493757 0.042979 0.055070
2 0.470530 0.075034 0.051933 0.068091
1 0.655570 0.184433 0.054882 0.080029
1 0.133213 0.440021 0.042104 0.053946
2 0.823115 0.601459 0.065080 0.077358
2 0.331546 0.569652 0.047993 0.062705
2 0.206938 0.370128 0.041743 0.066083
2 0.677696 0.087244 0.058247 0.081860
2 0.063715 0.424907 0.025942 0.035972
1 0.614098 0.966772 0.037653 0.045243
2 0.462220 0.166464 0.042316 0.064850
1 0.640651 0.660583 0.042983 0.053016
2 0.366135 0.081090 0.052055 0.063998
1 0.472337 0.673444 0.058481 0.075084
1 0.412507 0.406709 0.064273 0.085411
1 0.366439 0.082855 0.052567 0.065305
1 0.166287 0.457716 0.034599 0.049869
1 0.437073 0.606273 0.053332 0.071996
1 0.458688 0.007056 0.060713 0.013303
1 0.331373 0.569614 0.048694 0.063802
1 0.425985 0.157980 0.052227 0.069708
2 0.133454 0.439883 0.041934 0.052601
1 0.470108 0.075224 0.051120 0.068684
2 0.228756 0.479947 0.044856 0.063200
1 0.117620 0.264795 0.033685 0.041110
2 0.174436 0.352494 0.046539 0.059084
1 0.662281 0.724445 0.038674 0.065223
2 0.626748 0.723249 0.062960 0.081953
1 0.831450 0.476861 0.062891 0.080850
2 0.596767 0.712300 0.036508 0.075157
1 0.764180 0.381549 0.059801 0.077463
1 0.205857 0.369619 0.044284 0.066305
1 0.462505 0.168890 0.044122 0.065778
2 0.117703 0.264596 0.033414 0.040346
1 0.229618 0.481980 0.045095 0.063672
1 0.276749 0.485361 0.048072 0.052086
2 0.247435 0.623908 0.050879 0.060828