2 0.972028 0.836838 0.054825 0.110395
2 0.938518 0.726896 0.087482 0.113140
2 0.220698 0.615498 0.087527 0.100024
2 0.543359 0.155542 0.088788 0.102993
2 0.465419 0.281615 0.084890 0.102937
2 0.792989 0.584260 0.084809 0.106259
2 0.902167 0.917020 0.079201 0.087824
2 0.847051 0.797070 0.078210 0.102975
2 0.238104 0.540693 0.078959 0.088940
2 0.318104 0.600162 0.077833 0.093635
1 0.601900 0.929391 0.087801 0.102186
2 0.603277 0.929833 0.088053 0.103269
2 0.045254 0.178221 0.056303 0.070485
2 0.040062 0.589566 0.080124 0.084765
1 0.009015 0.359635 0.017700 0.107408
2 0.027294 0.581107 0.054588 0.075569
2 0.462984 0.007329 0.061549 0.014657