2 0.956196 0.363982 0.062811 0.079777
2 0.332122 0.369229 0.065457 0.084116
2 0.921612 0.285130 0.059325 0.078509
2 0.774556 0.541211 0.059240 0.080288
1 0.256786 0.592666 0.057304 0.068227
2 0.846937 0.527885 0.057483 0.075325
1 0.541274 0.281491 0.057065 0.077430
2 0.863046 0.462080 0.056026 0.072652
2 0.859448 0.267755 0.058141 0.077903
2 0.061244 0.602179 0.062953 0.083426
2 0.487563 0.555522 0.062285 0.077371
2 0.096382 0.551340 0.054590 0.069082
1 0.376756 0.592879 0.059362 0.081546
2 0.022287 0.747042 0.042626 0.059345
2 0.131056 0.623226 0.063303 0.080042
1 0.482906 0.234725 0.062722 0.087454
2 0.355534 0.038086 0.056115 0.076171
1 0.497020 0.632044 0.050271 0.068363
2 0.434448 0.336632 0.058630 0.074381
1 0.596774 0.258457 0.062329 0.082073
1 0.226213 0.529702 0.062687 0.070611
1 0.379064 0.139369 0.059534 0.079159
2 0.497312 0.434711 0.063004 0.080057
1 0.541983 0.480394 0.049106 0.076659
2 0.090770 0.091521 0.054349 0.071820
2 0.292785 0.674842 0.063975 0.081984
2 0.314241 0.226670 0.059155 0.080179
1 0.265835 0.924196 0.041804 0.049492
2 0.550418 0.358519 0.061226 0.079750
1 0.314410 0.225412 0.060889 0.082132
1 0.329908 0.132752 0.062785 0.081578
1 0.274981 0.476637 0.049115 0.081626
2 0.031525 0.023525 0.061387 0.047050
2 0.258029 0.666324 0.043064 0.082580
2 0.803662 0.487532 0.049561 0.068196
2 0.332347 0.285080 0.056593 0.066334
1 0.136594 0.024689 0.067518 0.049379
2 0.007166 0.678596 0.013649 0.063097
2 0.008191 0.817443 0.015645 0.064476
0 0.878327 0.911897 0.048404 0.061633
2 0.136504 0.023899 0.060195 0.047049
1 0.461381 0.622751 0.044422 0.064293
1 0.078627 0.348911 0.066651 0.087185
2 0.078811 0.347448 0.066758 0.084122
1 0.332123 0.288180 0.055962 0.065303
1 0.299287 0.964052 0.037115 0.048636
2 0.079121 0.032193 0.052411 0.059114
2 0.989644 0.519044 0.020712 0.064211
1 0.079356 0.031539 0.054077 0.059395
0 0.814613 0.925606 0.048003 0.057293
2 0.425079 0.265715 0.050645 0.065349
1 0.393091 0.849971 0.047675 0.058266
2 0.129014 0.106132 0.048581 0.067820
1 0.877638 0.911508 0.048114 0.063581
1 0.422210 0.567816 0.053769 0.074612
1 0.551302 0.359412 0.059716 0.080655
1 0.497021 0.435833 0.064321 0.080293
1 0.814099 0.924888 0.049120 0.058934
1 0.157978 0.458362 0.050767 0.066319