2 0.071288 0.549563 0.068626 0.092730
2 0.639938 0.461395 0.063022 0.084371
2 0.103558 0.484151 0.056916 0.078760
2 0.595923 0.394710 0.059360 0.079024
2 0.759035 0.401111 0.056498 0.072488
2 0.155796 0.453837 0.065666 0.081567
2 0.236651 0.338618 0.071020 0.090930
2 0.877898 0.376984 0.064384 0.080549
1 0.780562 0.200959 0.062204 0.083044
1 0.449268 0.788283 0.051040 0.062802
2 0.695291 0.436346 0.052537 0.075794
2 0.156997 0.530156 0.066061 0.081997
2 0.197720 0.254652 0.067005 0.084328
2 0.608448 0.595760 0.050144 0.071836
1 0.411822 0.243459 0.065465 0.076953
2 0.116979 0.332100 0.065588 0.086010
2 0.125480 0.234406 0.066854 0.090086
2 0.842514 0.326649 0.055799 0.065000
1 0.879950 0.249834 0.051982 0.075722
2 0.641883 0.387210 0.046674 0.063330
1 0.830418 0.263392 0.063890 0.082401
2 0.894740 0.405593 0.053407 0.066535
1 0.561657 0.554244 0.056996 0.067714
1 0.287329 0.927013 0.048665 0.062688
1 0.565932 0.618038 0.056303 0.066210
0 0.906517 0.692779 0.035006 0.040584
1 0.406770 0.780329 0.048793 0.059572
2 0.621423 0.294300 0.062429 0.084344
2 0.657481 0.170510 0.070338 0.085186
1 0.658196 0.169230 0.068755 0.082926
1 0.780215 0.149647 0.067334 0.071897
1 0.783429 0.269792 0.044054 0.061317
1 0.871219 0.181445 0.072813 0.065705
1 0.671483 0.228005 0.048110 0.048384
2 0.831143 0.262549 0.062766 0.083392
2 0.851880 0.325117 0.056684 0.067787
1 0.884690 0.184519 0.055900 0.062463
1 0.851660 0.176999 0.054461 0.064091
2 0.566591 0.618472 0.056099 0.067124
2 0.211580 0.212317 0.068703 0.076790
2 0.907582 0.142658 0.045441 0.063669
2 0.465221 0.486722 0.041721 0.069587
2 0.778964 0.146455 0.057929 0.065692
1 0.622460 0.296003 0.062270 0.079797