2 0.667451 0.456605 0.067566 0.087139
2 0.358254 0.767535 0.049262 0.068870
2 0.370882 0.905361 0.044044 0.055247
2 0.836485 0.507552 0.063705 0.082053
2 0.450115 0.645372 0.053028 0.072924
2 0.130738 0.395718 0.047203 0.063002
1 0.812836 0.311679 0.065305 0.088299
1 0.871052 0.353262 0.061359 0.080769
2 0.567574 0.616652 0.059889 0.074932
1 0.603676 0.674791 0.055630 0.070925
2 0.833031 0.630864 0.062148 0.079346
2 0.488726 0.709385 0.058780 0.080070
2 0.678253 0.129293 0.058443 0.082431
1 0.927825 0.328208 0.064116 0.079577
2 0.476570 0.124144 0.054007 0.072204
2 0.768074 0.415463 0.059629 0.071963
2 0.262740 0.668554 0.058242 0.066832
2 0.421324 0.451648 0.059895 0.078936
2 0.397612 0.833300 0.042094 0.057597
2 0.374979 0.134651 0.050195 0.063962
2 0.410220 0.691331 0.047724 0.077616
2 0.885425 0.432031 0.063062 0.079882
2 0.285673 0.727817 0.045409 0.059569
2 0.348960 0.613152 0.046251 0.064458
1 0.849205 0.707583 0.049629 0.065191
2 0.223459 0.420810 0.044133 0.068607
2 0.635276 0.755373 0.071522 0.086837
2 0.435537 0.206337 0.050530 0.070250
1 0.456667 0.034135 0.059371 0.066639
2 0.645099 0.315349 0.053956 0.076332
2 0.667670 0.372928 0.056164 0.069956
2 0.658868 0.225863 0.054806 0.081082
1 0.767786 0.645848 0.054027 0.074308
1 0.813341 0.699009 0.042305 0.062784
2 0.148108 0.545764 0.045180 0.058722
1 0.280061 0.573684 0.048460 0.060760
2 0.253968 0.683959 0.056497 0.075880
2 0.717406 0.672099 0.062199 0.085432
1 0.754640 0.928558 0.047223 0.057147
1 0.250902 0.528337 0.043589 0.054790
1 0.305313 0.625082 0.044582 0.060590
2 0.710609 0.355319 0.044801 0.070937
1 0.887478 0.551288 0.052313 0.074686
2 0.757589 0.346526 0.048439 0.062173
2 0.095353 0.481625 0.028463 0.036965
2 0.420608 0.146671 0.051048 0.057406
1 0.645961 0.314512 0.057252 0.077739
2 0.405996 0.085585 0.053966 0.068663
2 0.705491 0.225569 0.058366 0.078570
1 0.657052 0.697197 0.042698 0.054585
2 0.619089 0.750984 0.048242 0.085914
1 0.679563 0.759881 0.038492 0.066311
1 0.614166 0.564292 0.049182 0.082204
1 0.705732 0.225242 0.059039 0.077763
2 0.145266 0.323834 0.033936 0.039366
2 0.012076 0.141058 0.024153 0.031581
2 0.156657 0.490858 0.041546 0.050910
1 0.406082 0.085664 0.052442 0.069620
1 0.638682 0.990427 0.049812 0.019145
2 0.188320 0.427507 0.035462 0.046819
2 0.612039 0.284626 0.047915 0.065475
1 0.718963 0.671639 0.059588 0.083865
1 0.667815 0.373435 0.055720 0.073513
1 0.029586 0.981202 0.027679 0.031606
1 0.290938 0.534808 0.046947 0.053655
1 0.163032 0.285636 0.040944 0.058104
2 0.339911 0.163968 0.036808 0.043992
1 0.421095 0.148101 0.052180 0.058750
2 0.304967 0.625551 0.044907 0.063449
1 0.495484 0.048040 0.033909 0.036484
2 0.612793 0.748921 0.033198 0.079842
2 0.007378 0.100604 0.014172 0.033086
2 0.470117 0.214781 0.041521 0.062333
2 0.186486 0.509906 0.033036 0.054641
2 0.303327 0.490805 0.034516 0.047603
1 0.710123 0.356973 0.044316 0.069937