2 0.504888 0.463778 0.087253 0.111873
2 0.339444 0.736784 0.071691 0.089954
2 0.452345 0.239337 0.089405 0.111812
2 0.929499 0.427307 0.092805 0.102131
2 0.132945 0.646663 0.074532 0.098538
2 0.344342 0.925439 0.060159 0.079406
1 0.581810 0.294549 0.089335 0.106630
2 0.937702 0.776989 0.096855 0.106530
1 0.648874 0.974031 0.084797 0.050374
2 0.881705 0.287287 0.093260 0.106726
2 0.383522 0.888650 0.038648 0.068406
2 0.518334 0.358101 0.096061 0.113731
2 0.309884 0.907995 0.046475 0.069275
2 0.041525 0.543042 0.083050 0.106536
1 0.881077 0.285677 0.093303 0.105443
2 0.383136 0.513881 0.056575 0.068892
2 0.979731 0.627440 0.040539 0.105826
1 0.023851 0.609873 0.047701 0.092336
2 0.206419 0.841544 0.036310 0.048726
1 0.936110 0.775316 0.097382 0.110077
0 0.023322 0.607816 0.045973 0.095382
1 0.964331 0.025892 0.071338 0.051783
2 0.487884 0.348254 0.070761 0.097595