2 0.828904 0.502402 0.062852 0.080367
2 0.660333 0.446486 0.066646 0.086411
2 0.344364 0.758829 0.049689 0.067030
2 0.357576 0.897160 0.043641 0.056029
1 0.865211 0.346889 0.058000 0.080455
1 0.806327 0.305313 0.062812 0.091260
1 0.595420 0.667110 0.054031 0.066912
2 0.118868 0.381985 0.049203 0.062238
2 0.133032 0.536422 0.046580 0.056095
2 0.760949 0.407778 0.058877 0.074160
2 0.273456 0.718749 0.046567 0.062371
2 0.384615 0.824688 0.041056 0.057896
2 0.670967 0.119416 0.061937 0.083986
2 0.426789 0.195197 0.052691 0.068553
1 0.268806 0.563295 0.049197 0.062209
1 0.839749 0.702641 0.052017 0.066453
2 0.441272 0.636248 0.050873 0.070512
1 0.920799 0.320936 0.064835 0.083347
2 0.477624 0.701293 0.058194 0.075821
2 0.400199 0.074054 0.051740 0.071157
1 0.758291 0.639443 0.052707 0.072342
2 0.639216 0.309270 0.055027 0.075248
2 0.823282 0.625210 0.063897 0.079694
2 0.660336 0.365839 0.054839 0.066489
1 0.667627 0.754440 0.038297 0.065146
1 0.700137 0.219695 0.061626 0.078572
2 0.404070 0.682017 0.050101 0.081335
2 0.415126 0.439172 0.060536 0.080970
2 0.366297 0.123449 0.050452 0.063062
2 0.256448 0.656433 0.047862 0.060061
1 0.149906 0.277484 0.047285 0.057733
1 0.878052 0.545423 0.053466 0.072001
2 0.877516 0.423534 0.061666 0.080494
1 0.283349 0.524217 0.046050 0.051492
2 0.471045 0.115182 0.053442 0.068533
1 0.561241 0.607062 0.057622 0.073943
1 0.450814 0.026698 0.058704 0.053397
2 0.338504 0.602973 0.047827 0.062168
1 0.626693 0.987764 0.050664 0.024471
2 0.710011 0.665191 0.060745 0.082079
1 0.801784 0.691991 0.041704 0.062454
1 0.294183 0.614872 0.046083 0.060345
2 0.652133 0.216165 0.057603 0.081512
2 0.462565 0.206153 0.045085 0.066638
2 0.233586 0.680492 0.039852 0.064922
2 0.605073 0.278137 0.048937 0.071462
1 0.415035 0.137150 0.050749 0.060913
2 0.212864 0.410882 0.045451 0.067264
1 0.629495 0.748484 0.059706 0.077328
2 0.628016 0.748147 0.068650 0.079295
2 0.750937 0.339540 0.051811 0.064999
1 0.710809 0.663258 0.061191 0.084495
1 0.238148 0.519231 0.045412 0.056611
2 0.606448 0.554044 0.047426 0.080085
2 0.147595 0.413895 0.034603 0.043214
2 0.142549 0.481442 0.044029 0.050527
1 0.741765 0.921447 0.048514 0.055802
1 0.604256 0.556602 0.052788 0.078737
2 0.130915 0.313747 0.035781 0.040804
2 0.415136 0.136901 0.051087 0.061243
1 0.604975 0.275071 0.046027 0.066069
2 0.704820 0.348524 0.042325 0.069993
2 0.078451 0.472546 0.027848 0.034462
1 0.877614 0.423678 0.062676 0.082286
1 0.142777 0.480995 0.044508 0.053885
2 0.330946 0.151327 0.035787 0.045096
1 0.130494 0.314626 0.035571 0.041343
1 0.402373 0.074272 0.053835 0.072378
2 0.600770 0.740003 0.029296 0.078391
2 0.176386 0.416180 0.036525 0.044489
1 0.645369 0.687713 0.043434 0.051368
1 0.638602 0.308154 0.055960 0.077000