2 0.559666 0.787633 0.080189 0.101075
2 0.283387 0.238553 0.052198 0.068907
2 0.757174 0.246687 0.061765 0.076968
2 0.606154 0.961747 0.076310 0.076505
2 0.961090 0.761206 0.075059 0.093167
1 0.659835 0.816797 0.080841 0.096875
2 0.615371 0.877779 0.087936 0.090833
2 0.989053 0.883089 0.021895 0.084271
2 0.665527 0.040155 0.057938 0.063830
1 0.666463 0.040228 0.056706 0.065046
2 0.723727 0.012495 0.059558 0.024425
1 0.989720 0.494125 0.020560 0.086897
2 0.008747 0.314493 0.017369 0.053777
2 0.269112 0.117892 0.049355 0.059017
2 0.099754 0.144997 0.050984 0.049898