2 0.534938 0.299701 0.082196 0.102317
2 0.299228 0.531989 0.070185 0.087888
2 0.508929 0.099824 0.082563 0.110127
2 0.788727 0.925082 0.089788 0.104213
2 0.539431 0.606715 0.069112 0.080937
2 0.959795 0.070598 0.080410 0.104728
2 0.894370 0.877996 0.082565 0.105481
1 0.805997 0.820952 0.082577 0.090843
1 0.176083 0.512611 0.066273 0.090380
2 0.206766 0.446710 0.074441 0.092637
2 0.115174 0.538390 0.062133 0.082703
2 0.560729 0.196986 0.081227 0.099512
1 0.601473 0.128044 0.087704 0.110999
2 0.240307 0.455495 0.063084 0.090544
2 0.595097 0.389399 0.056852 0.071108
2 0.593759 0.786480 0.084380 0.082204
2 0.220460 0.450792 0.095378 0.095245
2 0.200376 0.866608 0.025749 0.033268
2 0.988859 0.208714 0.022281 0.101449