2 0.104830 0.548890 0.056061 0.073238
2 0.497940 0.281262 0.061253 0.077825
2 0.798331 0.726572 0.063156 0.083386
1 0.329935 0.791380 0.057846 0.072649
2 0.459060 0.329041 0.058466 0.072587
1 0.284236 0.698985 0.044884 0.055847
2 0.421568 0.114649 0.057091 0.071442
2 0.511268 0.350697 0.055668 0.068113
1 0.358116 0.857304 0.049446 0.079279
1 0.943937 0.590954 0.069683 0.080379
1 0.694466 0.946391 0.056894 0.060476
1 0.310984 0.894829 0.056177 0.074842
2 0.562361 0.327700 0.056689 0.073243
2 0.535968 0.421452 0.075281 0.087072
1 0.264253 0.657779 0.048607 0.062954
1 0.310151 0.735251 0.058396 0.068128
2 0.101140 0.707070 0.054349 0.068818
1 0.847406 0.493200 0.061746 0.079530
1 0.978687 0.656486 0.042627 0.084571
2 0.897080 0.693134 0.061734 0.074334
2 0.919577 0.908271 0.066500 0.079133
1 0.395926 0.842429 0.053590 0.072819
2 0.950558 0.791227 0.066323 0.080106
1 0.698259 0.890111 0.066349 0.069132
1 0.121457 0.660592 0.047461 0.057265
2 0.112114 0.282917 0.028727 0.036739
2 0.140532 0.424395 0.053512 0.067983
2 0.353760 0.120643 0.039720 0.046353
2 0.550779 0.750886 0.058407 0.079077
1 0.822216 0.949836 0.060986 0.077957
2 0.107494 0.824329 0.032703 0.041259
2 0.557898 0.230191 0.060126 0.077003
2 0.837302 0.393370 0.060055 0.078346
1 0.224985 0.597537 0.076735 0.088983
1 0.263492 0.734696 0.045442 0.062703
2 0.133304 0.236869 0.031158 0.039217
2 0.397397 0.354102 0.055387 0.069460
1 0.857099 0.916111 0.048079 0.065482
2 0.009089 0.354668 0.017853 0.039293
1 0.665237 0.912777 0.040653 0.073152
2 0.135213 0.272928 0.032649 0.036596
2 0.353574 0.973663 0.054015 0.052554
2 0.581130 0.711223 0.067253 0.082646
2 0.862967 0.091887 0.063646 0.077143
2 0.556127 0.960155 0.074231 0.079690
2 0.275066 0.916945 0.056044 0.094572
1 0.882109 0.962907 0.050449 0.065162
1 0.193943 0.694148 0.050438 0.066526
2 0.378418 0.097877 0.036312 0.051962
1 0.580178 0.709719 0.066975 0.084945
2 0.114795 0.454852 0.039719 0.048131
1 0.556213 0.960601 0.071206 0.078798
1 0.155050 0.543977 0.029924 0.048622
1 0.523363 0.892824 0.065169 0.082317
2 0.520556 0.198571 0.053281 0.071942
1 0.782256 0.570385 0.052937 0.061399
1 0.990638 0.725545 0.018723 0.077875
2 0.395756 0.070617 0.043108 0.060953
1 0.824172 0.617902 0.037666 0.068232
2 0.791748 0.483164 0.057204 0.083762
2 0.521705 0.891793 0.065492 0.086356
1 0.791764 0.485811 0.054130 0.079302
2 0.194272 0.692885 0.050729 0.067805
2 0.224620 0.597032 0.077346 0.086657
1 0.869289 0.611970 0.050983 0.068252
2 0.133987 0.625097 0.040116 0.050354
2 0.142510 0.148935 0.033752 0.040222
2 0.564893 0.646522 0.052154 0.055981
2 0.081903 0.215116 0.031960 0.040040
2 0.115219 0.614729 0.040903 0.048680
2 0.869861 0.612588 0.049745 0.064926
1 0.735308 0.536799 0.054474 0.068211
1 0.738077 0.855698 0.041033 0.049610
1 0.311291 0.829265 0.052912 0.058526
2 0.990344 0.724463 0.019312 0.070086
1 0.103340 0.708047 0.054603 0.068635
2 0.781657 0.569415 0.052188 0.062143
2 0.047039 0.121011 0.030744 0.032072