2 0.383753 0.869234 0.045693 0.057569
2 0.689088 0.419274 0.066299 0.084633
2 0.371728 0.731359 0.052901 0.068486
2 0.144351 0.353143 0.049236 0.062349
1 0.623118 0.641990 0.055582 0.070304
1 0.953749 0.292315 0.062489 0.080963
1 0.294109 0.535998 0.048420 0.062138
2 0.160209 0.506436 0.044043 0.058511
1 0.897761 0.317308 0.059410 0.077314
1 0.837264 0.274798 0.063825 0.090306
1 0.770683 0.897695 0.047839 0.056515
1 0.869391 0.676224 0.051130 0.065773
1 0.728508 0.187692 0.059076 0.077506
2 0.454255 0.164656 0.054073 0.069517
1 0.321483 0.587116 0.048431 0.063404
2 0.300400 0.691607 0.049290 0.061064
2 0.410886 0.797955 0.042528 0.057785
2 0.496852 0.083801 0.051799 0.068711
2 0.790812 0.379921 0.059397 0.073979
1 0.468505 0.611623 0.053266 0.073488
1 0.587220 0.581549 0.059007 0.070467
1 0.655536 0.724319 0.063484 0.085446
1 0.831519 0.665381 0.042078 0.064664
2 0.700345 0.088646 0.061257 0.084809
2 0.169822 0.452699 0.044604 0.052584
1 0.785995 0.613951 0.055460 0.077515
1 0.908786 0.519417 0.048692 0.071817
2 0.239262 0.382994 0.044057 0.066122
1 0.634439 0.527345 0.047126 0.083173
1 0.689294 0.337044 0.054240 0.068924
1 0.740040 0.639323 0.059119 0.079776
2 0.393495 0.091571 0.051483 0.062366
2 0.282171 0.631366 0.048370 0.064519
1 0.364207 0.576275 0.047027 0.064626
1 0.668085 0.279930 0.060551 0.078397
1 0.779212 0.309498 0.049336 0.063759
1 0.732585 0.318764 0.041549 0.071984
1 0.852586 0.597744 0.061344 0.076911
1 0.504443 0.675806 0.057973 0.077332
2 0.260007 0.652334 0.044268 0.066255
2 0.852599 0.598485 0.062637 0.079573
1 0.441854 0.105959 0.051297 0.061706
1 0.308674 0.495949 0.050295 0.054492
2 0.440434 0.410880 0.061690 0.081099
1 0.680132 0.185622 0.057910 0.080475
2 0.503372 0.674814 0.060128 0.079407
1 0.673240 0.662665 0.046373 0.052480
2 0.857702 0.473118 0.061948 0.078486
2 0.174052 0.382715 0.034215 0.045012
2 0.490722 0.174407 0.046535 0.067942
1 0.859073 0.476379 0.062255 0.077311
2 0.019236 0.095572 0.030756 0.034813
1 0.632742 0.244624 0.046494 0.063348
1 0.695291 0.727040 0.040278 0.068744
1 0.909752 0.396820 0.062374 0.083093
1 0.177419 0.246349 0.051032 0.059455
2 0.200011 0.471103 0.034335 0.052595
2 0.105052 0.441839 0.028816 0.035635
2 0.441855 0.105407 0.051787 0.061223
2 0.427636 0.043385 0.052898 0.069973
2 0.432873 0.656816 0.054246 0.080860
1 0.429577 0.043307 0.054978 0.071945
1 0.264024 0.492336 0.045740 0.058767
2 0.359753 0.624941 0.042622 0.048735
1 0.157794 0.284619 0.036316 0.041631
2 0.633830 0.246245 0.047352 0.065964
1 0.481762 0.008914 0.070222 0.017057
2 0.144021 0.435969 0.032420 0.038124
2 0.907710 0.397058 0.060653 0.079606
1 0.431580 0.657430 0.050902 0.080415
1 0.790197 0.381120 0.059759 0.076203
2 0.202620 0.386616 0.038142 0.046552
2 0.158311 0.283462 0.037334 0.041415
2 0.012719 0.058130 0.025437 0.034329
1 0.440055 0.412001 0.062223 0.082611
2 0.364246 0.576546 0.046008 0.064480
1 0.651029 0.969327 0.036464 0.045293
2 0.738380 0.640502 0.063492 0.082964
1 0.481094 0.014585 0.068798 0.029170