2 0.703911 0.437683 0.065831 0.083202
1 0.638952 0.658423 0.055768 0.069475
1 0.966738 0.312043 0.060790 0.079798
2 0.398575 0.883194 0.045097 0.057739
1 0.851950 0.292517 0.062744 0.088550
2 0.387510 0.747952 0.050936 0.069049
1 0.785258 0.913953 0.047033 0.057620
1 0.754415 0.658762 0.061045 0.082494
1 0.883952 0.693138 0.049042 0.065742
2 0.161038 0.370249 0.047670 0.061088
1 0.925376 0.537056 0.052420 0.071144
2 0.716189 0.108049 0.061714 0.084403
2 0.290805 0.648873 0.060329 0.068866
1 0.913056 0.336158 0.056101 0.075968
1 0.743719 0.206813 0.059606 0.077033
1 0.802864 0.629523 0.054165 0.074895
2 0.805217 0.398951 0.058672 0.071921
2 0.317027 0.706233 0.049050 0.062013
1 0.686376 0.675084 0.043426 0.046317
1 0.602771 0.600635 0.060995 0.071279
1 0.337344 0.602907 0.045545 0.061586
2 0.409104 0.111018 0.050075 0.063406
2 0.441790 0.061587 0.051532 0.070515
1 0.311162 0.553138 0.049128 0.062505
1 0.519759 0.692009 0.057252 0.078194
1 0.650926 0.547672 0.046182 0.081211
2 0.468883 0.182556 0.053732 0.067795
1 0.846780 0.682342 0.042712 0.063142
2 0.450199 0.672174 0.058643 0.082319
2 0.177541 0.521164 0.044971 0.057294
2 0.483277 0.626799 0.053615 0.073004
2 0.256164 0.399045 0.043212 0.067003
2 0.286352 0.659451 0.064129 0.078562
1 0.666900 0.980931 0.039448 0.038138
1 0.925172 0.413477 0.061291 0.080633
2 0.867990 0.616376 0.064493 0.082590
1 0.867993 0.615719 0.061654 0.077261
2 0.512246 0.100369 0.051063 0.068503
2 0.457378 0.430503 0.061302 0.081152
2 0.425633 0.812321 0.041464 0.058092
1 0.683691 0.296569 0.057286 0.076127
2 0.519546 0.690159 0.057866 0.078985
1 0.702958 0.354462 0.057226 0.066421
1 0.193511 0.259649 0.044895 0.056368
2 0.873933 0.492032 0.062812 0.081851
2 0.457254 0.123978 0.051730 0.061782
1 0.493607 0.021178 0.067933 0.042356
2 0.121099 0.455957 0.028605 0.034675
1 0.873988 0.494690 0.062511 0.080083
2 0.668894 0.739265 0.071376 0.086316
2 0.279729 0.665185 0.050995 0.070466
2 0.648076 0.261274 0.048466 0.064177
1 0.695823 0.205477 0.052375 0.082387
1 0.710904 0.742051 0.039483 0.065862
1 0.748866 0.336357 0.041514 0.066688
2 0.191546 0.397362 0.033104 0.049802
2 0.185844 0.468047 0.041668 0.051978
2 0.380929 0.592799 0.048625 0.064056
1 0.794803 0.327386 0.047863 0.064240
2 0.006838 0.194737 0.013210 0.034523
2 0.173610 0.296648 0.032548 0.040462
1 0.671237 0.740821 0.064943 0.085061
2 0.503356 0.194681 0.044464 0.067076
1 0.534223 0.532532 0.047342 0.065294
1 0.562669 0.010118 0.050373 0.020236
2 0.702322 0.353209 0.058401 0.070921
1 0.280254 0.507299 0.041439 0.062206
2 0.034243 0.108829 0.031123 0.031841
1 0.449712 0.671251 0.060755 0.081381
1 0.607360 0.334643 0.052155 0.055466
1 0.325555 0.510582 0.048347 0.056108
1 0.380836 0.591960 0.048562 0.063119
1 0.216113 0.486949 0.035396 0.048904
2 0.219019 0.399861 0.037934 0.047816
2 0.644285 0.731095 0.035831 0.079594
2 0.697545 0.206134 0.054498 0.082114
2 0.027447 0.107133 0.032907 0.032917