2 0.206570 0.186240 0.090341 0.101057
2 0.803105 0.072306 0.090885 0.111026
2 0.538536 0.604027 0.089176 0.108215
2 0.317095 0.176424 0.077498 0.098168
2 0.785872 0.640159 0.084983 0.095786
2 0.814147 0.579942 0.083327 0.088827
2 0.874723 0.300129 0.084428 0.106653
2 0.627997 0.474135 0.091048 0.104456
2 0.958096 0.202465 0.081260 0.114792
2 0.233051 0.126557 0.075606 0.082018
2 0.037856 0.244368 0.075712 0.078307
2 0.985369 0.305297 0.029262 0.123052
2 0.954287 0.835449 0.059604 0.081419
2 0.921270 0.951340 0.103413 0.097319
1 0.037780 0.244413 0.075560 0.083699
2 0.934562 0.422445 0.091992 0.120874
2 0.050425 0.250952 0.100850 0.093388
2 0.936433 0.403151 0.090076 0.086842