0 0.00620250403881073 0.05140899866819382 0.01240500807762146 0.09148700535297394
0 0.544691264629364 0.7957689762115479 0.055665016174316406 0.05624794960021973
0 0.775920033454895 0.1459989994764328 0.05350375175476074 0.05424800515174866
0 0.7864325046539307 0.19426800310611725 0.05031120777130127 0.048676997423172
0 0.15161874890327454 0.21721500158309937 0.06761498749256134 0.07107901573181152
0 0.679263710975647 0.8897140026092529 0.056929945945739746 0.05933094024658203
0 0.6821787357330322 0.13806499540805817 0.04884374141693115 0.04775800555944443
0 0.5268325209617615 0.7682120203971863 0.05719625949859619 0.055245041847229004
0 0.5853487849235535 0.7445600032806396 0.05443120002746582 0.05718100070953369
0 0.7641712427139282 0.22881600260734558 0.04980123043060303 0.04844200611114502
0 0.7371949553489685 0.023527000099420547 0.0502699613571167 0.047054000198841095
0 0.9537150859832764 0.08950799703598022 0.0507199764251709 0.052947998046875
0 0.028107501566410065 0.3985219895839691 0.05621500313282013 0.06955403089523315
0 0.02987281233072281 0.017714999616146088 0.05974562466144562 0.03542900085449219
0 0.4665374755859375 0.08447899669408798 0.06697368621826172 0.05741100013256073
0 0.026282496750354767 0.02277825027704239 0.052564993500709534 0.04555650055408478
