1 0.27393123507499695 0.29609599709510803 0.07384997606277466 0.07633697986602783
1 0.6607400178909302 0.7529739737510681 0.07514119148254395 0.09205400943756104
1 0.24086499214172363 0.2316170036792755 0.0670974850654602 0.07144498825073242
1 0.36785873770713806 0.6406459808349609 0.07612627744674683 0.08984899520874023
1 0.7113237380981445 0.7076050043106079 0.0821387767791748 0.0768049955368042
1 0.7176837921142578 0.7805140018463135 0.08371376991271973 0.0819699764251709
1 0.017489373683929443 0.23211699724197388 0.03497874736785889 0.08536499738693237
1 0.24393752217292786 0.18999099731445312 0.07795625925064087 0.08105999231338501
1 0.43870002031326294 0.6847509741783142 0.07516252994537354 0.0755300521850586
1 0.9574387073516846 0.10699500143527985 0.058106184005737305 0.06358299404382706
1 0.9636300802230835 0.055955998599529266 0.05151510238647461 0.061976999044418335
1 0.9879806041717529 0.04623299837112427 0.02403879165649414 0.057614997029304504
