2 0.045990005135536194 0.7080739736557007 0.06839624047279358 0.06991302967071533
2 0.7227225303649902 0.17270399630069733 0.06192624568939209 0.06691300868988037
2 0.709582507610321 0.28588199615478516 0.059856295585632324 0.06589299440383911
2 0.09137624502182007 0.6812229752540588 0.06291499733924866 0.06751799583435059
2 0.7540475130081177 0.2695600092411041 0.060704946517944336 0.06199999153614044
2 0.014213435351848602 0.12932699918746948 0.028426870703697205 0.06228100508451462
2 0.6333837509155273 0.30724701285362244 0.06371128559112549 0.06614398956298828
2 0.997417151927948 0.5016670227050781 0.005165696144104004 0.05364799499511719
2 0.6403874754905701 0.2557139992713928 0.06300246715545654 0.05965699255466461
2 0.6478250026702881 0.38373300433158875 0.05379629135131836 0.05842602252960205
2 0.6823275089263916 0.35543501377105713 0.05787003040313721 0.060988008975982666
2 0.029813751578330994 0.842926025390625 0.058052510023117065 0.05707705020904541
2 0.728410005569458 0.6066409945487976 0.05366504192352295 0.05555295944213867
2 0.29776623845100403 0.2149129956960678 0.05861252546310425 0.06005299091339111
2 0.3184325098991394 0.23631399869918823 0.0632137656211853 0.05325599014759064
2 0.25567999482154846 0.7237380146980286 0.0628962516784668 0.05908501148223877
1 0.2547474801540375 0.8676440119743347 0.07229751348495483 0.06674695014953613
2 0.025921255350112915 0.019998248666524887 0.05184251070022583 0.039996497333049774
2 0.6776612401008606 0.5539870262145996 0.05867505073547363 0.050444960594177246
