0 0.19215625524520874 0.92535799741745 0.0685650110244751 0.06699895858764648
0 0.01872749626636505 0.6938890218734741 0.0374549925327301 0.05393099784851074
0 0.448536217212677 0.45070400834083557 0.05612373352050781 0.05347102880477905
0 0.7734475135803223 0.20292000472545624 0.06670498847961426 0.06917998194694519
0 0.0806799978017807 0.47460001707077026 0.057552486658096313 0.05882301926612854
0 0.08755248785018921 0.7148910164833069 0.054735004901885986 0.058941006660461426
0 0.7303987741470337 0.23495399951934814 0.06562626361846924 0.0650399923324585
0 0.8667425513267517 0.7859320044517517 0.0822974443435669 0.08774101734161377
0 0.9394924640655518 0.595704972743988 0.08705997467041016 0.08573496341705322
0 0.45688748359680176 0.8514819741249084 0.06015002727508545 0.05846595764160156
0 0.19501376152038574 0.4676930010318756 0.05874127149581909 0.0606350302696228
0 0.13012000918388367 0.5202170014381409 0.062252506613731384 0.061488986015319824
0 0.061566248536109924 0.5811070203781128 0.06052374839782715 0.06243705749511719
0 0.8630613088607788 0.06616999953985214 0.08305376768112183 0.08375599980354309
0 0.24522250890731812 0.8597689867019653 0.0551450252532959 0.05457305908203125
0 0.228582501411438 0.803820013999939 0.06445872783660889 0.06817996501922607
0 0.9565153121948242 0.7327560186386108 0.08696937561035156 0.09362101554870605
0 0.897284984588623 0.5208420157432556 0.08976501226425171 0.08986902236938477
0 0.8250025510787964 0.6445350050926208 0.0794837474822998 0.08171200752258301
0 0.8923587799072266 0.6954519748687744 0.08382868766784668 0.08982503414154053
0 0.9294662475585938 0.4377259910106659 0.08203864097595215 0.08648598194122314
0 0.03154999017715454 0.5112000107765198 0.06291249394416809 0.05867302417755127
0 0.27928873896598816 0.771170973777771 0.0550837516784668 0.05584597587585449
0 0.4797837734222412 0.3951520025730133 0.05365121364593506 0.0518839955329895
0 0.5498300194740295 0.41623198986053467 0.052451252937316895 0.05121797323226929
0 0.05479875206947327 0.7401840090751648 0.0526449978351593 0.057064056396484375
0 0.6329124569892883 0.06416500359773636 0.054407477378845215 0.04946799576282501
0 0.20130378007888794 0.512594997882843 0.056653738021850586 0.055876970291137695
0 0.7995212078094482 0.5593219995498657 0.08021247386932373 0.07485294342041016
0 0.20066499710083008 0.5639510154724121 0.05486750602722168 0.054692983627319336
0 0.5772337913513184 0.04517899826169014 0.05698502063751221 0.05538300424814224
0 0.3347562551498413 0.827193021774292 0.049373745918273926 0.04923999309539795
0 0.08900250494480133 0.21602199971675873 0.03734874725341797 0.041034996509552
0 0.6783624887466431 0.5800139904022217 0.05956244468688965 0.05866098403930664
0 0.39677125215530396 0.7543759942054749 0.05416873097419739 0.05260896682739258
0 0.392627477645874 0.6211829781532288 0.04920625686645508 0.05739998817443848
0 0.743456244468689 0.09892699867486954 0.055631279945373535 0.04772700369358063
0 0.3652324676513672 0.6686609983444214 0.04594874382019043 0.046443939208984375
0 0.06526249647140503 0.19027799367904663 0.038521260023117065 0.03812500834465027
0 0.44857001304626465 0.4993009567260742 0.05134749412536621 0.043809980154037476
0 0.9543281197547913 0.027080999687314034 0.09134376049041748 0.05416199937462807
0 0.19669249653816223 0.507893979549408 0.06054753065109253 0.07268702983856201
0 0.03546500205993652 0.45885300636291504 0.046651244163513184 0.0472869873046875
0 0.4058550000190735 0.450778990983963 0.047875046730041504 0.050342023372650146
