0 0.3685699999332428 0.8611649870872498 0.06512624025344849 0.06567704677581787
0 0.7479462623596191 0.8294820189476013 0.0547412633895874 0.05505800247192383
0 0.26275625824928284 0.9007160067558289 0.06309252977371216 0.06671297550201416
0 0.30811747908592224 0.9524180293083191 0.05811750888824463 0.06063401699066162
0 0.464208722114563 0.5374829769134521 0.05946004390716553 0.06094098091125488
0 0.45317625999450684 0.643983006477356 0.06095123291015625 0.05965995788574219
0 0.8444624543190002 0.4293479919433594 0.05886375904083252 0.05778801441192627
0 0.46673500537872314 0.017727000638842583 0.07923245429992676 0.03495899960398674
0 0.8964986801147461 0.5678970217704773 0.06075245141983032 0.05734395980834961
0 0.5006887316703796 0.5556780099868774 0.054129958152770996 0.05612301826477051
0 0.6093900203704834 0.7525280117988586 0.05088996887207031 0.04757797718048096
0 0.4157100319862366 0.5357530117034912 0.05789744853973389 0.057888031005859375
0 0.632838785648346 0.8070099949836731 0.045461297035217285 0.044764041900634766
0 0.6979612708091736 0.7761369943618774 0.04349255561828613 0.04333806037902832
