0 0.022385627031326294 0.4481140077114105 0.04477125406265259 0.10192197561264038
0 0.9982024431228638 0.3689349889755249 0.003595113754272461 0.08913600444793701
0 0.9240636825561523 0.12763099372386932 0.08432626724243164 0.08639200776815414
0 0.23784375190734863 0.5524119734764099 0.061820030212402344 0.05826699733734131
0 0.2394700050354004 0.4868890047073364 0.08321750164031982 0.07952097058296204
0 0.9546024799346924 0.4991460144519806 0.08202624320983887 0.08370298147201538
0 0.9846053123474121 0.12841400504112244 0.03078937530517578 0.0841590091586113
0 0.6922787427902222 0.6007540225982666 0.10660374164581299 0.06669402122497559
0 0.1973699927330017 0.5249800086021423 0.05296248197555542 0.06444597244262695
0 0.5448613166809082 0.02632799930870533 0.06346750259399414 0.05265500023961067
