2 0.999419093132019 0.5652210116386414 0.001161813735961914 0.04107105731964111
2 0.7919962406158447 0.9723479747772217 0.05313122272491455 0.04833400249481201
2 0.7343462705612183 0.9823927879333496 0.04819130897521973 0.03521448373794556
2 0.9643486738204956 0.0238800011575222 0.05096864700317383 0.04625599831342697
2 0.5092849731445312 0.7247080206871033 0.03549003601074219 0.036450982093811035
2 0.3507100045681 0.5244370102882385 0.029105007648468018 0.031036972999572754
2 0.5384374856948853 0.045065999031066895 0.0337986946105957 0.03648799657821655
2 0.19845250248908997 0.5631610155105591 0.030460000038146973 0.03164505958557129
2 0.5220874547958374 0.074583999812603 0.031067490577697754 0.03159600496292114
2 0.5766337513923645 0.6932880282402039 0.03278625011444092 0.03523898124694824
2 0.5483250021934509 0.6848809719085693 0.030338764190673828 0.03577697277069092
2 0.6044712066650391 0.471576988697052 0.030113697052001953 0.030659973621368408
2 0.13565999269485474 0.4491569995880127 0.02688126266002655 0.025830984115600586
2 0.6132062673568726 0.38194599747657776 0.031231284141540527 0.032015979290008545
2 0.994318425655365 0.5032470226287842 0.01136314868927002 0.034085988998413086
2 0.42511624097824097 0.49306797981262207 0.029773712158203125 0.030325978994369507
2 0.9102975130081177 0.821744978427887 0.030747413635253906 0.03158295154571533
2 0.787024974822998 0.09039299935102463 0.03665626049041748 0.037150993943214417
2 0.45031875371932983 0.5599279999732971 0.027850031852722168 0.030094027519226074
2 0.3083224892616272 0.3757140040397644 0.025706231594085693 0.02415400743484497
2 0.21631750464439392 0.5465859770774841 0.03271001577377319 0.031484007835388184
1 0.429312527179718 0.3793700039386749 0.027872443199157715 0.030811011791229248
2 0.057760000228881836 0.5611609816551208 0.032563745975494385 0.028843998908996582
2 0.11089751124382019 0.6371470093727112 0.030906260013580322 0.028174996376037598
2 0.9721449613571167 0.5145710110664368 0.03308367729187012 0.032538026571273804
2 0.06705249845981598 0.3177019953727722 0.026820003986358643 0.027025997638702393
2 0.14250749349594116 0.06622300297021866 0.02673625946044922 0.02491600438952446
2 0.4883362650871277 0.08315599709749222 0.027838706970214844 0.02952900528907776
2 0.7254612445831299 0.3099620044231415 0.03306376934051514 0.030108988285064697
2 0.695831298828125 0.6849740147590637 0.03617501258850098 0.03528594970703125
2 0.37183627486228943 0.10868100076913834 0.02645498514175415 0.02454899251461029
2 0.5340250134468079 0.10482200235128403 0.031854987144470215 0.031074002385139465
2 0.15043500065803528 0.3116750121116638 0.02850872278213501 0.027855992317199707
