0 0.053415000438690186 0.3305650055408478 0.08772000670433044 0.0842599868774414
0 0.16869625449180603 0.21400399506092072 0.08569246530532837 0.08435699343681335
0 0.7595237493515015 0.17940300703048706 0.06298625469207764 0.05816999077796936
0 0.06435374915599823 0.2537260055541992 0.08277750015258789 0.07816898822784424
0 0.02868000417947769 0.5605440139770508 0.05736000835895538 0.07263100147247314
0 0.47136378288269043 0.912755012512207 0.06018996238708496 0.0602799654006958
0 0.06434500217437744 0.709775984287262 0.07195749878883362 0.07226395606994629
0 0.02217937260866165 0.4980120062828064 0.0443587452173233 0.0664830207824707
0 0.7280125021934509 0.820792019367218 0.0529024600982666 0.057502031326293945
0 0.4338037371635437 0.8863909840583801 0.06278502941131592 0.061987996101379395
0 0.5298762321472168 0.061129000037908554 0.061805009841918945 0.06070699542760849
0 0.6952637434005737 0.8405410051345825 0.05313122272491455 0.05493295192718506
0 0.12886500358581543 0.3294520080089569 0.07820749282836914 0.07929402589797974
0 0.6416025161743164 0.11809299886226654 0.06439626216888428 0.06113499402999878
0 0.5509287118911743 0.9067419767379761 0.05801880359649658 0.05863296985626221
0 0.4641200304031372 0.3474999964237213 0.0651012659072876 0.06310701370239258
0 0.5084737539291382 0.6272510290145874 0.059848785400390625 0.05923604965209961
0 0.7851137518882751 0.3070099949836731 0.06376874446868896 0.06131601333618164
0 0.41839373111724854 0.30674898624420166 0.06000626087188721 0.06050997972488403
0 0.4551387429237366 0.03709499537944794 0.06544744968414307 0.0633620023727417
0 0.07663750648498535 0.5671210289001465 0.06549626588821411 0.07049000263214111
0 0.08224999904632568 0.4791930019855499 0.07652124762535095 0.06967300176620483
0 0.5469975471496582 0.11263900250196457 0.05925619602203369 0.05926699936389923
0 0.26100748777389526 0.5109260082244873 0.060518741607666016 0.06252697110176086
0 0.3682975172996521 0.9027820229530334 0.05659127235412598 0.06340503692626953
0 0.29050499200820923 0.2003750056028366 0.07583749294281006 0.07345300912857056
0 0.022364690899848938 0.9792420268058777 0.044729381799697876 0.04065597057342529
0 0.35459500551223755 0.6839410066604614 0.06345999240875244 0.06391596794128418
0 0.36879247426986694 0.9155480265617371 0.06223377585411072 0.06523001194000244
0 0.9731656312942505 0.5698230266571045 0.05366873741149902 0.05993294715881348
0 0.3787524700164795 0.24478000402450562 0.06723999977111816 0.07164198160171509
0 0.5714187622070312 0.030612999573349953 0.060478806495666504 0.05949399992823601
0 0.39875125885009766 0.05084900185465813 0.06375500559806824 0.05743499845266342
0 0.46565496921539307 0.2855510115623474 0.06249499320983887 0.05899202823638916
0 0.17203375697135925 0.7284380197525024 0.07558250427246094 0.07535600662231445
0 0.5919474363327026 0.11178000271320343 0.055472493171691895 0.0624220073223114
0 0.496209979057312 0.17999599874019623 0.06950497627258301 0.06655699014663696
0 0.27786874771118164 0.65584397315979 0.06301999092102051 0.0641629695892334
0 0.4262024760246277 0.17852100729942322 0.06373870372772217 0.06403201818466187
0 0.8248287439346313 0.2715829908847809 0.0567774772644043 0.05371898412704468
0 0.7785587310791016 0.22917801141738892 0.06290876865386963 0.06095100939273834
0 0.39672625064849854 0.013935999944806099 0.07293248176574707 0.027871999889612198
0 0.40750378370285034 0.24091598391532898 0.07061123847961426 0.06753699481487274
0 0.14882498979568481 0.24188999831676483 0.07825374603271484 0.07547399401664734
0 0.16894251108169556 0.6591619849205017 0.06534373760223389 0.0689319372177124
