2 0.2941737771034241 0.7208759784698486 0.08795499801635742 0.09365904331207275
2 0.5162562727928162 0.5665500164031982 0.07972371578216553 0.0820610523223877
2 0.3356362581253052 0.27571600675582886 0.0737525224685669 0.08150899410247803
2 0.21451625227928162 0.7318519949913025 0.08212000131607056 0.07995998859405518
2 0.5926024913787842 0.6847370266914368 0.06558752059936523 0.07505297660827637
2 0.03770750015974045 0.2269670069217682 0.0754150003194809 0.07475298643112183
1 0.19473248720169067 0.5384140014648438 0.048958778381347656 0.05745494365692139
2 0.7660412192344666 0.20292499661445618 0.06517255306243896 0.06678000092506409
2 0.718250036239624 0.13915300369262695 0.05616497993469238 0.06188499927520752
2 0.032147496938705444 0.16228799521923065 0.06429499387741089 0.06137999892234802
2 0.540051281452179 0.6965680122375488 0.06991755962371826 0.07451903820037842
2 0.6179499626159668 0.06909900158643723 0.054227471351623535 0.0600460022687912
2 0.7674837112426758 0.09843999892473221 0.06508374214172363 0.06546200811862946
2 0.38525497913360596 0.2352380007505417 0.06514623761177063 0.07260999083518982
2 0.6496049761772156 0.12466699630022049 0.054683804512023926 0.05652199685573578
2 0.27116626501083374 0.5153909921646118 0.04729372262954712 0.050650984048843384
2 0.6847037672996521 0.14622600376605988 0.041139960289001465 0.05593600869178772
2 0.9847850203514099 0.35366401076316833 0.030429959297180176 0.06427997350692749
2 0.7361412048339844 0.26653701066970825 0.06817626953125 0.06787501275539398
1 0.13554877042770386 0.486844003200531 0.038405001163482666 0.04419600963592529
1 0.15080124139785767 0.5492100119590759 0.04327249526977539 0.05830705165863037
2 0.0019315630197525024 0.21169200539588928 0.003863126039505005 0.06231999397277832
2 0.7455162405967712 0.021000999957323074 0.08186745643615723 0.04200199991464615
2 0.022883445024490356 0.278095006942749 0.04576689004898071 0.055123984813690186
1 0.18211999535560608 0.46739500761032104 0.04256749153137207 0.04611402750015259
2 0.7005987763404846 0.049915000796318054 0.05440878868103027 0.05435100197792053
2 0.5858237743377686 0.008483000099658966 0.07366621494293213 0.016965001821517944
2 0.2955024838447571 0.25651800632476807 0.04022872447967529 0.07013298571109772
2 0.716605007648468 0.021536000072956085 0.06133627891540527 0.04307200014591217
2 0.9902721643447876 0.28663599491119385 0.019455671310424805 0.06312501430511475
1 0.9926328063011169 0.28739500045776367 0.014734387397766113 0.060351014137268066
1 0.1571349799633026 0.5533919930458069 0.045643746852874756 0.059646010398864746
