1 0.46196621656417847 0.6864179968833923 0.08527505397796631 0.08318901062011719
1 0.4537224769592285 0.6119610071182251 0.08305370807647705 0.08032095432281494
1 0.020547188818454742 0.19532200694084167 0.041094377636909485 0.07978299260139465
1 0.0014659315347671509 0.12539799511432648 0.0029318630695343018 0.07629898935556412
1 0.003629058599472046 0.08235999941825867 0.007258117198944092 0.07606101036071777
1 0.1756337583065033 0.5922110080718994 0.07735002040863037 0.08240604400634766
1 0.40167999267578125 0.6588820219039917 0.07888248562812805 0.09651601314544678
1 0.10279250144958496 0.5470629930496216 0.07460248470306396 0.08967304229736328
1 0.7116700410842896 0.02286824956536293 0.06095755100250244 0.04573649913072586
1 0.7039462327957153 0.018027249723672867 0.06786501407623291 0.036054499447345734
0 0.9827178120613098 0.028240997344255447 0.03456437587738037 0.0456480011343956
