0 0.013444066047668457 0.9018239974975586 0.026888132095336914 0.070701003074646
0 0.2099437713623047 0.1092350035905838 0.04978752136230469 0.05156400799751282
0 0.5706925392150879 0.32732200622558594 0.053542494773864746 0.04748499393463135
0 0.2223912477493286 0.22051699459552765 0.048316240310668945 0.0452440083026886
0 0.9354825019836426 0.7039099931716919 0.05166125297546387 0.04709899425506592
0 0.7071574926376343 0.8324919939041138 0.05296754837036133 0.041705965995788574
0 0.9925875067710876 0.5693849921226501 0.014824986457824707 0.050058960914611816
0 0.11234249174594879 0.23712298274040222 0.039776235818862915 0.04219798743724823
0 0.9779496788978577 0.3106650114059448 0.04410064220428467 0.04730498790740967
2 0.5385749936103821 0.6327270269393921 0.06466877460479736 0.06266295909881592
0 0.15398749709129333 0.23111701011657715 0.04387003183364868 0.044060006737709045
0 0.34333500266075134 0.11789599806070328 0.047331273555755615 0.046935006976127625
1 0.5382762551307678 0.6320719718933105 0.06438004970550537 0.061483025550842285
0 0.5254837274551392 0.41905999183654785 0.047881245613098145 0.047092974185943604
0 0.49080246686935425 0.41123199462890625 0.039805054664611816 0.04045802354812622
0 0.46498000621795654 0.02634499967098236 0.05357503890991211 0.04979400336742401
0 0.2546750009059906 0.13696500658988953 0.04639250040054321 0.04479500651359558
0 0.5714499950408936 0.026274999603629112 0.05516505241394043 0.050648998469114304
1 0.8960162401199341 0.40880098938941956 0.060179948806762695 0.052532970905303955
0 0.2967912554740906 0.19713500142097473 0.05522376298904419 0.051342010498046875
0 0.31431499123573303 0.13444800674915314 0.04375624656677246 0.047843992710113525
0 0.46431875228881836 0.6635259985923767 0.055147528648376465 0.05301105976104736
0 0.34714001417160034 0.19932200014591217 0.050546228885650635 0.04860800504684448
0 0.1904987394809723 0.20336300134658813 0.03973501920700073 0.04460000991821289
0 0.2708062529563904 0.09954000264406204 0.04131251573562622 0.04035399854183197
