0 0.35354626178741455 0.5099120140075684 0.06216871738433838 0.05735599994659424
0 0.16428250074386597 0.6204720139503479 0.06471997499465942 0.06690001487731934
0 0.9817124605178833 0.22573499381542206 0.0365750789642334 0.07513001561164856
0 0.9379525184631348 0.6622499823570251 0.0724937915802002 0.06766200065612793
0 0.7597874999046326 0.7408930063247681 0.06309878826141357 0.05752694606781006
0 0.5550512075424194 0.17279399931430817 0.059128761291503906 0.04897698760032654
0 0.980403482913971 0.7380610108375549 0.039193034172058105 0.07022297382354736
0 0.1072162538766861 0.566897988319397 0.064332515001297 0.06329500675201416
0 0.6331638097763062 0.3287769854068756 0.06548869609832764 0.05849802494049072
0 0.14644497632980347 0.9801350235939026 0.068301260471344 0.039729952812194824
0 0.900631308555603 0.23550200462341309 0.06411749124526978 0.06360900402069092
0 0.8040537238121033 0.3217410147190094 0.0654749870300293 0.05922698974609375
0 0.1422950029373169 0.5083180069923401 0.06514877080917358 0.062114983797073364
0 0.4859837293624878 0.6459019780158997 0.06449496746063232 0.056790947914123535
0 0.23072126507759094 0.8676949739456177 0.06644749641418457 0.06532096862792969
0 0.207179993391037 0.9248440265655518 0.06457751989364624 0.05801796913146973
0 0.41845375299453735 0.9107509851455688 0.0628662109375 0.056494951248168945
0 0.36018872261047363 0.4542669951915741 0.06234872341156006 0.05738097429275513
0 0.6476187109947205 0.2973400056362152 0.06798994541168213 0.06832897663116455
0 0.2750075161457062 0.08610899746417999 0.053242504596710205 0.046049997210502625
0 0.032469987869262695 0.0793600007891655 0.05324500799179077 0.05223299562931061
0 0.2925649881362915 0.985476016998291 0.06437873840332031 0.02904796600341797
0 0.8796486854553223 0.21031500399112701 0.0636250376701355 0.06358900666236877
0 0.4147599935531616 0.12983599305152893 0.06343245506286621 0.05475199222564697
0 0.9506299495697021 0.17740200459957123 0.061272382736206055 0.06996199488639832
0 0.02397780865430832 0.04505600035190582 0.04795561730861664 0.04370400309562683
0 0.002118438482284546 0.8695160150527954 0.004236876964569092 0.04711103439331055
0 0.4391624927520752 0.11615599691867828 0.05444502830505371 0.04957500100135803
0 0.3885900378227234 0.6192439794540405 0.05805501341819763 0.05715000629425049
0 0.02614530920982361 0.5835490226745605 0.05229061841964722 0.05770695209503174
0 0.29478999972343445 0.9804829955101013 0.06766122579574585 0.03903305530548096
0 0.9714750051498413 0.2076379954814911 0.05704998970031738 0.06546199321746826
0 0.29196250438690186 0.5067269802093506 0.06352126598358154 0.06363201141357422
0 0.953953742980957 0.7202829718589783 0.05627870559692383 0.06184101104736328
