2 0.60371994972229 0.6148560047149658 0.06707000732421875 0.07516300678253174
2 0.29676875472068787 0.6557779908180237 0.08573251962661743 0.09139204025268555
2 0.22181248664855957 0.6700559854507446 0.08109498023986816 0.08030498027801514
2 0.5197725296020508 0.4975999593734741 0.07870495319366455 0.08160898089408875
2 0.3393362760543823 0.2072490006685257 0.0756625235080719 0.08348599076271057
2 0.03231031447649002 0.09992700070142746 0.06462062895298004 0.06016699969768524
2 0.5481137633323669 0.6269320249557495 0.07217252254486084 0.0724489688873291
2 0.6496075391769409 0.01221499964594841 0.06276369094848633 0.02442999929189682
2 0.03856031596660614 0.1659889966249466 0.07712063193321228 0.07207000255584717
1 0.18029624223709106 0.4875499904155731 0.05277377367019653 0.06431800127029419
2 0.8082812428474426 0.12612000107765198 0.0667412281036377 0.06140899658203125
2 0.7230587601661682 0.0674860030412674 0.04886627197265625 0.05598500370979309
1 0.1537574827671051 0.4301779866218567 0.04457747936248779 0.053276002407073975
2 0.7997087836265564 0.02468924969434738 0.06785500049591064 0.04937849938869476
2 0.6851450204849243 0.04999899864196777 0.056107521057128906 0.05877399444580078
2 0.7497699856758118 0.06244499981403351 0.058570027351379395 0.05914400517940521
2 0.6553537845611572 0.015352999791502953 0.07157373428344727 0.02605399861931801
2 0.7698962688446045 0.1905049979686737 0.06391751766204834 0.05704501271247864
1 0.2242237627506256 0.47574499249458313 0.043473780155181885 0.051160991191864014
2 0.7340174913406372 0.06749700009822845 0.06748127937316895 0.05663600191473961
1 0.39017748832702637 0.16524000465869904 0.06756377220153809 0.07395800948143005
2 0.003490939736366272 0.15389099717140198 0.006981879472732544 0.06236499547958374
2 0.27831000089645386 0.45006299018859863 0.04889625310897827 0.05438697338104248
1 0.1616162657737732 0.43355798721313477 0.04540371894836426 0.04389899969100952
2 0.02526937425136566 0.21929700672626495 0.05053874850273132 0.05761599540710449
