2 0.6108687520027161 0.43417900800704956 0.0542224645614624 0.05477100610733032
2 0.8993124961853027 0.7176120281219482 0.06402373313903809 0.06375694274902344
2 0.8331712484359741 0.2860809862613678 0.05577874183654785 0.05608201026916504
2 0.9426975250244141 0.701104998588562 0.06497001647949219 0.06523704528808594
2 0.5750075578689575 0.4095830023288727 0.051497459411621094 0.05355501174926758
2 0.7992887496948242 0.06475500017404556 0.05209624767303467 0.055459003895521164
2 0.9032812118530273 0.8921160101890564 0.05829501152038574 0.05593001842498779
2 0.7145562171936035 0.1211709976196289 0.05173754692077637 0.05067599564790726
2 0.6027225255966187 0.33077698945999146 0.04355001449584961 0.04753202199935913
2 0.8420612215995789 0.18038499355316162 0.0555187463760376 0.05769398808479309
2 0.5279512405395508 0.23653098940849304 0.04957127571105957 0.04840199649333954
2 0.5673949718475342 0.32869601249694824 0.044229984283447266 0.047541022300720215
