0 0.35758498311042786 0.41967299580574036 0.04237252473831177 0.039880990982055664
0 0.4298174977302551 0.7331920266151428 0.03988003730773926 0.04152405261993408
0 0.29402750730514526 0.43923699855804443 0.04153376817703247 0.04174298048019409
0 0.2823837399482727 0.18330399692058563 0.039187490940093994 0.03932899236679077
0 0.663657546043396 0.20190300047397614 0.0429462194442749 0.041366010904312134
0 0.4059799909591675 0.7826949954032898 0.04050123691558838 0.043794989585876465
0 0.6984337568283081 0.16702400147914886 0.04236626625061035 0.039323002099990845
0 0.018578745424747467 0.7642109990119934 0.037157490849494934 0.049046993255615234
0 0.7125337719917297 0.31943100690841675 0.04138624668121338 0.041612982749938965
0 0.9493438005447388 0.53473299741745 0.04493260383605957 0.05296897888183594
0 0.29593124985694885 0.017061250284314156 0.04123753309249878 0.03412250056862831
0 0.8764150142669678 0.8392249941825867 0.06279754638671875 0.0578160285949707
0 0.9860727787017822 0.4688340127468109 0.027854442596435547 0.04679602384567261
0 0.47160375118255615 0.08201000094413757 0.03399002552032471 0.0337350070476532
0 0.08211499452590942 0.6734359860420227 0.05022001266479492 0.04796898365020752
0 0.012034684419631958 0.4757080078125 0.024069368839263916 0.04371798038482666
0 0.31954875588417053 0.4903109669685364 0.038146257400512695 0.03859397768974304
0 0.6706950664520264 0.6013579964637756 0.04617500305175781 0.04796397686004639
0 0.7441874742507935 0.4978879690170288 0.04715371131896973 0.045376986265182495
0 0.043119996786117554 0.9030680060386658 0.04688376188278198 0.046205997467041016
0 0.2943687438964844 0.4787060022354126 0.03554874658584595 0.036446988582611084
0 0.9954825043678284 0.8813199996948242 0.009034991264343262 0.059082984924316406
0 0.8114812970161438 0.6312869787216187 0.046097517013549805 0.04954802989959717
0 0.7284212112426758 0.5228070020675659 0.043427467346191406 0.04282104969024658
0 0.6953212022781372 0.49893900752067566 0.046948790550231934 0.04760497808456421
0 0.49782872200012207 0.07621300220489502 0.03297996520996094 0.031078997999429703
0 0.8688824772834778 0.6647329926490784 0.045621275901794434 0.04460000991821289
0 0.358662486076355 0.01317525003105402 0.03456747531890869 0.02635050006210804
0 0.8074125051498413 0.22417199611663818 0.041471242904663086 0.03604099154472351
0 0.9683624505996704 0.5189239978790283 0.04091382026672363 0.04854702949523926
