1 0.13478624820709229 0.6225469708442688 0.09662498533725739 0.10375595092773438
1 0.04420468956232071 0.6266430020332336 0.08840937912464142 0.10827505588531494
0 0.609241247177124 0.19733299314975739 0.09326744079589844 0.09922000765800476
1 0.10952374339103699 0.42818498611450195 0.1105237603187561 0.11305499076843262
1 0.042044684290885925 0.733506977558136 0.08408936858177185 0.10807204246520996
1 0.07398875057697296 0.5184739828109741 0.10466751456260681 0.09488701820373535
0 0.5406287908554077 0.3598569929599762 0.0963824987411499 0.09757798910140991
0 0.5211750268936157 0.2242099940776825 0.10595500469207764 0.10370498895645142
0 0.937345027923584 0.2583569884300232 0.08417367935180664 0.07917600870132446
0 0.9229675531387329 0.3290939927101135 0.07837247848510742 0.07516199350357056
0 0.8047337532043457 0.35942599177360535 0.06523001194000244 0.07535898685455322
0 0.04205437749624252 0.35435301065444946 0.08410875499248505 0.09957998991012573
1 0.4317012429237366 0.7407130002975464 0.10604500770568848 0.10193502902984619
0 0.5351399779319763 0.6274009943008423 0.08941495418548584 0.09747600555419922
0 0.9865765571594238 0.2755649983882904 0.026846885681152344 0.08591198921203613
0 0.8091250658035278 0.07509499788284302 0.08037745952606201 0.08175599575042725
0 0.4424799680709839 0.6364049911499023 0.10068869590759277 0.09784495830535889
0 0.5827124714851379 0.2851789891719818 0.08137869834899902 0.09368699789047241
0 0.19008249044418335 0.37550199031829834 0.09627127647399902 0.10251599550247192
0 0.0154871866106987 0.44985198974609375 0.0309743732213974 0.0937420129776001
0 0.8496924638748169 0.028022000566124916 0.07140254974365234 0.05604400113224983
0 0.8906350135803223 0.06633999943733215 0.07561129331588745 0.06679999828338623
0 0.5920587778091431 0.07286600023508072 0.10262119770050049 0.09818099439144135
0 0.10706250369548798 0.42742401361465454 0.10847625136375427 0.11923003196716309
1 0.38117504119873047 0.496271014213562 0.09867623448371887 0.10732999444007874
2 0.4307187795639038 0.7442319989204407 0.10841119289398193 0.10936498641967773
0 0.07309500128030777 0.5195559859275818 0.10381750762462616 0.09477102756500244
0 0.7863775491714478 0.017496999353170395 0.07776999473571777 0.03499399870634079
