0 0.30264997482299805 0.3857539892196655 0.08446502685546875 0.08534401655197144
0 0.8255013227462769 0.18408699333667755 0.10028129816055298 0.10438999533653259
0 0.4350987672805786 0.6854150295257568 0.09225749969482422 0.0979299545288086
0 0.1586349904537201 0.03684600442647934 0.059308767318725586 0.05756800249218941
0 0.34945374727249146 0.5419139862060547 0.08307000994682312 0.08540701866149902
0 0.29866623878479004 0.6306790113449097 0.08087998628616333 0.08644294738769531
0 0.08918124437332153 0.09445500373840332 0.05776125192642212 0.061097003519535065
0 0.9530971646308899 0.7859979867935181 0.09380567073822021 0.10012996196746826
0 0.20460501313209534 0.1440179944038391 0.06474500894546509 0.06399500370025635
0 0.27830249071121216 0.07485300302505493 0.058960020542144775 0.057670995593070984
0 0.9600334763526917 0.5905579924583435 0.0799330472946167 0.0885399580001831
0 0.984878420829773 0.370386004447937 0.0302431583404541 0.09749901294708252
0 0.7605862021446228 0.14869999885559082 0.09238123893737793 0.09433400630950928
0 0.1331687569618225 0.12945500016212463 0.05552250146865845 0.05683200806379318
0 0.23026001453399658 0.6157259941101074 0.08257502317428589 0.08883702754974365
0 0.01623312383890152 0.9368119835853577 0.03246624767780304 0.05606698989868164
0 0.2627499997615814 0.12683099508285522 0.0557975172996521 0.05819200724363327
0 0.23528999090194702 0.22746700048446655 0.06139373779296875 0.05535601079463959
0 0.2528412640094757 0.3657119870185852 0.0642237663269043 0.06268501281738281
0 0.15729749202728271 0.11760300397872925 0.05062001943588257 0.05638200789690018
