1 0.7266513109207153 0.6956819891929626 0.07986879348754883 0.07857000827789307
1 0.44713252782821655 0.6074320077896118 0.07286620140075684 0.07765400409698486
1 0.37787121534347534 0.5601950287818909 0.07264497876167297 0.08529901504516602
1 0.7209775447845459 0.6247640252113342 0.08237504959106445 0.07781505584716797
1 0.6712737083435059 0.6646959781646729 0.07363998889923096 0.09056103229522705
1 0.25346624851226807 0.1508689969778061 0.07036250829696655 0.07598700374364853
1 0.28931623697280884 0.21665099263191223 0.07741999626159668 0.08147400617599487
1 0.024927496910095215 0.1497800052165985 0.04985499382019043 0.08796101063489914
1 0.25407248735427856 0.10550399869680405 0.08025002479553223 0.08547000586986542
1 0.9736633896827698 0.04625000059604645 0.05267322063446045 0.059108003973960876
1 0.004562810063362122 0.18271799385547638 0.009125620126724243 0.08304998278617859
1 0.33719751238822937 0.5503010153770447 0.06151002645492554 0.08797097206115723
