1 0.6364549994468689 0.8352760076522827 0.08136498928070068 0.07794296741485596
1 0.36078375577926636 0.727603018283844 0.07123002409934998 0.07732903957366943
1 0.5794362425804138 0.8069919943809509 0.07524120807647705 0.09125900268554688
1 0.17197749018669128 0.22106799483299255 0.07383501529693604 0.07226699590682983
1 0.20263874530792236 0.3283829987049103 0.07118874788284302 0.0756639838218689
1 0.6312612891197205 0.7659839987754822 0.08099997043609619 0.07680797576904297
1 0.17027875781059265 0.2635459899902344 0.06451249122619629 0.07219700515270233
1 0.2924700081348419 0.6877409815788269 0.0624924898147583 0.08185100555419922
1 0.842247486114502 0.10523900389671326 0.04961371421813965 0.06061900407075882
1 0.932726263999939 0.08245199918746948 0.04345989227294922 0.05611100420355797
1 0.8955850601196289 0.09430600702762604 0.056449949741363525 0.06709400564432144
