1 0.44679874181747437 0.5961750149726868 0.07406246662139893 0.07750701904296875
1 0.29005250334739685 0.20713600516319275 0.07438123226165771 0.08118399977684021
1 0.3795362710952759 0.5492380261421204 0.07099246978759766 0.07629001140594482
1 0.7250887155532837 0.6818280220031738 0.08241879940032959 0.07917594909667969
1 0.6691275238990784 0.6517059803009033 0.07321751117706299 0.0912560224533081
1 0.7205137014389038 0.6099929809570312 0.08177876472473145 0.07825493812561035
1 0.25325626134872437 0.09802299737930298 0.08070874214172363 0.08367199450731277
1 0.2540512681007385 0.14189200103282928 0.06930625438690186 0.0778459906578064
1 0.005285628139972687 0.17388400435447693 0.010571256279945374 0.08210599422454834
1 0.02464687079191208 0.14273899793624878 0.04929374158382416 0.08706900477409363
1 0.33765751123428345 0.5375059843063354 0.056640028953552246 0.08350202441215515
1 0.9751206636428833 0.036153994500637054 0.0497586727142334 0.053314995020627975
