1 0.14451375603675842 0.3198930025100708 0.06625251471996307 0.07310301065444946
1 0.5315262079238892 0.7756100296974182 0.07412004470825195 0.09209799766540527
1 0.24088752269744873 0.6673709750175476 0.07362997531890869 0.09074604511260986
1 0.11224250495433807 0.2543419897556305 0.06716373562812805 0.07240599393844604
1 0.5905624628067017 0.802711009979248 0.08054244518280029 0.07965397834777832
1 0.5812699794769287 0.7324510216712952 0.08021879196166992 0.07943999767303467
1 0.3087712526321411 0.7087759971618652 0.07880377769470215 0.08560395240783691
1 0.11285748332738876 0.2122489959001541 0.0759587436914444 0.07844200730323792
1 0.8401837348937988 0.07377699762582779 0.05604124069213867 0.05991199612617493
1 0.7881112694740295 0.0886169970035553 0.054021239280700684 0.05651700496673584
1 0.8763875961303711 0.06351099908351898 0.04685121774673462 0.05654799938201904
