2 0.6277637481689453 0.8110250234603882 0.06685245037078857 0.07441401481628418
2 0.9517562389373779 0.7369120121002197 0.08549618721008301 0.08617901802062988
2 0.9994828104972839 0.732250988483429 0.001034379005432129 0.10051298141479492
2 0.4257825016975403 0.3950830101966858 0.07130002975463867 0.07704198360443115
2 0.34093499183654785 0.46855396032333374 0.07540127635002136 0.08152398467063904
2 0.26185500621795654 0.056432999670505524 0.06208622455596924 0.0633770078420639
2 0.5935087203979492 0.14002299308776855 0.07023870944976807 0.07056999206542969
2 0.7481600046157837 0.10497500002384186 0.07138252258300781 0.07045900821685791
2 0.756832480430603 0.16827499866485596 0.081184983253479 0.07563000917434692
2 0.21680375933647156 0.02877425029873848 0.055848777294158936 0.05754850059747696
2 0.5114924907684326 0.021284999325871468 0.07533001899719238 0.04256900027394295
1 0.853003740310669 0.4824349880218506 0.0378262996673584 0.04925099015235901
2 0.7306225299835205 0.22719399631023407 0.0664212703704834 0.06305500864982605
2 0.6393862962722778 0.14353199303150177 0.04868745803833008 0.06583400815725327
2 0.9899421334266663 0.5007359981536865 0.02011573314666748 0.06207701563835144
2 0.6882587671279907 0.15626099705696106 0.058141231536865234 0.06647300720214844
