0 0.03916437178850174 0.5411059856414795 0.07832874357700348 0.21413996815681458
0 0.6846999526023865 0.8744909763336182 0.05543994903564453 0.05230998992919922
0 0.820900022983551 0.15722200274467468 0.05928003787994385 0.06452500820159912
0 0.8260812163352966 0.5170249938964844 0.04466128349304199 0.04188099503517151
0 0.9497724771499634 0.18343700468540192 0.06721115112304688 0.0701880156993866
0 0.321072518825531 0.5276880264282227 0.23953500390052795 0.23663902282714844
0 0.9986934065818787 0.16578499972820282 0.0026131868362426758 0.0726270079612732
0 0.869672417640686 0.19043399393558502 0.053822457790374756 0.05688399076461792
0 0.9226763248443604 0.517490029335022 0.04041242599487305 0.03955301642417908
0 0.8521287441253662 0.45179298520088196 0.03754997253417969 0.041912972927093506
0 0.9460453391075134 0.04676999896764755 0.10790932178497314 0.09240598976612091
0 0.8976149559020996 0.5427470207214355 0.04123878479003906 0.04338395595550537
0 0.7832025289535522 0.5161640048027039 0.03642868995666504 0.03508499264717102
0 0.8626325130462646 0.5459229946136475 0.03882622718811035 0.03956103324890137
0 0.7819874882698059 0.3993079960346222 0.03631877899169922 0.03504800796508789
0 0.8929225206375122 0.10831800103187561 0.059026241302490234 0.06055999547243118
0 0.7179074883460999 0.5296180248260498 0.03852999210357666 0.03561198711395264
0 0.8306775093078613 0.42791199684143066 0.03438377380371094 0.03409302234649658
0 0.5013988018035889 0.9908890128135681 0.06229877471923828 0.01822197437286377
0 0.7733849883079529 0.45486998558044434 0.03451502323150635 0.03615599870681763
0 0.3678475022315979 0.7603679895401001 0.2663462162017822 0.2519800662994385
0 0.896072506904602 0.11684100329875946 0.06527376174926758 0.06770700216293335
0 0.8051212430000305 0.4464690089225769 0.03207874298095703 0.0306360125541687
