0 0.8266112804412842 0.6640710234642029 0.0776749849319458 0.07471203804016113
0 0.018261872231960297 0.9394519925117493 0.03652374446392059 0.04558098316192627
0 0.7709562182426453 0.12017600238323212 0.061548709869384766 0.06218699365854263
0 0.9091575145721436 0.6417589783668518 0.0793113112449646 0.07585203647613525
0 0.3191962242126465 0.14190399646759033 0.04854625463485718 0.05186000466346741
0 0.07373625040054321 0.05457500368356705 0.05146375298500061 0.04857500270009041
0 0.35413748025894165 0.018000999465584755 0.05452752113342285 0.03600100055336952
0 0.6882824897766113 0.07892099767923355 0.05819249153137207 0.05315099656581879
0 0.8292524814605713 0.5968109965324402 0.07718122005462646 0.0737079381942749
0 0.9237687587738037 0.6953690052032471 0.07815241813659668 0.0715780258178711
0 0.290636271238327 0.026215000078082085 0.05638498067855835 0.05242900177836418
0 0.247017502784729 0.05318000167608261 0.04804497957229614 0.04861600324511528
0 0.9335262775421143 0.7676659822463989 0.08055877685546875 0.07237303256988525
0 0.25756749510765076 0.14591899514198303 0.046909987926483154 0.051833994686603546
0 0.7863237261772156 0.5794230103492737 0.06793868541717529 0.06572699546813965
0 0.0362199991941452 0.8678789734840393 0.04613375663757324 0.04743194580078125
0 0.13934001326560974 0.09057699888944626 0.047971248626708984 0.044460996985435486
0 0.9982537627220154 0.27902400493621826 0.0034924745559692383 0.16226302087306976
0 0.06308750808238983 0.09317599982023239 0.04277375340461731 0.0478069931268692
0 0.017055630683898926 0.9012380242347717 0.03411126136779785 0.045282959938049316
0 0.969937801361084 0.20438100397586823 0.06012439727783203 0.1074189841747284
0 0.0995125025510788 0.08760199695825577 0.04405999183654785 0.04591800272464752
0 0.05807499587535858 0.021679002791643143 0.04731625318527222 0.040109001100063324
0 0.33507874608039856 0.5355849862098694 0.05463498830795288 0.04892599582672119
0 0.8729525208473206 0.4842450022697449 0.06164872646331787 0.057116031646728516
0 0.9183862209320068 0.14414599537849426 0.06292247772216797 0.07259300351142883
0 0.017941564321517944 0.9135069847106934 0.03588312864303589 0.05975198745727539
0 0.12247125059366226 0.01822200044989586 0.04621998965740204 0.03644400089979172
