0 0.5435112714767456 0.0916689932346344 0.08665120601654053 0.07807999104261398
0 0.10887999087572098 0.5066819787025452 0.07974873483181 0.08747696876525879
0 0.8276474475860596 0.43750399351119995 0.0753774642944336 0.07431298494338989
0 0.02902219444513321 0.6267709732055664 0.05804438889026642 0.07525503635406494
0 0.7059149742126465 0.2744959890842438 0.07111501693725586 0.06791599094867706
0 0.9151036739349365 0.23323799669742584 0.07378005981445312 0.06869998574256897
0 0.5910475254058838 0.33861398696899414 0.07367873191833496 0.0709490180015564
0 0.46972376108169556 0.13596199452877045 0.0871737003326416 0.07792399078607559
0 0.014468133449554443 0.6691750288009644 0.028936266899108887 0.07337498664855957
0 0.436403751373291 0.029628999531269073 0.08188247680664062 0.05925799906253815
0 0.9412813186645508 0.9393460154533386 0.05745506286621094 0.055335044860839844
0 0.5713537931442261 0.018237000331282616 0.09281373023986816 0.03578000143170357
0 0.9992796778678894 0.3912459909915924 0.0014406442642211914 0.06787300109863281
0 0.9280937910079956 0.8980010151863098 0.06271123886108398 0.056954026222229004
0 0.022140316665172577 0.5396559834480286 0.044280633330345154 0.0706169605255127
0 0.7599437236785889 0.6781690120697021 0.06362497806549072 0.059921979904174805
0 0.5140800476074219 0.04123299941420555 0.07174372673034668 0.06075700372457504
0 0.9424724578857422 0.9850059747695923 0.06911635398864746 0.028656959533691406
0 0.9433712959289551 0.5930119752883911 0.060516357421875 0.05439102649688721
0 0.9181824922561646 0.5419800281524658 0.06912994384765625 0.05825495719909668
