0 0.3137350082397461 0.9702209830284119 0.0790262222290039 0.05955803394317627
0 0.8821312189102173 0.029292000457644463 0.06564253568649292 0.058584000915288925
0 0.7758187651634216 0.8307700157165527 0.09266996383666992 0.09310996532440186
0 0.8297849893569946 0.06563100218772888 0.06206369400024414 0.06400299072265625
0 0.7150787115097046 0.26954901218414307 0.05570495128631592 0.053009986877441406
0 0.7165212631225586 0.7916679978370667 0.08770251274108887 0.08591794967651367
0 0.12412876635789871 0.5780280232429504 0.05541251599788666 0.05851101875305176
0 0.162927508354187 0.612995982170105 0.0535774827003479 0.052999019622802734
0 0.18931373953819275 0.5242949724197388 0.05192375183105469 0.05153000354766846
0 0.29788002371788025 0.5587800145149231 0.054577529430389404 0.052029967308044434
0 0.23107874393463135 0.6290500164031982 0.055296242237091064 0.05672097206115723
0 0.25785624980926514 0.7036870121955872 0.05543750524520874 0.05423104763031006
0 0.7993587255477905 0.14670899510383606 0.06382369995117188 0.06044900417327881
0 0.09262999892234802 0.18872800469398499 0.052507489919662476 0.0500200092792511
0 0.0317743718624115 0.9482380151748657 0.063548743724823 0.05806601047515869
0 0.9518963098526001 0.9733449816703796 0.08969879150390625 0.05265200138092041
0 0.9976949691772461 0.8124150037765503 0.0046100616455078125 0.0669029951095581
0 0.18545374274253845 0.593982994556427 0.050386250019073486 0.05260300636291504
0 0.2829599976539612 0.6044960021972656 0.053402483463287354 0.05397605895996094
1 0.01064968854188919 0.972320020198822 0.02129937708377838 0.05419003963470459
0 0.06440123915672302 0.9838269948959351 0.06025874614715576 0.032330989837646484
0 0.8146662712097168 0.1435140073299408 0.06361997127532959 0.06095600128173828
0 0.9534425139427185 0.9880430102348328 0.09311497211456299 0.023201942443847656
