0 0.23612752556800842 0.430743008852005 0.0683324933052063 0.06608301401138306
0 0.16620373725891113 0.41661399602890015 0.0669100284576416 0.06425601243972778
0 0.4050300121307373 0.3953239917755127 0.05194747447967529 0.05021500587463379
0 0.08370250463485718 0.8915879726409912 0.06204375624656677 0.060502052307128906
0 0.11167249083518982 0.7752050161361694 0.06463998556137085 0.06673896312713623
0 0.187437504529953 0.4610069990158081 0.06249624490737915 0.05786001682281494
0 0.7769474983215332 0.026427999138832092 0.06177628040313721 0.052345000207424164
0 0.0925775021314621 0.44262999296188354 0.05944499373435974 0.05785602331161499
0 0.05890876054763794 0.7069910168647766 0.06452500820159912 0.0651170015335083
0 0.09557250142097473 0.37318700551986694 0.06242501735687256 0.06681102514266968
0 0.10607125610113144 0.28664499521255493 0.05850125849246979 0.05990499258041382
0 0.14762374758720398 0.36834800243377686 0.05179876089096069 0.05192297697067261
