2 0.8119125366210938 0.6378380060195923 0.08194625377655029 0.08912801742553711
0 0.5108036994934082 0.4159969985485077 0.06067371368408203 0.06016397476196289
0 0.41185498237609863 0.9366949796676636 0.06741249561309814 0.06414902210235596
2 0.9997468590736389 0.7137330174446106 0.000506281852722168 0.10734593868255615
2 0.7297712564468384 0.6584500074386597 0.08395624160766602 0.08770501613616943
0 0.35646623373031616 0.9350749850273132 0.0651412308216095 0.06084704399108887
2 0.8287112712860107 0.3759540021419525 0.09018254280090332 0.09136402606964111
2 0.8511649966239929 0.1350259929895401 0.09221255779266357 0.09110599756240845
0 0.6128350496292114 0.8494799733161926 0.06184494495391846 0.06280505657196045
1 0.7131962776184082 0.3903050124645233 0.09393000602722168 0.0853390097618103
2 0.7645237445831299 0.5319910049438477 0.08775496482849121 0.09678801894187927
0 0.056891560554504395 0.9109950065612793 0.11378312110900879 0.15121793746948242
0 0.7574999332427979 0.2986780107021332 0.06639754772186279 0.08062100410461426
2 0.648032546043396 0.8051220178604126 0.06430995464324951 0.06277096271514893
1 0.7693512439727783 0.531578004360199 0.08397126197814941 0.10208499431610107
0 0.791640043258667 0.14447900652885437 0.07963502407073975 0.08073699474334717
1 0.7172725200653076 0.49220699071884155 0.08748376369476318 0.08025002479553223
