0 0.18027499318122864 0.6026110053062439 0.07018250226974487 0.07103300094604492
0 0.13279125094413757 0.523419976234436 0.06238500773906708 0.06833600997924805
0 0.25089624524116516 0.4931949973106384 0.07064497470855713 0.0763690173625946
0 0.5790475606918335 0.1495019942522049 0.07616627216339111 0.06922599673271179
0 0.553246259689331 0.044019997119903564 0.07180619239807129 0.07104399800300598
0 0.01657656580209732 0.4163160026073456 0.03315313160419464 0.06454098224639893
0 0.04992625117301941 0.382081001996994 0.05937623977661133 0.06042301654815674
0 0.14283624291419983 0.6395009756088257 0.06864750385284424 0.0688929557800293
0 0.9282387495040894 0.2330230176448822 0.06966996192932129 0.06427700817584991
0 0.0007356256246566772 0.4923509955406189 0.0014712512493133545 0.06707200407981873
0 0.02639561891555786 0.5309240221977234 0.05279123783111572 0.0616229772567749
0 0.6246100068092346 0.3265860080718994 0.06783628463745117 0.06466501951217651
0 0.6462262868881226 0.10623399913311005 0.0734637975692749 0.06619000434875488
0 0.6572325229644775 0.03013000264763832 0.07117879390716553 0.05811399966478348
0 0.06523749232292175 0.4642080068588257 0.06915748119354248 0.06681501865386963
0 0.8492237329483032 0.41385701298713684 0.07055497169494629 0.06415301561355591
0 0.8645724058151245 0.8241009712219238 0.06350868940353394 0.052163004875183105
0 0.7500600218772888 0.26877400279045105 0.06363379955291748 0.05915899574756622
0 0.9738984704017639 0.3686240017414093 0.05220305919647217 0.060146987438201904
0 0.8781687021255493 0.9101999998092651 0.05628997087478638 0.05093502998352051
0 0.7103049755096436 0.6310510039329529 0.06338751316070557 0.05476701259613037
0 0.8784562349319458 0.862047016620636 0.05743002891540527 0.049070000648498535
0 0.6113162040710449 0.06768199801445007 0.07001125812530518 0.06206199526786804
0 0.8404950499534607 0.5046529769897461 0.067291259765625 0.05259597301483154
