2 0.7972375154495239 0.7501890063285828 0.051592469215393066 0.05134701728820801
2 0.2166699767112732 0.4228389859199524 0.053160011768341064 0.05085700750350952
2 0.7326600551605225 0.8098639845848083 0.05411124229431152 0.05227994918823242
2 0.20076873898506165 0.757125973701477 0.04930752515792847 0.05278801918029785
2 0.17015999555587769 0.42495501041412354 0.04762876033782959 0.04707998037338257
2 0.19979125261306763 0.5512499809265137 0.04659748077392578 0.048040032386779785
2 0.10446751117706299 0.5873209834098816 0.0488012433052063 0.04987597465515137
2 0.22126874327659607 0.6614890098571777 0.0518762469291687 0.052494049072265625
2 0.14035749435424805 0.4162049889564514 0.04777251183986664 0.05009198188781738
2 0.7501387000083923 0.015037000179290771 0.04217374324798584 0.030074000358581543
2 0.20408377051353455 0.6037870049476624 0.04827624559402466 0.052307963371276855
2 0.1820087432861328 0.5651829838752747 0.05836373567581177 0.046929001808166504
