2 0.009180307388305664 0.2513580024242401 0.018360614776611328 0.06833799183368683
2 0.31152501702308655 0.8599780201911926 0.04093623161315918 0.04113900661468506
2 0.383745014667511 0.1500449925661087 0.06576502323150635 0.06553500890731812
2 0.363429993391037 0.898930013179779 0.039262473583221436 0.039888978004455566
2 0.9321399927139282 0.5015609860420227 0.05358624458312988 0.05313301086425781
2 0.6823112368583679 0.7904999852180481 0.05177497863769531 0.05652201175689697
2 0.9243425130844116 0.44947299361228943 0.04935884475708008 0.05224102735519409
2 0.40553998947143555 0.20476600527763367 0.05640006065368652 0.0627799928188324
2 0.6911162734031677 0.07947299629449844 0.03831493854522705 0.03966100513935089
2 0.555516242980957 0.7578639984130859 0.04459118843078613 0.04358994960784912
2 0.32788121700286865 0.8702419996261597 0.042712509632110596 0.03833901882171631
2 0.5906937718391418 0.7152820229530334 0.0568850040435791 0.05420398712158203
2 0.5556325316429138 0.8032749891281128 0.05780744552612305 0.05535101890563965
2 0.978696882724762 0.5948500037193298 0.042606234550476074 0.04482102394104004
2 0.9766393899917603 0.41967299580574036 0.04672122001647949 0.05772101879119873
2 0.6186437010765076 0.16260899603366852 0.03800249099731445 0.037860989570617676
2 0.9902025461196899 0.5323429703712463 0.019594907760620117 0.0468980073928833
2 0.5557875037193298 0.6950550079345703 0.042508721351623535 0.046980977058410645
2 0.5725487470626831 0.9443110227584839 0.06118130683898926 0.05784404277801514
2 0.9554262161254883 0.5506029725074768 0.04689621925354004 0.04945099353790283
2 0.9303200244903564 0.37704598903656006 0.04574990272521973 0.04603999853134155
2 0.4657975435256958 0.22539399564266205 0.03302001953125 0.033583998680114746
2 0.5604349970817566 0.16033899784088135 0.031227469444274902 0.029866009950637817
2 0.16866376996040344 0.3392010033130646 0.03570747375488281 0.03423798084259033
2 0.6344812512397766 0.7797170281410217 0.051006197929382324 0.05377602577209473
2 0.7353587746620178 0.7781999707221985 0.04687631130218506 0.048406004905700684
2 0.6443362236022949 0.25678300857543945 0.03352999687194824 0.027463987469673157
2 0.5798624753952026 0.12941299378871918 0.03591001033782959 0.033098004758358
1 0.6340650320053101 0.7789549827575684 0.05176997184753418 0.054780006408691406
