0 0.7608888149261475 0.3040040135383606 0.08162248134613037 0.08943599462509155
0 0.4479824900627136 0.1787090003490448 0.06532371044158936 0.06347998976707458
0 0.6879525184631348 0.3583360016345978 0.07809627056121826 0.07931602001190186
0 0.31784626841545105 0.108474001288414 0.05716127157211304 0.05307799577713013
0 0.9405825138092041 0.46246498823165894 0.08149123191833496 0.08272698521614075
0 0.6895188093185425 0.27693700790405273 0.08047497272491455 0.07899798452854156
0 0.23732250928878784 0.1436060070991516 0.056533753871917725 0.052410997450351715
0 0.06939874589443207 0.12792900204658508 0.04567626118659973 0.04420500248670578
0 0.9561612606048584 0.6491730213165283 0.08306241035461426 0.08240795135498047
0 0.9114512205123901 0.6861670017242432 0.08400005102157593 0.08009696006774902
0 0.8128187656402588 0.35563498735427856 0.08243751525878906 0.08332902193069458
0 0.5753899812698364 0.6242049932479858 0.07853376865386963 0.07796204090118408
0 0.026388749480247498 0.143204003572464 0.04556375741958618 0.04739600419998169
0 0.7871299982070923 0.4563310146331787 0.08463621139526367 0.08566701412200928
0 0.4887012243270874 0.04231499880552292 0.0624312162399292 0.06035199761390686
0 0.7267537117004395 0.672855019569397 0.07965123653411865 0.07441902160644531
0 0.6220674514770508 0.2828559875488281 0.08348751068115234 0.0834289938211441
0 0.7277625203132629 0.4721739888191223 0.0685737133026123 0.06973996758460999
0 0.8283175230026245 0.3097659945487976 0.07918620109558105 0.08384698629379272
0 0.6929812431335449 0.44733700156211853 0.07339119911193848 0.08008497953414917
0 0.8917725086212158 0.6479470133781433 0.08429622650146484 0.08616495132446289
0 0.2794237434864044 0.7858870029449463 0.06344252824783325 0.06078994274139404
0 0.9108849763870239 0.4197410047054291 0.08500248193740845 0.08137398958206177
