0 0.5178163051605225 0.09403300285339355 0.04716753959655762 0.04656900465488434
0 0.6371800303459167 0.10832100361585617 0.050058722496032715 0.048892006278038025
0 0.6280674934387207 0.8300930261611938 0.05017125606536865 0.05186903476715088
0 0.4785487651824951 0.4865970015525818 0.049700021743774414 0.04844200611114502
0 0.09939750283956528 0.1032010018825531 0.05432875454425812 0.04967600107192993
0 0.5494737029075623 0.34887799620628357 0.04883873462677002 0.05095398426055908
0 0.29682624340057373 0.9700629711151123 0.061058759689331055 0.055552005767822266
2 0.9930078387260437 0.3460269868373871 0.013984322547912598 0.05399101972579956
0 0.2855362594127655 0.8735949993133545 0.059315025806427 0.054988980293273926
0 0.23566624522209167 0.8980799913406372 0.060244977474212646 0.060765981674194336
1 0.9237837791442871 0.2061849981546402 0.05301618576049805 0.05151599645614624
2 0.067904993891716 0.40693700313568115 0.06920626759529114 0.06443601846694946
2 0.9890940189361572 0.29222801327705383 0.021811962127685547 0.05108499526977539
1 0.42972123622894287 0.18238599598407745 0.05881500244140625 0.052428990602493286
0 0.7360899448394775 0.665473997592926 0.047687530517578125 0.049703001976013184
0 0.2479875087738037 0.6091229915618896 0.0531650185585022 0.0407259464263916
