1 0.6946037411689758 0.6781319975852966 0.08622503280639648 0.08203494548797607
1 0.6367250084877014 0.6471400260925293 0.07296252250671387 0.08981597423553467
1 0.41307127475738525 0.5905789732933044 0.07645127177238464 0.07954394817352295
1 0.002977818250656128 0.1317639946937561 0.005955636501312256 0.08947399258613586
1 0.6873087286949158 0.6060730218887329 0.08211374282836914 0.07899200916290283
1 0.21468374133110046 0.13209499418735504 0.06543999910354614 0.07450798898935318
1 0.25067374110221863 0.196834996342659 0.0759587287902832 0.08134201169013977
1 0.217451274394989 0.08908200263977051 0.07881373167037964 0.07766100764274597
1 0.34277504682540894 0.5430830121040344 0.0730225145816803 0.08149302005767822
1 0.952046275138855 0.025118999183177948 0.06349492073059082 0.04970499873161316
1 0.30484750866889954 0.5316399931907654 0.06168252229690552 0.08433100581169128
