2 0.6320725083351135 0.5169780254364014 0.06456506252288818 0.06416702270507812
2 0.5731887817382812 0.6604080200195312 0.07455623149871826 0.06975603103637695
2 0.06042999029159546 0.644491970539093 0.07127749919891357 0.07094001770019531
2 0.6759774684906006 0.1390949934720993 0.05216503143310547 0.04483300447463989
2 0.3804525136947632 0.06522200256586075 0.05011749267578125 0.05297200381755829
2 0.009708128869533539 0.6712639927864075 0.019416257739067078 0.07133603096008301
2 0.3560124933719635 0.10959699749946594 0.05128127336502075 0.05520099401473999
2 0.5703699588775635 0.5181689858436584 0.0581587553024292 0.05969402194023132
2 0.6973288059234619 0.06251999735832214 0.04014122486114502 0.04985000193119049
2 0.3201249837875366 0.4000310003757477 0.03949624300003052 0.037995994091033936
2 0.43104124069213867 0.7265490293502808 0.05832624435424805 0.053398966789245605
2 0.33976247906684875 0.026815999299287796 0.04159623384475708 0.04119399935007095
2 0.3956400156021118 0.8740419745445251 0.047038763761520386 0.05531001091003418
1 0.24517124891281128 0.4759790003299713 0.0407862663269043 0.04321998357772827
2 0.2924700081348419 0.05082200467586517 0.04888498783111572 0.05436200276017189
