0 0.9133089780807495 0.5324249863624573 0.034255001693964005 0.04153300076723099
0 0.6276730298995972 0.2138739973306656 0.07342000305652618 0.09236600250005722
0 0.5848469734191895 0.3240019977092743 0.08761800080537796 0.11197300255298615
0 0.6132700443267822 0.12475699931383133 0.07530300319194794 0.0908450037240982
0 0.16698801517486572 0.8707889914512634 0.04361699894070625 0.050471000373363495
0 0.44182199239730835 0.6306310296058655 0.0699549987912178 0.08774299919605255
0 0.8686469793319702 0.23668299615383148 0.03203599900007248 0.03821999952197075
0 0.884660005569458 0.6421779990196228 0.03299500048160553 0.03974499925971031
0 0.015116989612579346 0.7066230177879333 0.02983899973332882 0.05515100061893463
0 0.7627229690551758 0.2684270143508911 0.029059000313282013 0.035592999309301376
0 0.8200969696044922 0.27102699875831604 0.03086400032043457 0.03757999837398529
0 0.08590102195739746 0.44551199674606323 0.06328900158405304 0.08310700207948685
0 0.09556502103805542 0.3960379958152771 0.06077200174331665 0.07886099815368652
0 0.044475018978118896 0.8863790035247803 0.04242600128054619 0.05044800043106079
0 0.8240399956703186 0.21580000221729279 0.02963400073349476 0.03565499931573868
0 0.8642740249633789 0.5838000178337097 0.03361999988555908 0.0435589998960495
0 0.46439701318740845 0.7571799755096436 0.09945899993181229 0.11387500166893005
0 0.0390089750289917 0.9677940011024475 0.05445300042629242 0.05914299935102463
0 0.8273569941520691 0.3497200012207031 0.030680999159812927 0.03675299882888794
0 0.5261210203170776 0.5021700263023376 0.10794399678707123 0.10822200030088425
0 0.7341060042381287 0.31647899746894836 0.03325900062918663 0.041331999003887177
0 0.03942000865936279 0.9231510162353516 0.03661400079727173 0.03883099928498268
0 0.8116849660873413 0.32735198736190796 0.02974100038409233 0.03648800030350685
0 0.9004499912261963 0.5883200168609619 0.028366999700665474 0.036935001611709595
0 0.8532649874687195 0.34722700715065 0.03401099890470505 0.03852900117635727
0 0.01997697353363037 0.6394150257110596 0.03995300084352493 0.06891100108623505
0 0.017212986946105957 0.7510730028152466 0.03404900059103966 0.04988199844956398
