0 0.5045639872550964 0.7006459832191467 0.06423600018024445 0.07486999779939651
0 0.4297170042991638 0.2955789864063263 0.06963100284337997 0.07885599881410599
0 0.7915170192718506 0.8550689816474915 0.059804998338222504 0.07249200344085693
0 0.8948429822921753 0.7936090230941772 0.055208999663591385 0.06608500331640244
0 0.6450369954109192 0.6483529806137085 0.06146400049328804 0.06881000101566315
0 0.6830190420150757 0.7124170064926147 0.05628399923443794 0.0650240033864975
0 0.11729300022125244 0.787443995475769 0.038795001804828644 0.04609299823641777
0 0.13408398628234863 0.6781899929046631 0.04788599908351898 0.05679500102996826
0 0.6428189873695374 0.8347700238227844 0.06912799924612045 0.09183900058269501
0 0.8130599856376648 0.6528530120849609 0.05994800105690956 0.07097399979829788
0 0.22788602113723755 0.3603239953517914 0.05379100143909454 0.05852099880576134
0 0.8379430174827576 0.3785629868507385 0.04698999971151352 0.05562800168991089
0 0.9677720069885254 0.5373219847679138 0.04793500155210495 0.051881998777389526
0 0.9389740228652954 0.23548799753189087 0.054062001407146454 0.06172399967908859
