2 0.17292600870132446 0.480991005897522 0.04245299845933914 0.053151000291109085
2 0.20267099142074585 0.45967599749565125 0.04241099953651428 0.05499200150370598
2 0.09612798690795898 0.1532279998064041 0.04335600137710571 0.05239500105381012
2 0.02328801155090332 0.09857399761676788 0.04348199814558029 0.0589900016784668
2 0.1834689974784851 0.3755429983139038 0.039014000445604324 0.050769999623298645
2 0.4111030101776123 0.8354769945144653 0.03723900020122528 0.04679499939084053
2 0.6863380074501038 0.8629900217056274 0.03635299950838089 0.04381199926137924
2 0.24672698974609375 0.2801409959793091 0.04022499918937683 0.05007199943065643
2 0.21130698919296265 0.37511399388313293 0.037615999579429626 0.05150400102138519
2 0.5939480066299438 0.9733830094337463 0.04773399978876114 0.05080699920654297
