0 0.6139320135116577 0.41967299580574036 0.0338979996740818 0.03988099843263626
0 0.5561460256576538 0.7331920266151428 0.03190400078892708 0.041524000465869904
0 0.6647779941558838 0.43923699855804443 0.03322700038552284 0.041742999106645584
0 0.058580994606018066 0.5195810198783875 0.042433999478816986 0.05314499884843826
0 0.6740930080413818 0.18330399692058563 0.03135000169277191 0.03932899981737137
0 0.3690739870071411 0.20190300047397614 0.03435700014233589 0.04136599972844124
0 0.9572769999504089 0.8466939926147461 0.034651998430490494 0.0430000014603138
0 0.5752159953117371 0.7826949954032898 0.03240099921822548 0.04379500076174736
0 0.34125298261642456 0.16702400147914886 0.033893000334501266 0.039322998374700546
0 0.8875719904899597 0.7642109990119934 0.034595999866724014 0.04904700070619583
0 0.3299729824066162 0.31943100690841675 0.03310900181531906 0.04161300137639046
0 0.1405249834060669 0.53473299741745 0.03594600036740303 0.05296900123357773
0 0.663254976272583 0.01706100068986416 0.032990001142024994 0.034122999757528305
0 0.19886797666549683 0.8392249941825867 0.050237998366355896 0.057815998792648315
0 0.10236501693725586 0.4688340127468109 0.03983699902892113 0.04679600149393082
0 0.5227169990539551 0.08201000094413757 0.027192000299692154 0.0337349995970726
0 0.8343080282211304 0.6734359860420227 0.04017600044608116 0.04796899855136871
0 0.9001839756965637 0.4757080078125 0.03887899965047836 0.04371799901127815
0 0.6443610191345215 0.49031099677085876 0.03051700070500374 0.03859400004148483
0 0.3634439706802368 0.6013579964637756 0.03694000095129013 0.04796399921178818
0 0.3046500086784363 0.4978879988193512 0.03772300109267235 0.04537700116634369
0 0.017232000827789307 0.33720600605010986 0.03348100185394287 0.042812999337911606
0 0.8655040264129639 0.9030680060386658 0.03750700131058693 0.046206001192331314
0 0.6645050048828125 0.4787060022354126 0.028439000248908997 0.03644699975848198
0 0.08471697568893433 0.8813199996948242 0.04502199962735176 0.0590829998254776
0 0.2508149743080139 0.6312869787216187 0.03687800094485283 0.04954800009727478
0 0.31726300716400146 0.5228070020675659 0.034742001444101334 0.0428210012614727
0 0.3437430262565613 0.49893900752067566 0.03755899891257286 0.047605000436306
0 0.5017369985580444 0.07621300220489502 0.02638399973511696 0.031078999862074852
0 0.20489400625228882 0.6647329926490784 0.036497000604867935 0.044599998742341995
0 0.613070011138916 0.013175000436604023 0.027653999626636505 0.026350999251008034
0 0.254069983959198 0.22417199611663818 0.03317699953913689 0.03604099899530411
0 0.1253100037574768 0.5189239978790283 0.03273100033402443 0.04854699969291687
