0 0.13728201389312744 0.7425479888916016 0.06502500176429749 0.07353399693965912
0 0.9083349704742432 0.3649600148200989 0.049775999039411545 0.05672600120306015
0 0.43169498443603516 0.8796020150184631 0.05992100015282631 0.07241100072860718
0 0.8583959937095642 0.043056000024080276 0.05245799943804741 0.05931200087070465
0 0.048249006271362305 0.33538898825645447 0.06730400025844574 0.07564400136470795
0 0.5296509861946106 0.8119909763336182 0.05399800091981888 0.06407299637794495
0 0.8731440305709839 0.2481819987297058 0.0506259985268116 0.06047999858856201
0 0.32323598861694336 0.741989016532898 0.054524000734090805 0.062123000621795654
0 0.27692097425460815 0.6819400191307068 0.059741001576185226 0.06769400089979172
0 0.9042869806289673 0.23876599967479706 0.0458809994161129 0.056154001504182816
0 0.27751797437667847 0.8696050047874451 0.0721530020236969 0.09144800156354904
0 0.44867098331451416 0.6773239970207214 0.059693001210689545 0.06710299849510193
0 0.5561599731445312 0.2677519917488098 0.056800998747348785 0.06680800020694733
