2 0.07246702909469604 0.6942880153656006 0.0723000019788742 0.09239199757575989
2 0.3464699983596802 0.7559040188789368 0.05508299916982651 0.07595200091600418
2 0.5785349607467651 0.3976919949054718 0.062300000339746475 0.08808399736881256
2 0.5060229897499084 0.3257310092449188 0.05789399892091751 0.08630000054836273
2 0.3612769842147827 0.058688998222351074 0.06676100194454193 0.08378300070762634
2 0.22544902563095093 0.09623699635267258 0.07375600188970566 0.08877799659967422
2 0.23411697149276733 0.03008200041949749 0.06912600249052048 0.060162998735904694
2 0.016641974449157715 0.6856399774551392 0.032990001142024994 0.10579399764537811
2 0.014096975326538086 0.7016890048980713 0.028193000704050064 0.08103299885988235
2 0.024433016777038574 0.6714410185813904 0.04295499995350838 0.09084799885749817
2 0.24841898679733276 0.15178300440311432 0.05654099956154823 0.06889300048351288
2 0.02560502290725708 0.44565001130104065 0.04301600158214569 0.06064999848604202
2 0.32593101263046265 0.0604729987680912 0.045058999210596085 0.07798399776220322
