0 0.6950520277023315 0.22987399995326996 0.08347799628973007 0.10120300203561783
0 0.7476980090141296 0.14433600008487701 0.08121699839830399 0.1013059988617897
0 0.8317970037460327 0.47081899642944336 0.11861799657344818 0.1330229938030243
0 0.9033989906311035 0.16151699423789978 0.10922200232744217 0.14338700473308563
0 0.8041329979896545 0.19504700601100922 0.09063900262117386 0.10902900248765945
0 0.5534949898719788 0.03455600142478943 0.03503600135445595 0.04118900001049042
0 0.5913859605789185 0.39683300256729126 0.07536300271749496 0.09767299890518188
0 0.49612098932266235 0.091279998421669 0.035613998770713806 0.0410970002412796
0 0.17916202545166016 0.17035900056362152 0.09055300056934357 0.10425200313329697
0 0.8047000169754028 0.121847003698349 0.06009500101208687 0.0677340030670166
0 0.7324960231781006 0.0657930001616478 0.04227500036358833 0.057346999645233154
0 0.8452799916267395 0.13784900307655334 0.05047500133514404 0.1221190020442009
0 0.6652680039405823 0.11398600041866302 0.035735998302698135 0.03937600180506706
0 0.9367629885673523 0.01946300081908703 0.12647399306297302 0.038927000015974045
0 0.07715600728988647 0.40541398525238037 0.07971400022506714 0.09772100299596786
