0 0.21852999925613403 0.5680469870567322 0.0599140003323555 0.07463999837636948
1 0.5654920339584351 0.8748599886894226 0.07739000022411346 0.10159599781036377
0 0.2041580080986023 0.5079749822616577 0.060896001756191254 0.07142499834299088
0 0.4498140215873718 0.5264409780502319 0.07092200219631195 0.09078100323677063
0 0.385250985622406 0.2777630090713501 0.07365000247955322 0.09647399932146072
0 0.7878699898719788 0.6183440089225769 0.07511500269174576 0.08774399757385254
0 0.15153902769088745 0.5303159952163696 0.05732300132513046 0.07232700288295746
0 0.30812597274780273 0.5872730016708374 0.058104999363422394 0.07272499799728394
0 0.4496470093727112 0.4063299894332886 0.07450000196695328 0.09346000105142593
1 0.7506129741668701 0.534699022769928 0.08094599843025208 0.10450000315904617
0 0.7525659799575806 0.7178379893302917 0.0678739994764328 0.10351099818944931
1 0.8386459946632385 0.8108909726142883 0.08406999707221985 0.10376600176095963
0 0.8374419808387756 0.8089410066604614 0.08028899878263474 0.10733400285243988
0 0.4799659848213196 0.7779939770698547 0.062073998153209686 0.09009300172328949
0 0.821150004863739 0.711018979549408 0.07737399637699127 0.10249599814414978
2 0.5427429676055908 0.47898799180984497 0.06841100007295609 0.09874799847602844
1 0.711558997631073 0.6195549964904785 0.07409899681806564 0.09907200187444687
0 0.24767500162124634 0.279570996761322 0.05471700057387352 0.07046700268983841
0 0.2960820198059082 0.4093729853630066 0.06670799851417542 0.07739800214767456
1 0.45029401779174805 0.4062440097332001 0.07545799762010574 0.09632900357246399
0 0.7509379982948303 0.5358139872550964 0.07858099788427353 0.10344800353050232
0 0.5462110042572021 0.772704005241394 0.0745529979467392 0.09952399879693985
0 0.7120760083198547 0.6197890043258667 0.07586199790239334 0.09636499732732773
1 0.7524409890174866 0.7183290123939514 0.0697610005736351 0.10240600258111954
0 0.2594689726829529 0.6073650121688843 0.053481001406908035 0.07086800038814545
