0 0.5884979963302612 0.7104399800300598 0.06450299918651581 0.07875099778175354
0 0.04410600662231445 0.4701650142669678 0.056095000356435776 0.06967499852180481
0 0.1695759892463684 0.04135600104928017 0.06245899945497513 0.07226400077342987
0 0.06560498476028442 0.43285900354385376 0.056887999176979065 0.06741800159215927
0 0.7568520307540894 0.15625999867916107 0.046369001269340515 0.05506899952888489
0 0.400285005569458 0.3832840025424957 0.0687279999256134 0.08690900355577469
0 0.5211570262908936 0.5943570137023926 0.0629810020327568 0.07523400336503983
0 0.5955219864845276 0.6518949866294861 0.062118999660015106 0.07202699780464172
0 0.5449210405349731 0.6745179891586304 0.05191199854016304 0.07443799823522568
0 0.46927398443222046 0.349155992269516 0.06434299796819687 0.08402500301599503
0 0.3346560001373291 0.31562599539756775 0.06794700026512146 0.08123700320720673
0 0.4191250205039978 0.24408699572086334 0.06749600172042847 0.07265199720859528
0 0.48585599660873413 0.26415398716926575 0.06339199841022491 0.07912199944257736
0 0.7702019810676575 0.6694449782371521 0.04607899859547615 0.05618000030517578
0 0.460411012172699 0.5291780233383179 0.05879399925470352 0.0720829963684082
0 0.18986797332763672 0.1348160058259964 0.05415799841284752 0.07079000025987625
0 0.5510790348052979 0.10975000262260437 0.060805000364780426 0.06542900204658508
0 0.10776001214981079 0.014313999563455582 0.06185000017285347 0.02824000082910061
0 0.42110198736190796 0.6831309795379639 0.04871299862861633 0.05528099834918976
0 0.4184889793395996 0.31234800815582275 0.05665399879217148 0.06609199941158295
0 0.014111995697021484 0.4641120135784149 0.028224000707268715 0.06574700027704239
0 0.1971219778060913 0.1829729974269867 0.05663000047206879 0.060116998851299286
0 0.5835750102996826 0.9334700107574463 0.13721400499343872 0.13305999338626862
0 0.31991398334503174 0.4308739900588989 0.048854000866413116 0.06482099741697311
0 0.04691499471664429 0.785040020942688 0.04729500040411949 0.05656500160694122
