0 0.04434400796890259 0.5355370044708252 0.04219299927353859 0.0540350005030632
0 0.9186260104179382 0.5411059856414795 0.16257800161838531 0.21413999795913696
0 0.35224002599716187 0.8744909763336182 0.04435199871659279 0.052310001105070114
0 0.24327999353408813 0.15722200274467468 0.04742399975657463 0.06452500075101852
0 0.2391350269317627 0.5170249938964844 0.035728998482227325 0.04188099876046181
0 0.1401820182800293 0.18343700468540192 0.05376899987459183 0.0701880007982254
0 0.6431419849395752 0.5276880264282227 0.19162799417972565 0.23663899302482605
0 0.059575021266937256 0.43395400047302246 0.035693999379873276 0.046512000262737274
0 0.0727739930152893 0.16578499972820282 0.058632999658584595 0.0726270005106926
0 0.20426201820373535 0.19043399393558502 0.04305800050497055 0.05688399821519852
0 0.16185897588729858 0.517490029335022 0.032329998910427094 0.03955300152301788
0 0.21829700469970703 0.45179298520088196 0.03003999963402748 0.041912999004125595
0 0.14215797185897827 0.04676999896764755 0.08833900094032288 0.09240599721670151
0 0.1819080114364624 0.5427470207214355 0.03299099951982498 0.04338400065898895
0 0.2734379768371582 0.5161640048027039 0.02914300002157688 0.03508500009775162
0 0.20989400148391724 0.5459229946136475 0.031060999259352684 0.03956099972128868
0 0.2744100093841553 0.3993079960346222 0.029054999351501465 0.035048000514507294
0 0.18566197156906128 0.10831800103187561 0.047221001237630844 0.06055999919772148
0 0.32567399740219116 0.5296180248260498 0.030824000015854836 0.03561199828982353
0 0.23545801639556885 0.42791199684143066 0.027506999671459198 0.03409299999475479
0 0.4988809823989868 0.9908890128135681 0.04983900114893913 0.01822200044989586
0 0.28129202127456665 0.45486998558044434 0.027612000703811646 0.03615599870681763
0 0.6057220101356506 0.7603679895401001 0.21307699382305145 0.2519800066947937
0 0.02262502908706665 0.20275600254535675 0.044791001826524734 0.09230499714612961
0 0.18314200639724731 0.11684100329875946 0.052218999713659286 0.06770700216293335
0 0.2559030055999756 0.4464690089225769 0.025662999600172043 0.030635999515652657
