0 0.6171630024909973 0.5099120140075684 0.04973499849438667 0.05735599994659424
0 0.7685739994049072 0.6204720139503479 0.05177599936723709 0.06689999997615814
0 0.09847801923751831 0.22573499381542206 0.06156399846076965 0.07513000071048737
0 0.14963799715042114 0.6622499823570251 0.05799499899148941 0.06766200065612793
0 0.292169988155365 0.7408930063247681 0.05047899857163429 0.05752699822187424
0 0.4559590220451355 0.17279399931430817 0.04730299860239029 0.048976998776197433
0 0.10091900825500488 0.7380610108375549 0.060871001332998276 0.07022300362586975
0 0.9471369981765747 0.6167610287666321 0.050220001488924026 0.0618630014359951
0 0.8142269849777222 0.566897988319397 0.05146599933505058 0.06329499930143356
0 0.393468976020813 0.3287769854068756 0.05239100009202957 0.05849799886345863
0 0.7828440070152283 0.9801350235939026 0.0546410009264946 0.039730001240968704
0 0.1794949769973755 0.23550200462341309 0.0512939989566803 0.06360899657011032
0 0.9587140083312988 0.50068598985672 0.05084700137376785 0.06255800276994705
0 0.025139987468719482 0.877232015132904 0.05028099939227104 0.07585900276899338
0 0.2567570209503174 0.3217410147190094 0.052379999309778214 0.059227000921964645
0 0.9289550185203552 0.7634029984474182 0.05015899986028671 0.061110999435186386
0 0.7861639857292175 0.5083180069923401 0.05211900174617767 0.06211499869823456
0 0.022907018661499023 0.17462700605392456 0.04581400007009506 0.06892500072717667
0 0.5112130045890808 0.6459019780158997 0.05159600079059601 0.056791000068187714
0 0.7154229879379272 0.8676949739456177 0.053158000111579895 0.06532099843025208
0 0.7342560291290283 0.9248440265655518 0.05166200175881386 0.058017998933792114
0 0.023127973079681396 0.7959399819374084 0.04625700041651726 0.07358899712562561
0 0.968595027923584 0.7882969975471497 0.047200001776218414 0.06189899891614914
0 0.5652369856834412 0.9107509851455688 0.05029299855232239 0.056494999676942825
0 0.9831849932670593 0.5322390198707581 0.033323001116514206 0.06067299842834473
0 0.6118490099906921 0.4542669951915741 0.04987899959087372 0.057381000369787216
0 0.3819050192832947 0.2973400056362152 0.054391998797655106 0.06832899898290634
0 0.6799939870834351 0.08610899746417999 0.042594000697135925 0.04605000093579292
0 0.8740240335464478 0.0793600007891655 0.0425960011780262 0.052232999354600906
0 0.6659480333328247 0.985476016998291 0.05150299891829491 0.029047999531030655
0 0.023889005184173584 0.7108920216560364 0.04777900129556656 0.06701000034809113
0 0.19628101587295532 0.21031500399112701 0.05090000107884407 0.06358899921178818
0 0.5681920051574707 0.12983599305152893 0.05074600130319595 0.05475199967622757
0 0.9810060262680054 0.6118950247764587 0.037987999618053436 0.06727299839258194
0 0.13949602842330933 0.17740200459957123 0.049017999321222305 0.06996200233697891
0 0.881833016872406 0.04505600035190582 0.04039499908685684 0.04370399937033653
0 0.9162049889564514 0.8695160150527954 0.03918899968266487 0.04711100086569786
0 0.5486699938774109 0.11615599691867828 0.04355600103735924 0.04957500100135803
0 0.5891280174255371 0.6192439794540405 0.04644399881362915 0.05714999884366989
0 0.8804159760475159 0.5835490226745605 0.04449699819087982 0.05770700052380562
0 0.6641680002212524 0.9804829955101013 0.05412900075316429 0.03903299942612648
0 0.12226802110671997 0.2076379954814911 0.04674400016665459 0.06546200066804886
0 0.6664299964904785 0.5067269802093506 0.05081700161099434 0.06363199651241302
0 0.9871140122413635 0.19209200143814087 0.025770999491214752 0.04267000034451485
0 0.9655150175094604 0.21438300609588623 0.03519099950790405 0.04382200166583061
0 0.009581029415130615 0.423799991607666 0.019003000110387802 0.07477899640798569
0 0.13683700561523438 0.7202829718589783 0.04502300173044205 0.061840999871492386
