2 0.4110170006752014 0.8915179967880249 0.09781699627637863 0.1170239970088005
0 0.5269370079040527 0.04694199934601784 0.0850130021572113 0.09388300031423569
2 0.6011810302734375 0.7476149797439575 0.0709490031003952 0.09619999676942825
1 0.09620398283004761 0.553613007068634 0.08754099905490875 0.10734400153160095
2 0.5904949903488159 0.4581019878387451 0.07505100220441818 0.10016299784183502
2 0.512919008731842 0.3603709936141968 0.0728600025177002 0.10155999660491943
2 0.5894190073013306 0.22035999596118927 0.07784000039100647 0.10067299753427505
2 0.022872984409332275 0.402538001537323 0.04574599862098694 0.07330399751663208
0 0.8378649950027466 0.43633800745010376 0.054666001349687576 0.06410600244998932
0 0.51944500207901 0.23275500535964966 0.07917699962854385 0.10520599782466888
0 0.911545991897583 0.9877880215644836 0.05457400158047676 0.024424999952316284
2 0.6727199554443359 0.7649180293083191 0.06874900311231613 0.08990000188350677
2 0.6454659700393677 0.6374120116233826 0.07118900120258331 0.09555599838495255
2 0.38614702224731445 0.7899900078773499 0.07570499926805496 0.1046300008893013
0 0.6305069923400879 0.20313799381256104 0.05992899835109711 0.08642099797725677
