0 0.292415976524353 0.9226340055465698 0.059193000197410583 0.0729369968175888
0 0.46914100646972656 0.4163390100002289 0.06326700001955032 0.07868099957704544
0 0.6645690202713013 0.17106999456882477 0.05719900131225586 0.06954599916934967
0 0.739657998085022 0.13384300470352173 0.06033099815249443 0.07189500331878662
0 0.6084920167922974 0.44177401065826416 0.05932899937033653 0.07286400347948074
0 0.23961800336837769 0.8768060207366943 0.058077000081539154 0.07024700194597244
0 0.7301290035247803 0.06816300004720688 0.06272800266742706 0.07248999923467636
0 0.6989110112190247 0.14614500105381012 0.05298199877142906 0.07134299725294113
0 0.7964289784431458 0.9380509853363037 0.04715299978852272 0.050680000334978104
0 0.7613289952278137 0.9769099950790405 0.039739999920129776 0.04617999866604805
0 0.14931601285934448 0.8355309963226318 0.051663000136613846 0.05819299817085266
0 0.2456510066986084 0.5450819730758667 0.05632400140166283 0.07610300183296204
0 0.2893589735031128 0.539792001247406 0.05157500132918358 0.06427299976348877
0 0.015257000923156738 0.5621169805526733 0.030515000224113464 0.058292001485824585
