0 0.6884369850158691 0.607649028301239 0.06978499889373779 0.08788000047206879
0 0.6324599981307983 0.5970270037651062 0.06827700138092041 0.08250100165605545
0 0.45897799730300903 0.6720079779624939 0.07283499836921692 0.09242600202560425
0 0.3603990077972412 0.5587480068206787 0.07387299835681915 0.09400200098752975
0 0.6329630017280579 0.7312120199203491 0.06682399660348892 0.08666999638080597
0 0.3728979825973511 0.6488509774208069 0.07469700276851654 0.08838800340890884
0 0.6928049921989441 0.34639298915863037 0.07197599858045578 0.08124600350856781
0 0.42645901441574097 0.48103299736976624 0.07337299734354019 0.09283299744129181
0 0.7419689893722534 0.2639789879322052 0.06999099999666214 0.086326003074646
0 0.31131601333618164 0.06746000051498413 0.07319699972867966 0.10515400022268295
0 0.6964280009269714 0.40845900774002075 0.07054100185632706 0.08191599696874619
0 0.3652300238609314 0.7848230004310608 0.06699299812316895 0.08768700063228607
0 0.9784049987792969 0.2780959904193878 0.043189000338315964 0.07584399729967117
0 0.2038949728012085 0.16319400072097778 0.08473099768161774 0.12079700082540512
