0 0.6490119695663452 0.9702209830284119 0.06322100013494492 0.05955800041556358
0 0.1942949891090393 0.029292000457644463 0.05251400172710419 0.058584000915288925
0 0.27934497594833374 0.8307700157165527 0.07413599640130997 0.09311000257730484
0 0.23617202043533325 0.06563100218772888 0.049651000648736954 0.06400299817323685
0 0.3279370069503784 0.26954901218414307 0.04456400126218796 0.0530100017786026
0 0.3267830014228821 0.7916679978370667 0.07016199827194214 0.08591800183057785
0 0.9834139943122864 0.25720399618148804 0.03317200019955635 0.05615000054240227
0 0.0444759726524353 0.7916060090065002 0.058653999119997025 0.06951499730348587
0 0.8006969690322876 0.5780280232429504 0.04433000087738037 0.058511000126600266
0 0.011632978916168213 0.5940840244293213 0.023266000673174858 0.07164400070905685
0 0.7696579694747925 0.612995982170105 0.042862001806497574 0.05299900099635124
0 0.7485489845275879 0.5242949724197388 0.04153899848461151 0.05152999982237816
0 0.6616959571838379 0.5587800145149231 0.04366200044751167 0.05203000083565712
0 0.7151370048522949 0.6290500164031982 0.04423699900507927 0.056720998138189316
0 0.69371497631073 0.7036870121955872 0.044349998235702515 0.05423099920153618
0 0.2605130076408386 0.14670899510383606 0.05105900019407272 0.06044900044798851
0 0.984296977519989 0.3346309959888458 0.030919000506401062 0.05656300112605095
0 0.06050598621368408 0.2001280039548874 0.044867001473903656 0.055334001779556274
0 0.8258960247039795 0.18872800469398499 0.0420060008764267 0.0500200018286705
0 0.8773450255393982 0.9482380151748657 0.05636800080537796 0.058065999299287796
0 0.1384829878807068 0.9733449816703796 0.07175900042057037 0.05265200138092041
0 0.07560098171234131 0.8124150037765503 0.05617399886250496 0.0669030025601387
0 0.7516369819641113 0.593982994556427 0.04030900076031685 0.05260299891233444
0 0.673632025718689 0.6044960021972656 0.04272200167179108 0.05397599935531616
0 0.9654160141944885 0.2902959883213043 0.03467100113630295 0.04836999997496605
1 0.9331560134887695 0.972320020198822 0.10039100050926208 0.05418999865651131
0 0.8484790325164795 0.9838269948959351 0.04820699989795685 0.03233100101351738
0 0.24826699495315552 0.1435140073299408 0.05089600011706352 0.06095600128173828
0 0.1328279972076416 0.9880430102348328 0.0833280012011528 0.023202000185847282
