1 0.7639679908752441 0.27055901288986206 0.05313299968838692 0.07141800224781036
1 0.7408490180969238 0.33586400747299194 0.05687300115823746 0.0749180018901825
1 0.39583998918533325 0.84067302942276 0.06439899653196335 0.07824400067329407
1 0.9593049883842468 0.26078900694847107 0.06458800286054611 0.08968999981880188
1 0.3966410160064697 0.768867015838623 0.06458400189876556 0.07744500041007996
1 0.43892502784729004 0.8113309741020203 0.062157001346349716 0.09351000189781189
1 0.026167988777160645 0.15399399399757385 0.050425998866558075 0.06881199777126312
1 0.7627730369567871 0.2295379936695099 0.05900299921631813 0.07533299922943115
1 0.6193360090255737 0.7299879789352417 0.05948900058865547 0.07788900285959244
1 0.20231401920318604 0.12467599660158157 0.045809000730514526 0.06123900040984154
1 0.20767498016357422 0.17594200372695923 0.04770300164818764 0.06031699851155281
1 0.6685329675674438 0.6911550164222717 0.047843001782894135 0.08116699755191803
1 0.24503201246261597 0.13778699934482574 0.03995500132441521 0.06230799853801727
1 0.1747090220451355 0.11838799715042114 0.04085199907422066 0.059574998915195465
1 0.9810960292816162 0.2953900098800659 0.03780699893832207 0.07088399678468704
