0 0.2917670011520386 0.23661699891090393 0.04966599866747856 0.05927899852395058
0 0.4816330075263977 0.8974980115890503 0.04548399895429611 0.06377000361680984
0 0.9102259874343872 0.14854800701141357 0.050957001745700836 0.05595500022172928
0 0.09303498268127441 0.8156319856643677 0.04253099858760834 0.05438299849629402
0 0.3728179931640625 0.1687919944524765 0.044833000749349594 0.05731600150465965
0 0.48131799697875977 0.8432009816169739 0.04779199883341789 0.05999099835753441
0 0.1367959976196289 0.8067880272865295 0.04547100141644478 0.05854799970984459
0 0.3348439931869507 0.03394100069999695 0.046863000839948654 0.05858200043439865
0 0.5130400061607361 0.29715201258659363 0.05070799961686134 0.05788400024175644
0 0.018564999103546143 0.1272139996290207 0.037129998207092285 0.05778700113296509
0 0.11445802450180054 0.7375739812850952 0.04054500162601471 0.04553300142288208
0 0.9417930245399475 0.22269099950790405 0.046971000730991364 0.05496399849653244
0 0.27732300758361816 0.18227800726890564 0.05077400058507919 0.05989199876785278
0 0.41926801204681396 0.9925869703292847 0.04686399921774864 0.014050000347197056
