1 0.3908360004425049 0.8352760076522827 0.06509199738502502 0.07794299721717834
1 0.6113730072975159 0.727603018283844 0.05698399990797043 0.07732900232076645
1 0.4364510178565979 0.8069919943809509 0.06019299849867821 0.09125900268554688
1 0.7624180316925049 0.22106799483299255 0.05906800180673599 0.07226700335741043
1 0.7378889918327332 0.3283829987049103 0.05695100128650665 0.07566399872303009
1 0.960657000541687 0.26066699624061584 0.06162799894809723 0.08479300141334534
1 0.3949909806251526 0.7659839987754822 0.06480000168085098 0.07680799812078476
1 0.7637770175933838 0.2635459899902344 0.05161000043153763 0.07219699770212173
1 0.6660239696502686 0.6877409815788269 0.04999399930238724 0.08185099810361862
1 0.22620201110839844 0.10523899644613266 0.039691001176834106 0.06061900034546852
1 0.1538190245628357 0.08245199918746948 0.0347680002450943 0.05611100047826767
1 0.1835319995880127 0.09430599957704544 0.045159999281167984 0.06709399819374084
1 0.9794319868087769 0.29320698976516724 0.04113699868321419 0.07257799804210663
1 0.010802984237670898 0.11744099855422974 0.02160700038075447 0.06782499700784683
