0 0.8463950157165527 0.08111900091171265 0.04221599921584129 0.04987899959087372
0 0.912837028503418 0.19489100575447083 0.04475700110197067 0.05242599919438362
0 0.808364987373352 0.14821599423885345 0.04122500121593475 0.05373099818825722
0 0.9776039719581604 0.46518900990486145 0.04479200020432472 0.061792001128196716
0 0.9196959733963013 0.538070023059845 0.050866998732089996 0.06164399906992912
0 0.9130889773368835 0.07958400249481201 0.042897000908851624 0.05355200171470642
0 0.9044870138168335 0.1580670028924942 0.04393700137734413 0.04943099990487099
0 0.9652569890022278 0.5552070140838623 0.053690001368522644 0.0773020014166832
0 0.020341992378234863 0.8504089713096619 0.04068399965763092 0.05863400176167488
0 0.9823179841041565 0.03290000185370445 0.03536299988627434 0.05430399999022484
0 0.9316719770431519 0.6244879961013794 0.05454099923372269 0.06380400061607361
0 0.9508199691772461 0.1879110038280487 0.041436001658439636 0.05474900081753731
0 0.9578790068626404 0.5621370077133179 0.05627100169658661 0.08001100271940231
0 0.9222990274429321 0.008636999875307083 0.04607800021767616 0.017162000760436058
