2 0.0960569977760315 0.8296210169792175 0.0552310012280941 0.071212999522686
2 0.3668820261955261 0.400193989276886 0.0444520004093647 0.05883000046014786
2 0.17598700523376465 0.2522909939289093 0.04672599956393242 0.06233200058341026
2 0.05850702524185181 0.7992969751358032 0.05354899913072586 0.06844600290060043
2 0.4008899927139282 0.3804819881916046 0.04288899898529053 0.05910699814558029
2 0.835303008556366 0.8195130228996277 0.036646001040935516 0.049633000046014786
2 0.6108989715576172 0.7484710216522217 0.03477700054645538 0.045228999108076096
2 0.2913439869880676 0.029265999794006348 0.04529000073671341 0.055945999920368195
2 0.8988519906997681 0.7600330114364624 0.03713100031018257 0.04575100168585777
2 0.7317050099372864 0.7863829731941223 0.03662300109863281 0.04362599924206734
2 0.19843202829360962 0.06168700009584427 0.04474300146102905 0.06476499885320663
2 0.3824309706687927 0.27845099568367004 0.04185999929904938 0.05609999969601631
2 0.21338599920272827 0.01702900044620037 0.050060998648405075 0.03405800089240074
2 0.09024697542190552 0.9731839895248413 0.050011999905109406 0.0529789999127388
2 0.2505339980125427 0.015513000078499317 0.0472709983587265 0.031026000156998634
2 0.41200000047683716 0.28530800342559814 0.04188600182533264 0.05506199970841408
2 0.1555359959602356 0.04568200185894966 0.047279998660087585 0.05844299867749214
