2 0.8508850336074829 0.4992299973964691 0.04197699949145317 0.05511400103569031
2 0.6219040155410767 0.9599050283432007 0.05048900097608566 0.06626299768686295
2 0.09677201509475708 0.4119409918785095 0.0509909987449646 0.06761699914932251
2 0.6560980081558228 0.39273500442504883 0.047249000519514084 0.060120999813079834
2 0.5875710248947144 0.9337610006332397 0.04871099814772606 0.06523200124502182
2 0.6746070384979248 0.15638500452041626 0.04292599856853485 0.056866999715566635
2 0.16653800010681152 0.5510380268096924 0.049633000046014786 0.06208299845457077
2 0.8828549981117249 0.4766550064086914 0.04605500027537346 0.06163499876856804
2 0.10513001680374146 0.5269230008125305 0.05031999945640564 0.06631799787282944
2 0.7516480088233948 0.152305006980896 0.043372999876737595 0.055670998990535736
2 0.06895500421524048 0.5070559978485107 0.051885999739170074 0.0634320005774498
2 0.6645560264587402 0.2092999964952469 0.04139300063252449 0.06303399801254272
2 0.43154001235961914 0.4707320034503937 0.04825799912214279 0.06287600100040436
2 0.16415798664093018 0.5003669857978821 0.05006999894976616 0.060846999287605286
2 0.12710601091384888 0.5973640084266663 0.04799899831414223 0.061021000146865845
2 0.41814398765563965 0.4899579882621765 0.04735599830746651 0.05157199874520302
2 0.6656060218811035 0.009549000300467014 0.05127900093793869 0.01909700036048889
2 0.7074060440063477 0.1483449935913086 0.04465299844741821 0.05480000004172325
2 0.8580150008201599 0.37813600897789 0.04045100137591362 0.05639899894595146
2 0.7114740014076233 0.010389000177383423 0.05051099881529808 0.020778000354766846
2 0.7016879916191101 0.013497999869287014 0.04984400048851967 0.026996999979019165
2 0.15147197246551514 0.6231859922409058 0.04422900080680847 0.05863099917769432
2 0.8868100047111511 0.38508400321006775 0.03951599821448326 0.05224199965596199
1 0.07400500774383545 0.8422189950942993 0.04977099969983101 0.05693100020289421
2 0.45861202478408813 0.9699209928512573 0.04903599992394447 0.05558200180530548
2 0.9194049835205078 0.2638790011405945 0.04388200119137764 0.05384200066328049
