1 0.7989010214805603 0.27086499333381653 0.05474499985575676 0.07564499974250793
1 0.4398769736289978 0.7487059831619263 0.06545499712228775 0.08124099671840668
1 0.48893797397613525 0.7223759889602661 0.0600380003452301 0.09336099773645401
1 0.44948697090148926 0.6778820157051086 0.06316100060939789 0.07759000360965729
1 0.8265399932861328 0.20373399555683136 0.05378099903464317 0.07283700257539749
1 0.7234959602355957 0.6167830228805542 0.059328000992536545 0.08648599684238434
1 0.663470983505249 0.6605989933013916 0.06495799869298935 0.08986499905586243
1 0.8270350098609924 0.1613280028104782 0.06170500069856644 0.07060100138187408
1 0.23541098833084106 0.06644000113010406 0.045233000069856644 0.05996600165963173
1 0.04950898885726929 0.026235999539494514 0.04930200055241585 0.05247199907898903
