1 0.6808550357818604 0.29609599709510803 0.05908000096678734 0.07633700221776962
1 0.37140798568725586 0.7529739737510681 0.060113001614809036 0.09205400198698044
1 0.7073079943656921 0.2316170036792755 0.053677998483181 0.07144500315189362
1 0.6057130098342896 0.6406459808349609 0.06090100109577179 0.08984900265932083
1 0.33094102144241333 0.7076050043106079 0.06571099907159805 0.0768050029873848
1 0.32585299015045166 0.7805140018463135 0.06697099655866623 0.08196999877691269
1 0.9017319679260254 0.23211699724197388 0.05942999944090843 0.08536499738693237
1 0.7048499584197998 0.18999099731445312 0.06236499920487404 0.0810599997639656
1 0.9307869672775269 0.263498991727829 0.05528600141406059 0.08167800307273865
1 0.5490399599075317 0.6847509741783142 0.06013000011444092 0.07553000003099442
1 0.13404899835586548 0.10699500143527985 0.04648499935865402 0.06358300149440765
1 0.12909597158432007 0.055955998599529266 0.04121199995279312 0.061976999044418335
1 0.09990900754928589 0.04623299837112427 0.03864400088787079 0.0576150007545948
