1 0.3443170189857483 0.6781319975852966 0.06898000091314316 0.08203499764204025
1 0.39061999320983887 0.6471400260925293 0.05837000161409378 0.08981599658727646
1 0.5695430040359497 0.5905789732933044 0.06116100028157234 0.07954400032758713
1 0.9270989894866943 0.1317639946937561 0.0637269988656044 0.08947400003671646
1 0.9554780125617981 0.16458599269390106 0.06054700165987015 0.08505500108003616
1 0.35015302896499634 0.6060730218887329 0.06569100171327591 0.07899200171232224
1 0.7282530069351196 0.13209499418735504 0.052352000027894974 0.07450799643993378
1 0.6994609832763672 0.196834996342659 0.060766998678445816 0.08134199678897858
1 0.7260389924049377 0.08908200263977051 0.0630510002374649 0.07766100019216537
1 0.6257799863815308 0.5430830121040344 0.058417998254299164 0.08149299770593643
1 0.13836300373077393 0.025118999183177948 0.05079599842429161 0.04970499873161316
1 0.6561219692230225 0.5316399931907654 0.04934599995613098 0.08433099836111069
1 0.9844580292701721 0.8118500113487244 0.031083999201655388 0.08179699629545212
