1 0.37804001569747925 0.8498839735984802 0.05998900160193443 0.07631299644708633
1 0.4246479868888855 0.821956992149353 0.06015799939632416 0.09374099969863892
1 0.5999000072479248 0.7418100237846375 0.05864400044083595 0.07979299873113632
1 0.7572799921035767 0.2772330045700073 0.05303100124001503 0.072113998234272
1 0.7313330173492432 0.3420270085334778 0.057137999683618546 0.07713700085878372
1 0.7550809979438782 0.23754699528217316 0.05735599994659424 0.07454200088977814
1 0.38488298654556274 0.7789099812507629 0.06397800147533417 0.07797099649906158
1 0.6548290252685547 0.7071329951286316 0.05650399997830391 0.07853399962186813
1 0.9548050165176392 0.2766219973564148 0.058910999447107315 0.08483199775218964
1 0.16797202825546265 0.09157299995422363 0.045416999608278275 0.07131599634885788
1 0.21273601055145264 0.10558100044727325 0.0429840013384819 0.06679300218820572
1 0.13842499256134033 0.07822199910879135 0.038350000977516174 0.057780999690294266
1 0.9776690006256104 0.3107079863548279 0.0446619987487793 0.07266300171613693
