0 0.454043984413147 0.4664050042629242 0.08711399883031845 0.10194700211286545
0 0.7651799917221069 0.1132500022649765 0.09131299704313278 0.1137010008096695
0 0.500635027885437 0.5578420162200928 0.08201199769973755 0.1034500002861023
1 0.0715019702911377 0.8738049864768982 0.09353499859571457 0.10976800322532654
1 0.03414201736450195 0.9575340151786804 0.06817100197076797 0.08493100106716156
1 0.27863800525665283 0.9222390055656433 0.07488500326871872 0.10534600168466568
1 0.13280200958251953 0.7030739784240723 0.07250099629163742 0.1115109995007515
2 0.202551007270813 0.6301760077476501 0.0931209996342659 0.11207199841737747
2 0.05700802803039551 0.7146549820899963 0.1064390018582344 0.1153239980340004
1 0.20131897926330566 0.6271970272064209 0.09427499771118164 0.11338300257921219
1 0.33869802951812744 0.9373369812965393 0.08345100283622742 0.11374600231647491
0 0.05539602041244507 0.04112499952316284 0.11079300194978714 0.08225099742412567
1 0.24237197637557983 0.8299840092658997 0.0763150006532669 0.0957920029759407
1 0.025054991245269775 0.22203299403190613 0.049229998141527176 0.14309999346733093
1 0.1641479730606079 0.9864140152931213 0.07235900312662125 0.02717299945652485
2 0.5500409603118896 0.9257609844207764 0.06288500130176544 0.08083400130271912
2 0.9209330081939697 0.40688401460647583 0.10784299671649933 0.1268939971923828
