0 0.3380029797554016 0.1835480034351349 0.08075399696826935 0.10062900185585022
2 0.2011370062828064 0.034060999751091 0.10083699971437454 0.068122997879982
2 0.3655409812927246 0.5890690088272095 0.07191299647092819 0.09617599844932556
2 0.4137499928474426 0.7684749960899353 0.07305099815130234 0.0979439988732338
0 0.5669729709625244 0.5598180294036865 0.05418200045824051 0.06636299937963486
2 0.17645502090454102 0.9302210211753845 0.07561200112104416 0.10178499668836594
2 0.46506500244140625 0.7375349998474121 0.07012200355529785 0.08932700008153915
2 0.3926209807395935 0.36150500178337097 0.08234699815511703 0.10593999922275543
2 0.43523502349853516 0.9671419858932495 0.05757699906826019 0.060819000005722046
2 0.31265801191329956 0.49869099259376526 0.06918399780988693 0.10099700093269348
2 0.3654729723930359 0.8801760077476501 0.06969500333070755 0.09535499662160873
0 0.7547029852867126 0.7463420033454895 0.08208499848842621 0.10359299927949905
2 0.43444502353668213 0.8945500254631042 0.06637000292539597 0.08869300037622452
