2 0.9694070219993591 0.3063740134239197 0.05372999981045723 0.06792899966239929
2 0.9104290008544922 0.2513580024242401 0.050234999507665634 0.06833799928426743
2 0.9831749796867371 0.42621299624443054 0.033649999648332596 0.07564300298690796
2 0.6507799625396729 0.8599780201911926 0.0327490009367466 0.04113899916410446
2 0.9555910229682922 0.22511300444602966 0.05680299922823906 0.06953199952840805
2 0.5930039882659912 0.1500449925661087 0.052611999213695526 0.06553500145673752
2 0.6092560291290283 0.898930013179779 0.03141000121831894 0.03988900035619736
2 0.15428799390792847 0.5015609860420227 0.042869001626968384 0.05313299968838692
2 0.35415101051330566 0.7904999852180481 0.04142000153660774 0.05652200058102608
2 0.16052597761154175 0.44947299361228943 0.039487000554800034 0.052241001278162
2 0.5755679607391357 0.20476600527763367 0.0451200008392334 0.062780000269413
2 0.9213150143623352 0.6934340000152588 0.03469900041818619 0.04555800184607506
2 0.3471069931983948 0.07947299629449844 0.03065199963748455 0.03966100141406059
2 0.4555870294570923 0.7578639984130859 0.035672999918460846 0.0435900017619133
2 0.6376950144767761 0.8702419996261597 0.034170001745224 0.038339000195264816
2 0.4274449944496155 0.7152820229530334 0.0455080009996891 0.05420399829745293
2 0.4554939866065979 0.8032749891281128 0.0462459996342659 0.055351000279188156
2 0.11665600538253784 0.5948500037193298 0.03485799953341484 0.04482100158929825
2 0.11614000797271729 0.41967299580574036 0.04247400164604187 0.05772100016474724
2 0.405085027217865 0.16260899603366852 0.03040199913084507 0.03786100074648857
2 0.09706097841262817 0.5323429703712463 0.0372299998998642 0.046897999942302704
2 0.4553700089454651 0.6950550079345703 0.0340070016682148 0.046980999410152435
2 0.44196099042892456 0.9443110227584839 0.048944998532533646 0.057844001799821854
2 0.07720601558685303 0.48598599433898926 0.03934599831700325 0.04531100019812584
2 0.13565897941589355 0.5506029725074768 0.037516999989748 0.04945100098848343
2 0.1557440161705017 0.37704598903656006 0.03660000115633011 0.04603999853134155
2 0.5273619890213013 0.22539399564266205 0.026415999978780746 0.033583998680114746
2 0.45165199041366577 0.16033899784088135 0.024981999769806862 0.02986600063741207
1 0.9268140196800232 0.8232960104942322 0.035732999444007874 0.04058299958705902
2 0.7650690078735352 0.3392010033130646 0.02856599912047386 0.034237999469041824
2 0.06264001131057739 0.525501012802124 0.03229200094938278 0.04647200182080269
2 0.39241498708724976 0.7797170281410217 0.04080500081181526 0.05377599969506264
2 0.31171298027038574 0.7781999707221985 0.03750099986791611 0.048406001180410385
2 0.38453102111816406 0.25678300857543945 0.026823999360203743 0.0274640005081892
2 0.4361100196838379 0.12941299378871918 0.028728000819683075 0.0330980010330677
1 0.39274799823760986 0.7789549827575684 0.041416000574827194 0.05477999895811081
