0 0.06218200922012329 0.3809959888458252 0.06384599953889847 0.07455399632453918
0 0.35377299785614014 0.36488598585128784 0.05858499929308891 0.07037000358104706
0 0.21805202960968018 0.5495550036430359 0.05685500055551529 0.06762000173330307
0 0.15859001874923706 0.2418140023946762 0.057055000215768814 0.06397199630737305
0 0.13391399383544922 0.46288999915122986 0.05543699860572815 0.062146998941898346
0 0.5741199851036072 0.5354639887809753 0.061489999294281006 0.07681000232696533
0 0.07180601358413696 0.03995899856090546 0.0634939968585968 0.07303500175476074
0 0.4601309895515442 0.6758350133895874 0.05606500059366226 0.06594900041818619
0 0.6470539569854736 0.32378000020980835 0.06085500121116638 0.0738769993185997
0 0.10211199522018433 0.5104609727859497 0.05320899933576584 0.06333400309085846
0 0.6572139859199524 0.530771017074585 0.057068001478910446 0.0729290023446083
0 0.5685939788818359 0.770222008228302 0.04694199934601784 0.05662500113248825
0 0.21428698301315308 0.4377709925174713 0.058795999735593796 0.06859400123357773
0 0.23261398077011108 0.04447399824857712 0.0661579966545105 0.07383599877357483
0 0.6030200123786926 0.6134589910507202 0.051003001630306244 0.06527099758386612
0 0.30672699213027954 0.3077020049095154 0.05811300128698349 0.07245299965143204
0 0.31984901428222656 0.3440220057964325 0.055080998688936234 0.06272400170564651
0 0.5846909880638123 0.8000239729881287 0.041489001363515854 0.055098000913858414
