2 0.08520901203155518 0.5652210116386414 0.03144099935889244 0.041071001440286636
2 0.0696139931678772 0.5327230095863342 0.03161599859595299 0.03848300129175186
2 0.2664030194282532 0.9723479747772217 0.04250499978661537 0.04833399876952171
2 0.3125230073928833 0.9823930263519287 0.03855299949645996 0.03521500155329704
2 0.12852102518081665 0.023879999294877052 0.04077500104904175 0.04625599831342697
2 0.49257200956344604 0.7247080206871033 0.028392000123858452 0.03645100072026253
2 0.6194319725036621 0.5244370102882385 0.023283999413251877 0.031036999076604843
2 0.46925002336502075 0.045065999031066895 0.027039000764489174 0.03648800030350685
2 0.741237998008728 0.5631610155105591 0.02436799928545952 0.031644999980926514
2 0.4823300242424011 0.074583999812603 0.02485400065779686 0.031596001237630844
2 0.43869298696517944 0.6932880282402039 0.026228999719023705 0.035238999873399734
2 0.4613400101661682 0.6848809719085693 0.024271000176668167 0.03577699884772301
2 0.07044100761413574 0.44327300786972046 0.032676998525857925 0.04104100167751312
2 0.4164230227470398 0.471576988697052 0.024090999737381935 0.030659999698400497
2 0.7914720177650452 0.4491569995880127 0.021505000069737434 0.02583100087940693
2 0.409434974193573 0.38194599747657776 0.024985000491142273 0.032016001641750336
2 0.09514802694320679 0.5032470226287842 0.02788499929010868 0.03408600017428398
2 0.9482349753379822 0.6678150296211243 0.032554998993873596 0.037310998886823654
2 0.5599069595336914 0.49306800961494446 0.023818999528884888 0.03032599948346615
2 0.17176198959350586 0.821744978427887 0.024598000571131706 0.03158299997448921
2 0.27038002014160156 0.09039299935102463 0.029324999079108238 0.03715100139379501
2 0.5397449731826782 0.5599279999732971 0.022280000150203705 0.030093999579548836
2 0.6533420085906982 0.3757140040397644 0.02056499943137169 0.024153999984264374
2 0.7269459962844849 0.5465859770774841 0.02616799995303154 0.03148400038480759
1 0.5565500259399414 0.3793700039386749 0.022298000752925873 0.030811000615358353
2 0.8537920117378235 0.5611609816551208 0.026050999760627747 0.02884400077164173
2 0.8112819790840149 0.6371470093727112 0.02472499944269657 0.028175000101327896
2 0.12228399515151978 0.5145710110664368 0.02646699920296669 0.032538000494241714
2 0.9212459921836853 0.6076419949531555 0.02297299914062023 0.029802000150084496
2 0.8463580012321472 0.3177019953727722 0.021455999463796616 0.027025999501347542
2 0.7859939932823181 0.06622300297021866 0.021389000117778778 0.02491600066423416
2 0.5093309879302979 0.08315599709749222 0.02227099984884262 0.02952899970114231
2 0.3196309804916382 0.3099620044231415 0.026450999081134796 0.030108999460935593
2 0.34333497285842896 0.6849740147590637 0.028939999639987946 0.03528600186109543
2 0.6025309562683105 0.10868100076913834 0.021164000034332275 0.024548999965190887
2 0.4727799892425537 0.10482200235128403 0.025483999401330948 0.031074000522494316
2 0.9127789735794067 0.5518929958343506 0.02320599928498268 0.02816000021994114
2 0.7796519994735718 0.3116750121116638 0.02280700020492077 0.027855999767780304
2 0.9209259748458862 0.6588640213012695 0.03064900077879429 0.03709999844431877
