0 0.6051440238952637 0.8611649870872498 0.052101001143455505 0.06567700207233429
0 0.3016430139541626 0.8294820189476013 0.043793000280857086 0.05505799874663353
0 0.6897950172424316 0.9007160067558289 0.05047399923205376 0.06671299785375595
0 0.6535060405731201 0.9524180293083191 0.046493999660015106 0.06063399836421013
0 0.5286329984664917 0.5374829769134521 0.047568000853061676 0.060940999537706375
0 0.5374590158462524 0.643983006477356 0.048760998994112015 0.05965999886393547
0 0.22443002462387085 0.4293479919433594 0.04709099978208542 0.057787999510765076
0 0.5266120433807373 0.017727000638842583 0.06338600069284439 0.03495899960398674
0 0.1828010082244873 0.5678970217704773 0.04860199987888336 0.05734400078654289
0 0.4994490146636963 0.5556780099868774 0.04330400004982948 0.056122999638319016
0 0.9643089771270752 0.4391840100288391 0.06223899871110916 0.07067800313234329
0 0.4124879837036133 0.7525280117988586 0.04071199893951416 0.04757799953222275
0 0.5674319863319397 0.5357530117034912 0.04631799831986427 0.05788800120353699
0 0.39372897148132324 0.8070099949836731 0.036368999630212784 0.04476400092244148
0 0.3416309952735901 0.7761369943618774 0.034793999046087265 0.043338000774383545
