0 0.3610050082206726 0.24763500690460205 0.06566499918699265 0.08476299792528152
0 0.7985659837722778 0.20587199926376343 0.0732249990105629 0.09376399964094162
0 0.5440700054168701 0.7485290169715881 0.06433600187301636 0.07758799940347672
0 0.7126399874687195 0.3689329922199249 0.06712500005960464 0.08744700253009796
0 0.09797298908233643 0.07544200122356415 0.048813000321388245 0.059300001710653305
0 0.8575220108032227 0.16493399441242218 0.07435700297355652 0.095100998878479
0 0.36374199390411377 0.6976490020751953 0.06122399866580963 0.07491400092840195
0 0.26969999074935913 0.45482099056243896 0.055782999843358994 0.0689219981431961
0 0.19240999221801758 0.4296570122241974 0.05095300078392029 0.06219799816608429
0 0.07731598615646362 0.5728600025177002 0.04881000146269798 0.06332399696111679
0 0.42399102449417114 0.27372100949287415 0.07884299755096436 0.10563799738883972
0 0.6562739610671997 0.8222290277481079 0.056331999599933624 0.07109600305557251
0 0.6580179929733276 0.351936012506485 0.06739000231027603 0.08754199743270874
0 0.4607660174369812 0.7336580157279968 0.07053499668836594 0.08612199872732162
0 0.5563490390777588 0.836637020111084 0.06271599978208542 0.08525200188159943
0 0.39094698429107666 0.03688599914312363 0.07604999840259552 0.07377199828624725
0 0.2594339847564697 0.13837400078773499 0.0690549984574318 0.08138900250196457
0 0.22686898708343506 0.4917140007019043 0.0478300005197525 0.062008000910282135
0 0.13090097904205322 0.47523099184036255 0.049501001834869385 0.06381099671125412
0 0.16520798206329346 0.5175380110740662 0.04940100014209747 0.0614750012755394
0 0.2966179847717285 0.7213339805603027 0.051291000097990036 0.07339899986982346
0 0.49651098251342773 0.8376560211181641 0.056026000529527664 0.07638400048017502
0 0.9779710173606873 0.1413870006799698 0.04405700042843819 0.09579399973154068
0 0.2690010070800781 0.22007200121879578 0.057034000754356384 0.07773400098085403
0 0.674905002117157 0.7715479731559753 0.0578479990363121 0.06823199987411499
0 0.6888719797134399 0.13734200596809387 0.06746099889278412 0.08241800218820572
0 0.13201302289962769 0.10644400119781494 0.05036899819970131 0.06160999834537506
0 0.7371289730072021 0.10584700107574463 0.08129200339317322 0.1014619991183281
0 0.7800849676132202 0.425911009311676 0.06530299782752991 0.08654399961233139
0 0.7650589942932129 0.25909098982810974 0.06892400234937668 0.08931799978017807
0 0.11812198162078857 0.5606679916381836 0.043568000197410583 0.06097299978137016
0 0.2368900179862976 0.7989959716796875 0.05299299955368042 0.06287600100040436
0 0.5450960397720337 0.9523230195045471 0.05456100031733513 0.07178299874067307
0 0.156233012676239 0.5643090009689331 0.051146000623703 0.05931200087070465
0 0.6013569831848145 0.9652400016784668 0.053279001265764236 0.06551200151443481
0 0.9701089859008789 0.7765060067176819 0.05896800011396408 0.095489002764225
0 0.22917401790618896 0.7342259883880615 0.04609299823641777 0.057142000645399094
0 0.4096689820289612 0.9494900107383728 0.04897399991750717 0.06513399630784988
0 0.7298699617385864 0.21723300218582153 0.05996200069785118 0.08493299782276154
0 0.2696179747581482 0.762565016746521 0.047182001173496246 0.0558909997344017
0 0.7473559975624084 0.1614769995212555 0.06947500258684158 0.07926300168037415
0 0.6308659911155701 0.8014159798622131 0.04811700060963631 0.06459199637174606
0 0.26954400539398193 0.6996440291404724 0.04788700118660927 0.05808600038290024
