2 0.926563024520874 0.8689640164375305 0.03915800154209137 0.050687000155448914
2 0.26221001148223877 0.7501890063285828 0.04127399995923042 0.051346998661756516
2 0.7266640067100525 0.4228389859199524 0.042527999728918076 0.050857000052928925
2 0.31387197971343994 0.8098639845848083 0.04328899830579758 0.0522800013422966
2 0.7393850088119507 0.757125973701477 0.03944600000977516 0.05278800055384636
2 0.9518449902534485 0.8414369821548462 0.04211600124835968 0.05324900150299072
2 0.7638720273971558 0.42495501041412354 0.038102999329566956 0.04707999899983406
2 0.7401670217514038 0.5512499809265137 0.03727800026535988 0.0480399988591671
2 0.8164259791374207 0.5873209834098816 0.039041001349687576 0.049876000732183456
2 0.722985029220581 0.6614890098571777 0.0415010005235672 0.052494000643491745
2 0.923554003238678 0.767270028591156 0.03450300171971321 0.047860000282526016
2 0.7877140045166016 0.4162049889564514 0.038217999041080475 0.050092000514268875
2 0.2998890280723572 0.015037000179290771 0.03373900055885315 0.030074000358581543
2 0.9490020275115967 0.7620750069618225 0.03662100061774254 0.047850001603364944
2 0.7367329597473145 0.6037870049476624 0.038621000945568085 0.05230800062417984
2 0.7543929815292358 0.5651829838752747 0.04669100046157837 0.046929001808166504
