2 0.13679200410842896 0.2919260263442993 0.05471700057387352 0.06991299986839294
2 0.6781780123710632 0.8272960186004639 0.04954100027680397 0.06691300123929977
2 0.6676660180091858 0.7141180038452148 0.047885000705718994 0.06589300185441971
2 0.17310099303722382 0.31877702474594116 0.050331998616456985 0.06751800328493118
2 0.7032380104064941 0.7304400205612183 0.04856399819254875 0.06199999898672104
2 0.9331859946250916 0.4616469740867615 0.040031999349594116 0.05128699913620949
2 0.09901999682188034 0.8706730008125305 0.047442998737096786 0.06228100135922432
2 0.606706976890564 0.6927529573440552 0.05096900090575218 0.06614399701356888
2 0.9253309965133667 0.410519003868103 0.04221700131893158 0.0523810014128685
2 0.9150199890136719 0.4983329772949219 0.038304999470710754 0.053647998720407486
2 0.612309992313385 0.7442860007286072 0.05040200054645538 0.05965700000524521
2 0.6182600259780884 0.6162669658660889 0.04303700104355812 0.05842600017786026
2 0.6458619832992554 0.6445649862289429 0.046296000480651855 0.06098800152540207
2 0.1238510012626648 0.157073974609375 0.046441998332738876 0.05707700178027153
2 0.6827279925346375 0.3933590054512024 0.04293200001120567 0.055553000420331955
2 0.3382129967212677 0.785086989402771 0.046890001744031906 0.06005299836397171
2 0.354746013879776 0.7636860013008118 0.05057099834084511 0.05325600132346153
2 0.9866780042648315 0.578141987323761 0.02664400078356266 0.05113299936056137
2 0.30454400181770325 0.27626198530197144 0.05031700059771538 0.059085000306367874
1 0.30379799008369446 0.13235598802566528 0.05783800035715103 0.06674700230360031
2 0.11519599705934525 0.9800019860267639 0.05255600064992905 0.039997000247240067
2 0.6421290040016174 0.4460129737854004 0.046939998865127563 0.05044500157237053
