2 0.7392560243606567 0.12791699171066284 0.05306300148367882 0.07214599847793579
2 0.517877995967865 0.45945799350738525 0.056035999208688736 0.0743580013513565
2 0.5822550058364868 0.5275360345840454 0.05353499948978424 0.07249200344085693
2 0.9778439998626709 0.20951402187347412 0.0440559983253479 0.07213599979877472
2 0.45489999651908875 0.8416820168495178 0.048218999058008194 0.05720699951052666
2 0.42008599638938904 0.8697949647903442 0.04222699999809265 0.05709199979901314
2 0.6435629725456238 0.890110969543457 0.05007600039243698 0.06256800144910812
2 0.826541006565094 0.8071579933166504 0.05855200067162514 0.0655359998345375
2 0.8350099921226501 0.7432569861412048 0.06826400011777878 0.0730070024728775
2 0.7085070013999939 0.7692970037460327 0.058816999197006226 0.06607399880886078
2 0.28472900390625 0.9641820192337036 0.039740998297929764 0.0542990006506443
2 0.43424999713897705 0.926239013671875 0.03905399888753891 0.05176199972629547
2 0.8136789798736572 0.6896489858627319 0.05195000022649765 0.060249000787734985
2 0.7307329773902893 0.7707909941673279 0.0563259981572628 0.06908000260591507
2 0.743815004825592 0.7679029703140259 0.037213001400232315 0.06689900159835815
2 0.45685601234436035 0.9644880294799805 0.0422229990363121 0.05268799886107445
