0 0.8451070189476013 0.2177249789237976 0.06732399761676788 0.08159500360488892
0 0.4173769950866699 0.5893210172653198 0.06461700052022934 0.08246900141239166
0 0.6069210171699524 0.6099419593811035 0.060628000646829605 0.0725720003247261
0 0.8922150135040283 0.23306697607040405 0.045914001762866974 0.05683000013232231
0 0.24209600687026978 0.7599359750747681 0.07079300284385681 0.08710400015115738
0 0.603073000907898 0.1254040002822876 0.06900099664926529 0.07921399921178818
0 0.33289098739624023 0.2929520010948181 0.06820199638605118 0.08247499912977219
0 0.7503529787063599 0.7359340190887451 0.05358399823307991 0.06629899889230728
0 0.5067960023880005 0.8655949831008911 0.05125200003385544 0.06430500000715256
0 0.5622959733009338 0.3008689880371094 0.06847299635410309 0.07995100319385529
0 0.7719190120697021 0.8110029697418213 0.050011999905109406 0.06458000093698502
0 0.549045979976654 0.8445770144462585 0.055792998522520065 0.06690099835395813
0 0.1995130032300949 0.7817620038986206 0.06730599701404572 0.07991500198841095
0 0.34635400772094727 0.4231640100479126 0.058049000799655914 0.0735040009021759
0 0.9654030203819275 0.6589609980583191 0.03996700048446655 0.04949599876999855
0 0.372871994972229 0.6089670062065125 0.06336600333452225 0.08258000016212463
0 0.6269659996032715 0.7822949886322021 0.04814799875020981 0.06217300146818161
0 0.4687890112400055 0.7074719667434692 0.05457000061869621 0.06504400074481964
0 0.7251650094985962 0.02901601791381836 0.056108999997377396 0.058031998574733734
0 0.7337430119514465 0.09866201877593994 0.0626320019364357 0.07278499752283096
0 0.5975350141525269 0.8222379684448242 0.04668800160288811 0.058531999588012695
0 0.9380750060081482 0.6359870433807373 0.03508000075817108 0.04962899908423424
0 0.530547022819519 0.32366102933883667 0.06813099980354309 0.07801499962806702
0 0.30500900745391846 0.03234797716140747 0.06926000118255615 0.06467600166797638
0 0.0904650017619133 0.011204004287719727 0.07086200267076492 0.022407999262213707
0 0.7640669941902161 0.5440379977226257 0.042291998863220215 0.04981299862265587
0 0.3518899977207184 0.027199983596801758 0.05695600062608719 0.05428199842572212
0 0.9107049703598022 0.6464909911155701 0.039889998733997345 0.05322200059890747
0 0.9924359917640686 0.8266699910163879 0.0149959996342659 0.0550369992852211
0 0.00898400042206049 0.32982200384140015 0.017047999426722527 0.09128600358963013
0 0.512811005115509 0.5583460330963135 0.055084001272916794 0.059046000242233276
0 0.7964860200881958 0.5512800216674805 0.0420989990234375 0.04921700060367584
0 0.08684500306844711 0.01553201675415039 0.0759890004992485 0.030832000076770782
0 0.22300100326538086 0.9875190258026123 0.06107399985194206 0.02496200054883957
0 0.9158669710159302 0.692986011505127 0.038001999258995056 0.04468299821019173
0 0.3207620084285736 0.03223198652267456 0.10624799877405167 0.06299900263547897
