0 0.49543601274490356 0.29935401678085327 0.06423600018024445 0.07486999779939651
0 0.5702829957008362 0.7044210433959961 0.06963100284337997 0.07885599881410599
0 0.2084829956293106 0.14493101835250854 0.059804998338222504 0.07249200344085693
0 0.10515700280666351 0.20639097690582275 0.055208999663591385 0.06608500331640244
0 0.3549630045890808 0.3516470193862915 0.06146400049328804 0.06881000101566315
0 0.3169809877872467 0.28758299350738525 0.05628399923443794 0.0650240033864975
0 0.8827069997787476 0.21255600452423096 0.038795001804828644 0.04609299823641777
0 0.8659160137176514 0.3218100070953369 0.04788599908351898 0.05679500102996826
0 0.35718101263046265 0.16522997617721558 0.06912799924612045 0.09183900058269501
0 0.186939999461174 0.34714698791503906 0.05994800105690956 0.07097399979829788
0 0.7721139788627625 0.6396759748458862 0.05379100143909454 0.05852099880576134
0 0.16205699741840363 0.6214370131492615 0.04698999971151352 0.05562800168991089
0 0.032228000462055206 0.4626780152320862 0.04793500155210495 0.051881998777389526
0 0.06102599948644638 0.7645120024681091 0.054062001407146454 0.06172399967908859
