0 0.6456030011177063 0.8574199676513672 0.06873700022697449 0.09357699751853943
0 0.5563610196113586 0.9553999900817871 0.06763099879026413 0.08379200100898743
0 0.8151389956474304 0.6797040104866028 0.05738300085067749 0.07557199895381927
0 0.7811189889907837 0.1057249903678894 0.050485000014305115 0.06188499927520752
0 0.44655200839042664 0.2513030171394348 0.05399100109934807 0.07145500183105469
0 0.7557880282402039 0.1341869831085205 0.045591000467538834 0.05567900091409683
0 0.8365650177001953 0.15596497058868408 0.046891000121831894 0.0570559985935688
0 0.9143159985542297 0.01844501495361328 0.04673000052571297 0.03689099848270416
0 0.5076329708099365 0.9763500094413757 0.061232998967170715 0.047301001846790314
0 0.6813549995422363 0.9110659956932068 0.05499200150370598 0.07208699733018875
