2 0.6310330033302307 0.6008809804916382 0.06346599757671356 0.09032399952411652
2 0.7184510231018066 0.6671630144119263 0.06125599890947342 0.08787800371646881
2 0.8455179929733276 0.20795601606369019 0.057610999792814255 0.07530800253152847
2 0.8812729716300964 0.9329220056533813 0.07950100302696228 0.08989600092172623
2 0.9747269749641418 0.8298569917678833 0.05054600164294243 0.07725399732589722
2 0.9886810183525085 0.8890259861946106 0.022639000788331032 0.07759799808263779
2 0.9821640253067017 0.9650139808654785 0.034960001707077026 0.06997299939393997
2 0.9867680072784424 0.9639999866485596 0.026464000344276428 0.07199899852275848
2 0.9753410220146179 0.9695360064506531 0.04931800067424774 0.06082399934530258
2 0.9438030123710632 0.9088169932365417 0.04857499897480011 0.0806799978017807
