0 0.7087110280990601 0.6959959864616394 0.06529799848794937 0.08943600207567215
0 0.45838600397109985 0.8212909698486328 0.05225899815559387 0.06347999721765518
0 0.6503620147705078 0.6416640281677246 0.062477000057697296 0.07931599766016006
0 0.35427701473236084 0.8915259838104248 0.04572900012135506 0.053077999502420425
0 0.8524659872055054 0.5375350117683411 0.06519299745559692 0.08272700011730194
0 0.6516150236129761 0.7230629920959473 0.06437999755144119 0.07899799942970276
0 0.28985801339149475 0.8563939929008484 0.04522699862718582 0.052411001175642014
0 0.15551899373531342 0.8720710277557373 0.03654100000858307 0.04420499876141548
0 0.8649290204048157 0.3508269786834717 0.06644999980926514 0.08240800350904465
0 0.03094400092959404 0.8349499702453613 0.04034300148487091 0.051121000200510025
0 0.8291609883308411 0.31383299827575684 0.06719999760389328 0.08009699732065201
0 0.7502549886703491 0.6443650126457214 0.06594999879598618 0.08332899957895279
0 0.5603119730949402 0.37579500675201416 0.06282699853181839 0.0779620036482811
0 0.12111099809408188 0.8567960262298584 0.03645100072026253 0.04739600047469139
0 0.7297040224075317 0.5436689853668213 0.06770899891853333 0.08566699922084808
0 0.4909609854221344 0.9576849937438965 0.04994500055909157 0.06035200133919716
0 0.6814029812812805 0.327144980430603 0.06372100114822388 0.07441899925470352
0 0.5976539850234985 0.7171440124511719 0.06678999960422516 0.0834290012717247
0 0.6822100281715393 0.5278260111808777 0.05485900118947029 0.06973999738693237
0 0.7626540064811707 0.6902340054512024 0.06334900110960007 0.08384700119495392
0 0.654384970664978 0.5526629686355591 0.058713000267744064 0.08008500188589096
0 0.8134179711341858 0.3520529866218567 0.06743700057268143 0.08616500347852707
0 0.32353898882865906 0.2141129970550537 0.05075399950146675 0.06078999862074852
0 0.0635249987244606 0.9404140114784241 0.03774699941277504 0.047210998833179474
0 0.8287079930305481 0.5802589654922485 0.06800200045108795 0.08137399703264236
0 0.9815080165863037 0.613552987575531 0.036984000355005264 0.08013100177049637
