0 0.6319969892501831 0.7111450433731079 0.052925001829862595 0.07566700130701065
0 0.8637580275535583 0.5390560030937195 0.06093800067901611 0.08145400136709213
0 0.7223880290985107 0.5406849980354309 0.061990998685359955 0.07994599640369415
0 0.6727659702301025 0.7565460205078125 0.06250599771738052 0.07936599850654602
0 0.8315399885177612 0.6943169832229614 0.054097000509500504 0.07506600022315979
0 0.6876789927482605 0.6210620403289795 0.05795799940824509 0.07762199640274048
0 0.8960310220718384 0.6870419979095459 0.06598900258541107 0.08063899725675583
0 0.6911050081253052 0.6947309970855713 0.057029999792575836 0.07628300040960312
0 0.7365710139274597 0.679964005947113 0.052257999777793884 0.06726899743080139
0 0.9208170175552368 0.40025097131729126 0.05453399941325188 0.07658900320529938
0 0.7382869720458984 0.8001669645309448 0.05276700109243393 0.07976000010967255
0 0.6454349756240845 0.6291790008544922 0.05169900134205818 0.0779080018401146
0 0.6448500156402588 0.821274995803833 0.06863199919462204 0.07428299635648727
0 0.8308280110359192 0.4787939786911011 0.05451799929141998 0.06940300017595291
0 0.9447000026702881 0.5980600118637085 0.04656299948692322 0.06296099722385406
0 0.9846940040588379 0.7083519697189331 0.030611999332904816 0.07964800298213959
0 0.8245760202407837 0.7574160099029541 0.05081399902701378 0.07071799784898758
0 0.8201950192451477 0.5121610164642334 0.048753999173641205 0.06010900065302849
0 0.9052850008010864 0.5424189567565918 0.05090399831533432 0.06936699897050858
0 0.7175279855728149 0.8823930025100708 0.05567700043320656 0.06281600147485733
0 0.9051640033721924 0.5888559818267822 0.04190300032496452 0.06146800145506859
