1 0.838437020778656 0.16873902082443237 0.06414400041103363 0.0782419964671135
1 0.7946069836616516 0.19968700408935547 0.05997199937701225 0.0907440036535263
1 0.46381399035453796 0.765163004398346 0.05735199898481369 0.07570400089025497
1 0.24416199326515198 0.7002630233764648 0.053137000650167465 0.07940399646759033
1 0.48751500248908997 0.6603559851646423 0.0598829984664917 0.07590699940919876
1 0.8355590105056763 0.23944997787475586 0.06445600092411041 0.07872699946165085
1 0.46196699142456055 0.7238860130310059 0.051141999661922455 0.06883999705314636
1 0.27491599321365356 0.7264440059661865 0.06142200157046318 0.08457600325345993
1 0.5587829947471619 0.3169749975204468 0.05726800113916397 0.08955100178718567
1 0.6089850068092346 0.2736709713935852 0.062359001487493515 0.07806599885225296
1 0.9777050018310547 0.8734099864959717 0.04374200105667114 0.05924300104379654
