0 0.9302669763565063 0.7217220067977905 0.06736099720001221 0.08229900151491165
0 0.832161009311676 0.623898983001709 0.06303799897432327 0.08176200091838837
0 0.15583699941635132 0.8995189666748047 0.059696998447179794 0.06769999861717224
0 0.44297000765800476 0.16018497943878174 0.0815889984369278 0.09152200073003769
0 0.824196994304657 0.6984579563140869 0.06419999897480011 0.07578200101852417
0 0.8425350189208984 0.7689399719238281 0.06239699944853783 0.07942499965429306
0 0.38254600763320923 0.16432100534439087 0.06772799789905548 0.08021499961614609
0 0.9296650290489197 0.8711540102958679 0.06841299682855606 0.08766499906778336
0 0.08247199654579163 0.8090140223503113 0.046147000044584274 0.05574300140142441
0 0.1946139931678772 0.2987520098686218 0.05866599828004837 0.07947400212287903
0 0.6835989952087402 0.9814640283584595 0.06413999944925308 0.03707300126552582
0 0.07652399688959122 0.43772000074386597 0.058448001742362976 0.06749899685382843
0 0.9156360030174255 0.6565799713134766 0.046339001506567 0.057110000401735306
0 0.3688479959964752 0.2688260078430176 0.05685500055551529 0.06989800184965134
0 0.9767420291900635 0.8853859901428223 0.04538099840283394 0.08506599813699722
0 0.9917550086975098 0.842365026473999 0.015521000139415264 0.07872000336647034
0 0.6549460291862488 0.8793669939041138 0.058086998760700226 0.05787599831819534
0 0.8783460259437561 0.698032021522522 0.05825699865818024 0.08118999749422073
0 0.9815679788589478 0.8697620034217834 0.036428000777959824 0.10938200354576111
