0 0.37623700499534607 0.7566139698028564 0.05888799950480461 0.07251299917697906
0 0.20503400266170502 0.5756809711456299 0.05929199978709221 0.0724869966506958
0 0.22564800083637238 0.6943379640579224 0.058761000633239746 0.07038900256156921
0 0.0737999975681305 0.7651920318603516 0.05648199841380119 0.07357600331306458
0 0.32906201481819153 0.6675499677658081 0.053638000041246414 0.06101499870419502
0 0.35933399200439453 0.6168910264968872 0.05274700000882149 0.06776200234889984
0 0.13853700459003448 0.8286319971084595 0.057858001440763474 0.0624070018529892
0 0.020648999139666557 0.42934298515319824 0.040894001722335815 0.0691630020737648
0 0.11449100077152252 0.7905359864234924 0.05355300009250641 0.06736099720001221
0 0.2804259955883026 0.8997690081596375 0.05374699831008911 0.06226599961519241
0 0.9721590280532837 0.9830849766731262 0.0531810000538826 0.033831000328063965
