0 0.31156298518180847 0.392350971698761 0.06978499889373779 0.08788000047206879
0 0.36754000186920166 0.4029729962348938 0.06827700138092041 0.08250100165605545
0 0.541022002696991 0.3279920220375061 0.07283499836921692 0.09242600202560425
0 0.6396009922027588 0.4412519931793213 0.07387299835681915 0.09400200098752975
0 0.36703699827194214 0.2687879800796509 0.06682399660348892 0.08666999638080597
0 0.6271020174026489 0.3511490225791931 0.07469700276851654 0.08838800340890884
0 0.3071950078010559 0.6536070108413696 0.07197599858045578 0.08124600350856781
0 0.573540985584259 0.5189670324325562 0.07337299734354019 0.09283299744129181
0 0.2580310106277466 0.7360210418701172 0.06999099999666214 0.086326003074646
0 0.6886839866638184 0.9325399994850159 0.07319699972867966 0.10515400022268295
0 0.30357199907302856 0.5915409922599792 0.07054100185632706 0.08191599696874619
0 0.6347699761390686 0.2151769995689392 0.06699299812316895 0.08768700063228607
0 0.021594999358057976 0.7219040393829346 0.043189000338315964 0.07584399729967117
0 0.7961050271987915 0.8368059992790222 0.08473099768161774 0.12079700082540512
