0 0.25372499227523804 0.07464200258255005 0.05485200136899948 0.06699900329113007
0 0.1080470010638237 0.3061109781265259 0.04383400082588196 0.05393100157380104
0 0.45882898569107056 0.5492960214614868 0.044899001717567444 0.053470999002456665
0 0.7187579870223999 0.7970799803733826 0.05336400121450424 0.06917999684810638
0 0.1645440012216568 0.5254000425338745 0.04604199901223183 0.05882300063967705
0 0.1700419932603836 0.2851089835166931 0.04378800094127655 0.05894099920988083
0 0.684319019317627 0.7650460004806519 0.052501000463962555 0.06503999978303909
0 0.7933940291404724 0.2140679955482483 0.06583800166845322 0.08774100244045258
0 0.8515939712524414 0.40429502725601196 0.06964799761772156 0.08573500066995621
0 0.4655100107192993 0.14851802587509155 0.04811999946832657 0.058465998619794846
0 0.2560110092163086 0.5323070287704468 0.04699299857020378 0.060635000467300415
0 0.2040960043668747 0.47978299856185913 0.04980200156569481 0.06148900091648102
0 0.1492529958486557 0.4188929796218872 0.04841899871826172 0.06243700161576271
0 0.7904490232467651 0.9338300228118896 0.06644300371408463 0.08375599980354309
0 0.29617801308631897 0.14023101329803467 0.044116001576185226 0.054572999477386475
0 0.2828660011291504 0.19617998600006104 0.05156699940562248 0.06818000227212906
0 0.8672699928283691 0.26724398136138916 0.0736910030245781 0.09362100064754486
0 0.8178279995918274 0.4791579842567444 0.07181199640035629 0.08986900001764297
0 0.7600020170211792 0.35546499490737915 0.0635870024561882 0.08171200007200241
0 0.8138870000839233 0.3045480251312256 0.06706299632787704 0.08982499688863754
0 0.8435729742050171 0.5622739791870117 0.06563100218772888 0.08648599684238434
0 0.1252399981021881 0.4887999892234802 0.05033000186085701 0.05867300182580948
0 0.32343098521232605 0.228829026222229 0.04406699910759926 0.05584599822759628
0 0.48382699489593506 0.6048480272293091 0.042920999228954315 0.0518839992582798
0 0.5398640036582947 0.5837680101394653 0.04196099936962128 0.051217999309301376
0 0.1438390016555786 0.2598159909248352 0.04211600124835968 0.0570640005171299
0 0.6063299775123596 0.9358350038528442 0.043526001274585724 0.04946799948811531
0 0.9426950216293335 0.3977239727973938 0.06571699678897858 0.07624399662017822
0 0.9560670256614685 0.32937902212142944 0.06591200083494186 0.07949300110340118
0 0.2610430121421814 0.487405002117157 0.045322999358177185 0.05587700009346008
0 0.7396169900894165 0.4406780004501343 0.0641700029373169 0.07485300302505493
0 0.2605319917201996 0.4360489845275879 0.043894000351428986 0.05469299852848053
0 0.5617870092391968 0.954820990562439 0.04558800160884857 0.055383000522851944
0 0.36780500411987305 0.172806978225708 0.03949899971485138 0.049240000545978546
0 0.9867439866065979 0.3317689895629883 0.026511000469326973 0.07792200148105621
0 0.17120200395584106 0.7839779853820801 0.029879000037908554 0.0410350002348423
0 0.6426900029182434 0.4199860095977783 0.04764999821782112 0.058660998940467834
0 0.4174169898033142 0.24562400579452515 0.043334998190402985 0.052609000355005264
0 0.4141019880771637 0.37881702184677124 0.039365001022815704 0.05739999935030937
0 0.6947649717330933 0.9010729789733887 0.04450500011444092 0.04772699996829033
0 0.3921859860420227 0.3313390016555786 0.03675900027155876 0.04644399881362915
0 0.15220999717712402 0.8097220063209534 0.030817000195384026 0.03812500089406967
0 0.06909000128507614 0.9482110142707825 0.03045699931681156 0.03582900017499924
0 0.4588559865951538 0.5006990432739258 0.041078001260757446 0.04380999878048897
0 0.8647639751434326 0.9729189872741699 0.07567799836397171 0.05416199937462807
0 0.0376259982585907 0.9845669865608215 0.02744700014591217 0.030762000009417534
0 0.2573539912700653 0.49210602045059204 0.04843800142407417 0.07268700003623962
0 0.12837199866771698 0.541146993637085 0.037321001291275024 0.047286998480558395
0 0.014607000164687634 0.5408589839935303 0.02828199975192547 0.0348300002515316
0 0.981810986995697 0.33064401149749756 0.034873999655246735 0.08313199877738953
0 0.42468398809432983 0.5492210388183594 0.03830000013113022 0.050342001020908356
