0 0.9556559920310974 0.4644629955291748 0.04219299927353859 0.0540350005030632
0 0.08137399703264236 0.4588940143585205 0.16257800161838531 0.21413999795913696
0 0.6477599740028381 0.12550902366638184 0.04435199871659279 0.052310001105070114
0 0.7567200064659119 0.8427779674530029 0.04742399975657463 0.06452500075101852
0 0.7608649730682373 0.4829750061035156 0.035728998482227325 0.04188099876046181
0 0.8598179817199707 0.8165630102157593 0.05376899987459183 0.0701880007982254
0 0.3568579852581024 0.47231197357177734 0.19162799417972565 0.23663899302482605
0 0.9404249787330627 0.5660459995269775 0.035693999379873276 0.046512000262737274
0 0.9272260069847107 0.834214985370636 0.058632999658584595 0.0726270005106926
0 0.7957379817962646 0.8095660209655762 0.04305800050497055 0.05688399821519852
0 0.8381410241127014 0.482509970664978 0.032329998910427094 0.03955300152301788
0 0.781702995300293 0.5482070446014404 0.03003999963402748 0.041912999004125595
0 0.8578420281410217 0.9532300233840942 0.08833900094032288 0.09240599721670151
0 0.8180919885635376 0.45725297927856445 0.03299099951982498 0.04338400065898895
0 0.7265620231628418 0.48383599519729614 0.02914300002157688 0.03508500009775162
0 0.7901059985160828 0.45407700538635254 0.031060999259352684 0.03956099972128868
0 0.7255899906158447 0.6006920337677002 0.029054999351501465 0.035048000514507294
0 0.8143380284309387 0.8916820287704468 0.047221001237630844 0.06055999919772148
0 0.6743260025978088 0.4703819751739502 0.030824000015854836 0.03561199828982353
0 0.7645419836044312 0.5720880031585693 0.027506999671459198 0.03409299999475479
0 0.5011190176010132 0.009110987186431885 0.04983900114893913 0.01822200044989586
0 0.7187079787254333 0.5451300144195557 0.027612000703811646 0.03615599870681763
0 0.39427798986434937 0.2396320104598999 0.21307699382305145 0.2519800066947937
0 0.9773749709129333 0.7972440123558044 0.044791001826524734 0.09230499714612961
0 0.8168579936027527 0.8831589818000793 0.052218999713659286 0.06770700216293335
0 0.7440969944000244 0.5535309910774231 0.025662999600172043 0.030635999515652657
