2 0.5829759836196899 0.3851439952850342 0.05365600064396858 0.07516299933195114
2 0.33741500973701477 0.3442220091819763 0.06858599931001663 0.09139200299978256
2 0.27744999527931213 0.32994401454925537 0.0648759976029396 0.08030500262975693
2 0.5158179998397827 0.5024000406265259 0.06296399980783463 0.08160900324583054
2 0.37146899104118347 0.7927510142326355 0.06052999943494797 0.08348599821329117
2 0.05787299945950508 0.22390300035476685 0.05282900109887123 0.0693729966878891
2 0.1248679980635643 0.9000729918479919 0.05365699902176857 0.06016699969768524
2 0.5384910106658936 0.3730679750442505 0.05773799866437912 0.07244899868965149
2 0.6196860074996948 0.9877849817276001 0.05021100118756294 0.02442999929189682
2 0.1301790028810501 0.8340110182762146 0.06303499639034271 0.07207000255584717
1 0.2442370057106018 0.5124499797821045 0.042219001799821854 0.06431800127029419
2 0.7466250061988831 0.8738800287246704 0.05339299887418747 0.06140900030732155
2 0.6784470081329346 0.9325140118598938 0.03909299895167351 0.05598499998450279
1 0.2230059951543808 0.5698220133781433 0.03566199913620949 0.053275998681783676
2 0.7397670149803162 0.9753109812736511 0.054283998906612396 0.04937899857759476
2 0.6481159925460815 0.9500010013580322 0.04488600045442581 0.05877399817109108
2 0.9740049839019775 0.9199140071868896 0.05122299864888191 0.06986399739980698
2 0.04001599922776222 0.8574810028076172 0.05117600038647652 0.07222399860620499
2 0.6998159885406494 0.9375550150871277 0.046856001019477844 0.059144001454114914
2 0.016455000266432762 0.8586629629135132 0.032005999237298965 0.07296399772167206
2 0.9295579791069031 0.7291220426559448 0.05017700046300888 0.06565699726343155
2 0.6242830157279968 0.9846469759941101 0.05725900083780289 0.026054000481963158
2 0.7159169912338257 0.8094949722290039 0.05113400146365166 0.05704500153660774
1 0.2793790102005005 0.5242550373077393 0.03477900102734566 0.05116099864244461
2 0.6872140169143677 0.9325029850006104 0.053984999656677246 0.05663599818944931
2 0.008190000429749489 0.9618319869041443 0.014469999819993973 0.06899499893188477
1 0.4121420085430145 0.8347600102424622 0.054051000624895096 0.07395800203084946
2 0.9392489790916443 0.8010870218276978 0.048305999487638474 0.06464499980211258
2 0.08317600190639496 0.8461090326309204 0.044819001108407974 0.06236499920487404
2 0.32264798879623413 0.5499370098114014 0.0391170009970665 0.05438699945807457
2 0.9914929866790771 0.8048909902572632 0.017014000564813614 0.058740999549627304
1 0.22929300367832184 0.5664420127868652 0.036322999745607376 0.04389899969100952
2 0.1138330027461052 0.7807030081748962 0.053196001797914505 0.05761599913239479
2 0.9609879851341248 0.839514970779419 0.04998600110411644 0.06056100130081177
