0 0.8712210059165955 0.6515829563140869 0.08769799768924713 0.11228299885988235
0 0.49070999026298523 0.503708004951477 0.11251000314950943 0.12700200080871582
0 0.4178920090198517 0.6964179873466492 0.09205999970436096 0.10274100303649902
0 0.8996449708938599 0.9571980237960815 0.04280899837613106 0.05357100069522858
0 0.9382339715957642 0.9239159822463989 0.042330000549554825 0.05215099826455116
0 0.8032529950141907 0.5263890027999878 0.06116899847984314 0.06625699996948242
0 0.9622020125389099 0.9653080105781555 0.03840399906039238 0.04792099818587303
0 0.03861000016331673 0.2055569887161255 0.07722099870443344 0.14409899711608887
0 0.9010720252990723 0.8156589865684509 0.058371998369693756 0.06760700047016144
0 0.9496679902076721 0.8503310084342957 0.043372999876737595 0.05523800104856491
0 0.9410179853439331 0.9844250082969666 0.04396099969744682 0.031150000169873238
0 0.7490310072898865 0.5335379838943481 0.039340000599622726 0.053164999932050705
0 0.7794979810714722 0.5148769617080688 0.037994999438524246 0.05668099969625473
0 0.9795190095901489 0.7141430377960205 0.04096199944615364 0.1403069943189621
