0 0.4066750109195709 0.8075760006904602 0.04304800182580948 0.04588399827480316
0 0.4509429931640625 0.045597970485687256 0.04402400180697441 0.05349799990653992
0 0.744047999382019 0.9131270051002502 0.04326700046658516 0.048562001436948776
0 0.9077510237693787 0.9006059765815735 0.040738001465797424 0.0456789992749691
0 0.29353201389312744 0.9778259992599487 0.03800399973988533 0.043765999376773834
0 0.7415869832038879 0.5111440420150757 0.041064999997615814 0.04590100049972534
0 0.33751100301742554 0.2088959813117981 0.046128999441862106 0.05613499879837036
0 0.8528479933738708 0.6036069989204407 0.042833998799324036 0.04713499918580055
0 0.4224790036678314 0.8438050150871277 0.0433959998190403 0.04795299842953682
0 0.3138029873371124 0.7448760271072388 0.03845199942588806 0.04640199989080429
0 0.22662000358104706 0.9847249984741211 0.0406620018184185 0.03055099956691265
