0 0.7595670223236084 0.9593219757080078 0.058070000261068344 0.07631900161504745
0 0.7495549917221069 0.2636820077896118 0.06450799852609634 0.081325002014637
0 0.2517459988594055 0.04485297203063965 0.05083199962973595 0.06421899795532227
0 0.730571985244751 0.38802599906921387 0.06234300136566162 0.08154399693012238
0 0.2697620093822479 0.16409099102020264 0.04704599827528 0.061875998973846436
0 0.6957129836082458 0.459102988243103 0.062258001416921616 0.08357000350952148
0 0.8650569915771484 0.3246769905090332 0.054784998297691345 0.07037600129842758
0 0.659072995185852 0.4195219874382019 0.0508279986679554 0.06711100041866302
0 0.732358992099762 0.8587909936904907 0.050050999969244 0.0717340037226677
0 0.5163639783859253 0.5421000123023987 0.042948998510837555 0.05155099928379059
0 0.46248599886894226 0.4684709906578064 0.03795500099658966 0.04827500134706497
0 0.646934986114502 0.7277669906616211 0.04799100011587143 0.05959299951791763
0 0.17416200041770935 0.4692010283470154 0.042746998369693756 0.05082400143146515
0 0.44704100489616394 0.12455099821090698 0.04817400127649307 0.05753500014543533
0 0.41512900590896606 0.3399839997291565 0.039709001779556274 0.051562000066041946
0 0.1816210001707077 0.23991799354553223 0.042948998510837555 0.056821998208761215
0 0.1603270024061203 0.36720097064971924 0.04282800108194351 0.054083000868558884
0 0.3894540071487427 0.29307299852371216 0.04286399856209755 0.054882001131772995
0 0.19434499740600586 0.4267439842224121 0.04483399912714958 0.0558909997344017
0 0.6934270262718201 0.20761197805404663 0.06226599961519241 0.08380100131034851
0 0.6932610273361206 0.8907570242881775 0.05863000079989433 0.0724790021777153
0 0.7077550292015076 0.29717302322387695 0.05585300177335739 0.07902800291776657
0 0.43975600600242615 0.5058920383453369 0.04084299877285957 0.05018400028347969
0 0.4674530029296875 0.5593219995498657 0.04156399890780449 0.05191199854016304
0 0.67010498046875 0.3426470160484314 0.057447001338005066 0.07069899886846542
0 0.25070199370384216 0.3860740065574646 0.042197998613119125 0.05281800031661987
0 0.7153819799423218 0.5399459600448608 0.05865500122308731 0.08108899742364883
0 0.24360999464988708 0.4795590043067932 0.045701999217271805 0.056063998490571976
0 0.6833869814872742 0.7593050003051758 0.044798001646995544 0.06844600290060043
0 0.2883960008621216 0.11053299903869629 0.042410001158714294 0.053082000464200974
0 0.1595340073108673 0.21419697999954224 0.03972199931740761 0.05246200039982796
0 0.9042310118675232 0.3277829885482788 0.045524999499320984 0.06205800175666809
0 0.5663859844207764 0.7416800260543823 0.04042699933052063 0.050374001264572144
0 0.13604800403118134 0.25623297691345215 0.03972800076007843 0.05127900093793869
0 0.1422410011291504 0.43390101194381714 0.04370399937033653 0.055987998843193054
0 0.9807800054550171 0.9597679972648621 0.038440000265836716 0.0600069984793663
0 0.530476987361908 0.9875720143318176 0.044319998472929 0.024855999276041985
0 0.8642339706420898 0.38667601346969604 0.05418400093913078 0.06320299953222275
0 0.4042840003967285 0.1359419822692871 0.038325000554323196 0.052646998316049576
0 0.491892009973526 0.06853300333023071 0.0374940000474453 0.04649699851870537
0 0.10957899689674377 0.8970350027084351 0.02485799975693226 0.029462000355124474
0 0.5908460021018982 0.884859025478363 0.04117700085043907 0.05179499834775925
0 0.31265801191329956 0.19183200597763062 0.040672000497579575 0.054051999002695084
0 0.4301770031452179 0.21175700426101685 0.04132699966430664 0.053001999855041504
0 0.2535899877548218 0.4347429871559143 0.04192100092768669 0.050234999507665634
0 0.6864320039749146 0.6607910394668579 0.056366998702287674 0.0771000012755394
0 0.39182400703430176 0.9378809928894043 0.0345270000398159 0.04075999930500984
0 0.4542520046234131 0.864657998085022 0.03512800112366676 0.04481799900531769
0 0.7559859752655029 0.8932279944419861 0.0463469997048378 0.06102599948644638
0 0.5573980212211609 0.899994969367981 0.04202999919652939 0.05607900023460388
0 0.03172300010919571 0.4971799850463867 0.03201799839735031 0.03725599870085716
0 0.09459099918603897 0.4692090153694153 0.02862600050866604 0.03879300132393837
0 0.1475609987974167 0.9547510147094727 0.025050999596714973 0.03303400054574013
0 0.39988699555397034 0.41145801544189453 0.03365299850702286 0.04566799849271774
0 0.7015349864959717 0.8991879820823669 0.0631909966468811 0.07756800204515457
0 0.11216600239276886 0.45358002185821533 0.02829499915242195 0.041152000427246094
0 0.13894400000572205 0.985942006111145 0.027546999976038933 0.027451999485492706
0 0.4374699890613556 0.8983680009841919 0.0342399999499321 0.04141300171613693
0 0.029972000047564507 0.6538289785385132 0.02707800082862377 0.03589700162410736
0 0.11973600089550018 0.9542089700698853 0.02535099908709526 0.030625000596046448
