2 0.6935349702835083 0.07494199275970459 0.04483399912714958 0.05037200078368187
2 0.27176201343536377 0.12847298383712769 0.039914000779390335 0.05126199871301651
2 0.7445340156555176 0.13431799411773682 0.0413299985229969 0.04713800176978111
2 0.2865549921989441 0.4602140188217163 0.039671000093221664 0.048503000289201736
2 0.2720949947834015 0.332069993019104 0.037432000041007996 0.048542000353336334
2 0.2492460012435913 0.45639199018478394 0.03777400031685829 0.04732099920511246
2 0.19785700738430023 0.2985270023345947 0.03762900084257126 0.04678500071167946
2 0.08522699773311615 0.020573019981384277 0.03600899875164032 0.04038900136947632
2 0.06051899865269661 0.04474300146102905 0.04094700142741203 0.051979999989271164
2 0.2882620096206665 0.222773015499115 0.040015000849962234 0.05219699814915657
2 0.22661300003528595 0.4658970236778259 0.03756700083613396 0.04512400180101395
2 0.7369970083236694 0.8356410264968872 0.0324379988014698 0.03759000077843666
2 0.08985500037670135 0.11878401041030884 0.0336339995265007 0.0492670014500618
2 0.710116982460022 0.8632050156593323 0.03328099846839905 0.03752199932932854
2 0.27452999353408813 0.2781810164451599 0.036240000277757645 0.0509830005466938
2 0.24622300267219543 0.3001139760017395 0.032889001071453094 0.042656999081373215
2 0.06419900059700012 0.12338799238204956 0.03532399982213974 0.04982699826359749
