2 0.5889829993247986 0.1084820032119751 0.09781699627637863 0.1170239970088005
0 0.47306299209594727 0.9530580043792725 0.0850130021572113 0.09388300031423569
2 0.3988189995288849 0.2523850202560425 0.0709490031003952 0.09619999676942825
1 0.9037960171699524 0.44638699293136597 0.08754099905490875 0.10734400153160095
2 0.4095050096511841 0.5418980121612549 0.07505100220441818 0.10016299784183502
2 0.48708099126815796 0.6396290063858032 0.0728600025177002 0.10155999660491943
2 0.41058099269866943 0.7796400189399719 0.07784000039100647 0.10067299753427505
2 0.9771270155906677 0.597461998462677 0.04574599862098694 0.07330399751663208
0 0.16213500499725342 0.5636619925498962 0.054666001349687576 0.06410600244998932
0 0.48055499792099 0.7672449946403503 0.07917699962854385 0.10520599782466888
0 0.0884540006518364 0.012211978435516357 0.05457400158047676 0.024424999952316284
2 0.3272800147533417 0.2350819706916809 0.06874900311231613 0.08990000188350677
2 0.35453400015830994 0.36258798837661743 0.07118900120258331 0.09555599838495255
2 0.6138529777526855 0.21000999212265015 0.07570499926805496 0.1046300008893013
0 0.3694930076599121 0.796862006187439 0.05992899835109711 0.08642099797725677
