1 0.887611985206604 0.8853819966316223 0.03852200135588646 0.049573998898267746
1 0.5788530111312866 0.9508060216903687 0.03497900068759918 0.04601199924945831
1 0.7942590117454529 0.7644959688186646 0.036837998777627945 0.048163000494241714
1 0.41984501481056213 0.08050000667572021 0.041133999824523926 0.05213499814271927
1 0.74092698097229 0.9355720281600952 0.03461400046944618 0.04330499842762947
2 0.9737820029258728 0.3485419750213623 0.03642300143837929 0.04564499855041504
1 0.8837950229644775 0.9354389905929565 0.03467300161719322 0.046571001410484314
1 0.6391819715499878 0.9658169746398926 0.03675999864935875 0.048464998602867126
1 0.38508298993110657 0.840453028678894 0.03468500077724457 0.04472099989652634
1 0.45973798632621765 0.07297897338867188 0.04226699844002724 0.05535399913787842
1 0.6461780071258545 0.85105299949646 0.03135700151324272 0.043115999549627304
2 0.8999199867248535 0.4043790102005005 0.03992699831724167 0.05227399989962578
1 0.7748240232467651 0.8685610294342041 0.03345400094985962 0.04543299973011017
1 0.919950008392334 0.8593050241470337 0.03897399827837944 0.04777500033378601
1 0.46723198890686035 0.9680389761924744 0.03446799889206886 0.04675799980759621
2 0.8229449987411499 0.5763850212097168 0.040144000202417374 0.051739998161792755
1 0.3469730019569397 0.11680597066879272 0.03751299902796745 0.05435499921441078
2 0.8342549800872803 0.6759170293807983 0.03659600019454956 0.049653999507427216
1 0.4676789939403534 0.8726730346679688 0.02839599922299385 0.0404679998755455
1 0.6066979765892029 0.881738007068634 0.03666900098323822 0.05086100101470947
1 0.5049769878387451 0.9012609720230103 0.04033000022172928 0.050227999687194824
1 0.7662299871444702 0.8073800206184387 0.03267500177025795 0.04354500025510788
2 0.8796200156211853 0.371986985206604 0.0365619994699955 0.04809299856424332
1 0.8828259706497192 0.8256750106811523 0.035599999129772186 0.046875
1 0.201555997133255 0.1268630027770996 0.04576899856328964 0.051649998873472214
1 0.6283720135688782 0.8206920027732849 0.027089999988675117 0.033831000328063965
1 0.9118130207061768 0.8170250058174133 0.032554998993873596 0.039016999304294586
1 0.449970006942749 0.8139190077781677 0.03560100123286247 0.04756300151348114
1 0.44223201274871826 0.8829339742660522 0.0344729982316494 0.045733001083135605
2 0.853413999080658 0.3933129906654358 0.035326000303030014 0.045471999794244766
2 0.1718049943447113 0.9563609957695007 0.032905999571084976 0.039094001054763794
1 0.42603299021720886 0.836870014667511 0.029996000230312347 0.042381998151540756
1 0.8677390217781067 0.5321940183639526 0.039500001817941666 0.049702998250722885
1 0.4330199956893921 0.9770399928092957 0.033371999859809875 0.04341600090265274
1 0.9110440015792847 0.7633470296859741 0.037459999322891235 0.043508000671863556
1 0.8689870238304138 0.4743589758872986 0.04066099971532822 0.0487390011548996
2 0.8646659851074219 0.6921210289001465 0.036646999418735504 0.046959999948740005
1 0.859021008014679 0.7477970123291016 0.03620599955320358 0.04784499853849411
1 0.35036900639533997 0.0090559720993042 0.057840000838041306 0.018112000077962875
1 0.8509979844093323 0.8156709671020508 0.036256998777389526 0.046348001807928085
1 0.5119270086288452 0.8120560050010681 0.036733999848365784 0.04873200133442879
2 0.7642139792442322 0.6980279684066772 0.03275100141763687 0.043101999908685684
2 0.9538310170173645 0.5225279927253723 0.03680799901485443 0.049796998500823975
2 0.9373559951782227 0.46540600061416626 0.038408998399972916 0.05046200007200241
2 0.9802410006523132 0.6084749698638916 0.03542200103402138 0.050429001450538635
1 0.8307530283927917 0.7592009902000427 0.03260999917984009 0.04588399827480316
1 0.40953201055526733 0.7782019972801208 0.03652400150895119 0.044819001108407974
1 0.5162659883499146 0.9389500021934509 0.030438000336289406 0.03858200088143349
2 0.8887159824371338 0.7255139946937561 0.03402800112962723 0.04346799850463867
1 0.43070098757743835 0.679481029510498 0.03313000127673149 0.04221300035715103
2 0.8368560075759888 0.4197559952735901 0.033197999000549316 0.039583999663591385
1 0.5529239773750305 0.012564003467559814 0.053321000188589096 0.025126999244093895
2 0.8697940111160278 0.47441601753234863 0.039886001497507095 0.050540000200271606
2 0.011404000222682953 0.4199709892272949 0.022808000445365906 0.05375000089406967
1 0.5775309801101685 0.8726819753646851 0.027981000021100044 0.043081000447273254
1 0.5336059927940369 0.9803019762039185 0.032340001314878464 0.03810400143265724
1 0.8030920028686523 0.8490750193595886 0.027357999235391617 0.041140999644994736
1 0.5978130102157593 0.6726729869842529 0.03015800006687641 0.04420100152492523
1 0.5421280264854431 0.9137960076332092 0.033688001334667206 0.04853000119328499
1 0.9805369973182678 0.6081550121307373 0.03656399995088577 0.05064599961042404
1 0.8567460179328918 0.9127060174942017 0.029631000012159348 0.04475399851799011
1 0.9539390206336975 0.5220310091972351 0.036403000354766846 0.0491040013730526
1 0.9775469899177551 0.4732869863510132 0.03491400182247162 0.04764600098133087
2 0.5421130061149597 0.9145050048828125 0.03462100028991699 0.048337001353502274
2 0.8204699754714966 0.62214195728302 0.036965999752283096 0.04615800082683563
1 0.6163439750671387 0.569923996925354 0.027452999725937843 0.036382000893354416
1 0.7499039769172668 0.9006019830703735 0.028774000704288483 0.03495299816131592
