0 0.628167986869812 0.6388239860534668 0.04639500007033348 0.05845800042152405
0 0.5465360283851624 0.5697619915008545 0.04996899887919426 0.06268499791622162
0 0.587922990322113 0.7236300110816956 0.051493000239133835 0.06450799852609634
0 0.5428789854049683 0.7214789986610413 0.05256599932909012 0.06909699738025665
0 0.1997780054807663 0.25542598962783813 0.12716199457645416 0.14166900515556335
0 0.7595880031585693 0.8332740068435669 0.0523109994828701 0.06311599910259247
0 0.5809890031814575 0.19411301612854004 0.0927020013332367 0.11597900092601776
0 0.8662850260734558 0.9875460267066956 0.06435800343751907 0.024907000362873077
0 0.20114000141620636 0.22756999731063843 0.12242399901151657 0.18817199766635895
0 0.02352900058031082 0.15260601043701172 0.04705800116062164 0.17956000566482544
