1 0.49856001138687134 0.2704929709434509 0.04159500077366829 0.053640998899936676
1 0.622622013092041 0.19767600297927856 0.046643998473882675 0.05558300018310547
1 0.43064698576927185 0.20553898811340332 0.04906399920582771 0.055319998413324356
1 0.3835560083389282 0.08212900161743164 0.0379440002143383 0.05132399871945381
1 0.5364170074462891 0.2628629803657532 0.03857199847698212 0.047228001058101654
1 0.5631620287895203 0.05158400535583496 0.03921400010585785 0.056859999895095825
1 0.42905500531196594 0.32141900062561035 0.03613699972629547 0.04887799918651581
1 0.4327940046787262 0.06767302751541138 0.04466100037097931 0.056216999888420105
2 0.8962510228157043 0.6936520338058472 0.03788499906659126 0.048388998955488205
1 0.6223430037498474 0.039788007736206055 0.04141300171613693 0.05031999945640564
1 0.5424349904060364 0.188215970993042 0.03980100154876709 0.05151800066232681
1 0.5146849751472473 0.09167200326919556 0.04226600006222725 0.05508299916982651
1 0.38944900035858154 0.14038699865341187 0.04937300086021423 0.06022600084543228
2 0.9383900165557861 0.6473289728164673 0.037140000611543655 0.04803600162267685
1 0.2922370135784149 0.3189520239830017 0.03743299841880798 0.04403400048613548
2 0.9061350226402283 0.7860360145568848 0.03580800071358681 0.04584899917244911
2 0.9522709846496582 0.49167400598526 0.033775001764297485 0.044794999063014984
1 0.5820689797401428 0.18920302391052246 0.04254800081253052 0.054754000157117844
1 0.8701009750366211 0.8620550036430359 0.03508799895644188 0.04612499848008156
1 0.5440859794616699 0.09538501501083374 0.039965998381376266 0.05004199966788292
1 0.7284319996833801 0.9448379874229431 0.03257099911570549 0.038440000265836716
2 0.9727280139923096 0.51910799741745 0.038307998329401016 0.04809800162911415
2 0.9279050230979919 0.5138280391693115 0.03343300148844719 0.042541999369859695
2 0.9428470134735107 0.5906230211257935 0.035950999706983566 0.04417699947953224
1 0.9839720129966736 0.9627389907836914 0.03205600008368492 0.05243600159883499
1 0.2898550033569336 0.2795479893684387 0.032933998852968216 0.04121699929237366
1 0.9583060145378113 0.9801679849624634 0.03736399859189987 0.03966499865055084
1 0.6894429922103882 0.9748709797859192 0.03567599877715111 0.04654400050640106
2 0.9369720220565796 0.8032190203666687 0.03662300109863281 0.04704599827528
1 0.48085999488830566 0.9341639876365662 0.033362001180648804 0.04345399886369705
1 0.9545109868049622 0.9269940257072449 0.036354999989271164 0.046004001051187515
1 0.9236909747123718 0.9173749685287476 0.03411800041794777 0.04360299929976463
1 0.9020689725875854 0.8617799878120422 0.03185800090432167 0.0437530018389225
1 0.06905300170183182 0.6513320207595825 0.03964700177311897 0.047286998480558395
2 0.9609360098838806 0.8303509950637817 0.03533700108528137 0.04495299980044365
1 0.8437250256538391 0.900950014591217 0.03254599869251251 0.04036799818277359
2 0.8944389820098877 0.7352609634399414 0.03732199966907501 0.04190700128674507
2 0.1159610003232956 0.5706089735031128 0.03748700022697449 0.04542800039052963
1 0.3903929889202118 0.18106502294540405 0.0326399989426136 0.04298600181937218
1 0.3923819959163666 0.010065019130706787 0.04811599850654602 0.020130999386310577
2 0.9782099723815918 0.5969879627227783 0.031575001776218414 0.03981199860572815
1 0.9320549964904785 0.8544759750366211 0.03538300096988678 0.04667399823665619
1 0.8511549830436707 0.9593690037727356 0.03450100123882294 0.046813998371362686
1 0.5920889973640442 0.988457977771759 0.0438230000436306 0.023082999512553215
2 0.06896200031042099 0.6521520018577576 0.03974200040102005 0.0456480011343956
2 0.9081640243530273 0.6287360191345215 0.03296099975705147 0.04223499819636345
2 0.06763900071382523 0.5551010370254517 0.043460000306367874 0.04866600036621094
1 0.5330899953842163 0.9806339740753174 0.032652001827955246 0.038398001343011856
1 0.6604009866714478 0.9663259983062744 0.024845000356435776 0.03883799910545349
2 0.6003990173339844 0.9142329692840576 0.034203000366687775 0.04363799840211868
1 0.9784860014915466 0.8743709921836853 0.035023000091314316 0.04376300051808357
1 0.5186709761619568 0.9340280294418335 0.029092000797390938 0.04139399901032448
