0 0.28890201449394226 0.5692570209503174 0.054666001349687576 0.06608299911022186
0 0.23296299576759338 0.5833860039710999 0.05352799966931343 0.06425599753856659
0 0.42402398586273193 0.6046760082244873 0.041558001190423965 0.05021499842405319
0 0.16696199774742126 0.10841202735900879 0.04963500052690506 0.06050200015306473
0 0.18933799862861633 0.22479498386383057 0.051711998879909515 0.06673900038003922
0 0.24995000660419464 0.5389930009841919 0.0499969981610775 0.05785999819636345
0 0.7215579748153687 0.9735720157623291 0.049421001225709915 0.052345000207424164
0 0.17406199872493744 0.5573700070381165 0.04755600169301033 0.0578560009598732
0 0.14712700247764587 0.2930089831352234 0.0516199991106987 0.0651170015335083
0 0.0192050002515316 0.3607419729232788 0.037438999861478806 0.07398100197315216
0 0.17645800113677979 0.6268129944801331 0.04994000121951103 0.06681100279092789
0 0.18485699594020844 0.7133550047874451 0.04680100083351135 0.059905000030994415
0 0.008449000306427479 0.2320449948310852 0.015576000325381756 0.07403299957513809
0 0.21809899806976318 0.6316519975662231 0.0414390005171299 0.0519229993224144
0 0.9943130016326904 0.729511022567749 0.011373000219464302 0.047752998769283295
