2 0.3353390097618103 0.27912402153015137 0.07036399841308594 0.09365899860858917
2 0.5130050182342529 0.43344998359680176 0.06377899646759033 0.08206100016832352
2 0.3685089945793152 0.7242839932441711 0.05900200083851814 0.08150900155305862
2 0.2716130018234253 0.2681480050086975 0.06569600105285645 0.07996000349521637
2 0.04550899937748909 0.16706299781799316 0.05302700027823448 0.07193999737501144
2 0.5740820169448853 0.31526297330856323 0.052469998598098755 0.07505299896001816
2 0.12967699766159058 0.7730330228805542 0.06131000071763992 0.07475300133228302
1 0.2557860016822815 0.46158599853515625 0.039167001843452454 0.057454999536275864
2 0.7128329873085022 0.7970750331878662 0.05213800072669983 0.06678000092506409
2 0.6746000051498413 0.860846996307373 0.04493200033903122 0.06188499927520752
2 0.12387499958276749 0.8377119898796082 0.055121999233961105 0.06137999892234802
2 0.5320410132408142 0.30343198776245117 0.05593400076031685 0.07451900094747543
2 0.5943599939346313 0.9309009909629822 0.04338200017809868 0.0600459985435009
2 0.7139869928359985 0.9015600085258484 0.052067000418901443 0.06546200066804886
2 0.40820398926734924 0.7647619843482971 0.0521170012652874 0.07260999828577042
2 0.6196839809417725 0.8753330111503601 0.04374700039625168 0.05652200058102608
2 0.3169330060482025 0.4846090078353882 0.03783499822020531 0.05065099895000458
2 0.6477630138397217 0.8537740111351013 0.0329120010137558 0.05593600124120712
2 0.8997259736061096 0.6463359594345093 0.04814000055193901 0.06428000330924988
1 0.9549679756164551 0.8264150023460388 0.056522998958826065 0.06058400124311447
2 0.9468910098075867 0.8956930041313171 0.03830299898982048 0.05352700129151344
2 0.017904000356793404 0.80205899477005 0.03548499941825867 0.07142999768257141
2 0.04060300067067146 0.7981719970703125 0.042371999472379684 0.06754100322723389
2 0.6889129877090454 0.7334629893302917 0.05454099923372269 0.06787499785423279
1 0.20843900740146637 0.513155996799469 0.030724000185728073 0.0441959984600544
1 0.22064100205898285 0.4507899880409241 0.03461800143122673 0.05830699950456619
2 0.08129099756479263 0.7883080244064331 0.043598998337984085 0.06232000142335892
2 0.9759529829025269 0.7206720113754272 0.04706000164151192 0.0569939985871315
2 0.696412980556488 0.9789990186691284 0.06549400091171265 0.04200199991464615
2 0.11278600245714188 0.721904993057251 0.047655001282691956 0.05512399971485138
1 0.24569599330425262 0.532604992389679 0.034053999930620193 0.0461140014231205
2 0.6604790091514587 0.9500849843025208 0.04352699965238571 0.054350998252630234
2 0.5686590075492859 0.9915170073509216 0.05893300101161003 0.016964999958872795
2 0.3364019989967346 0.7434819936752319 0.032182998955249786 0.07013300061225891
2 0.6732839941978455 0.9784640073776245 0.04906899854540825 0.04307200014591217
2 0.9099019765853882 0.7133640050888062 0.050932999700307846 0.06312499940395355
1 0.9125120043754578 0.7126049995422363 0.0485990010201931 0.06035099923610687
1 0.2257079929113388 0.4466080069541931 0.0365150012075901 0.05964599922299385
