1 0.6813210248947144 0.30431801080703735 0.06389500200748444 0.07857000082731247
1 0.4577060043811798 0.3925679922103882 0.05829299986362457 0.07765399664640427
1 0.4022969901561737 0.43980497121810913 0.05811600014567375 0.08529900014400482
1 0.6767820119857788 0.37523597478866577 0.06589999794960022 0.07781500369310379
1 0.6370189785957336 0.33530402183532715 0.0589120015501976 0.09056100249290466
1 0.30277299880981445 0.8491309881210327 0.056290000677108765 0.07598699629306793
1 0.33145299553871155 0.7833490371704102 0.06193599849939346 0.08147399872541428
1 0.10889100283384323 0.8502199649810791 0.06198599934577942 0.08796100318431854
1 0.3032580018043518 0.8944960236549377 0.06419999897480011 0.08546999841928482
1 0.882893979549408 0.9537500143051147 0.05006499961018562 0.05910800024867058
1 0.07638300210237503 0.8172820210456848 0.061834998428821564 0.08304999768733978
1 0.3697580099105835 0.4496989846229553 0.04920800030231476 0.08797100186347961
