1 0.21561099588871002 0.6801069974899292 0.053001999855041504 0.07310300320386887
1 0.5252209901809692 0.2243899703025818 0.05929600074887276 0.09209799766540527
1 0.29271000623703003 0.3326290249824524 0.058903999626636505 0.09074600040912628
1 0.18979400396347046 0.7456580400466919 0.05373099818825722 0.07240600138902664
1 0.5724499821662903 0.19728899002075195 0.0644339993596077 0.07965400069952011
1 0.565015971660614 0.26754897832870483 0.06417500227689743 0.07943999767303467
1 0.34701699018478394 0.29122400283813477 0.06304299831390381 0.0856039971113205
1 0.19028599560260773 0.7877510190010071 0.060766998678445816 0.07844199985265732
1 0.772146999835968 0.9262229800224304 0.044833000749349594 0.059911999851465225
1 0.7304890155792236 0.9113830327987671 0.043216999620199203 0.05651700124144554
1 0.801110029220581 0.9364889860153198 0.037480998784303665 0.05654799938201904
