0 0.8212260007858276 0.6493990421295166 0.04238099977374077 0.05358799919486046
0 0.6261410117149353 0.5794839859008789 0.04733999818563461 0.06192300096154213
0 0.1705320030450821 0.6608669757843018 0.04654800146818161 0.05813499912619591
0 0.40472498536109924 0.5512909889221191 0.04688199982047081 0.06151900067925453
0 0.38187700510025024 0.6854070425033569 0.0461370013654232 0.059195999056100845
0 0.8617820143699646 0.7931050062179565 0.04077000170946121 0.0514179989695549
0 0.5175020098686218 0.5368770360946655 0.045228999108076096 0.060552000999450684
0 0.7744200229644775 0.8613840341567993 0.043189000338315964 0.05485200136899948
0 0.6139860153198242 0.487604022026062 0.048510000109672546 0.059505999088287354
0 0.24046200513839722 0.6146669983863831 0.047658998519182205 0.0608070008456707
0 0.47541600465774536 0.581436038017273 0.042994000017642975 0.05805100128054619
0 0.1822649985551834 0.5065369606018066 0.04159599915146828 0.06202699989080429
0 0.24777700006961823 0.5323330163955688 0.04419099912047386 0.06033900007605553
0 0.5735909938812256 0.44919902086257935 0.04577900096774101 0.05681300163269043
0 0.7876710295677185 0.7626360058784485 0.04161699861288071 0.052344001829624176
0 0.22578999400138855 0.7917429804801941 0.0490569993853569 0.05926400050520897
0 0.8043829798698425 0.893688976764679 0.04318400099873543 0.05432000011205673
0 0.4319019913673401 0.6208000183105469 0.04331099987030029 0.05509300157427788
0 0.20150600373744965 0.3750929832458496 0.046248000115156174 0.06325100362300873
0 0.2857469916343689 0.6236640214920044 0.04645400121808052 0.06266900151968002
0 0.7100499868392944 0.29221999645233154 0.032930001616477966 0.04324200004339218
0 0.4264009892940521 0.5191900134086609 0.04622200131416321 0.059578001499176025
0 0.7022150158882141 0.06855499744415283 0.03601299971342087 0.046585001051425934
0 0.7651900053024292 0.939873993396759 0.04502100124955177 0.06307200342416763
0 0.7660520076751709 0.2793930172920227 0.03483700007200241 0.04614099860191345
0 0.2755950093269348 0.5471540093421936 0.044957999140024185 0.06253600120544434
0 0.8004879951477051 0.9487209916114807 0.04696200042963028 0.05804400146007538
0 0.6514390110969543 0.1191369891166687 0.029346000403165817 0.03937999904155731
0 0.7554129958152771 0.7166630029678345 0.04036799818277359 0.05038300156593323
0 0.7682909965515137 0.932034969329834 0.05289800092577934 0.07249099761247635
0 0.9013299942016602 0.5308020114898682 0.03576099872589111 0.04355999827384949
0 0.6929709911346436 0.010976016521453857 0.038426000624895096 0.021952999755740166
0 0.4810410141944885 0.09039199352264404 0.041218001395463943 0.05104599893093109
0 0.4571720063686371 0.6533769965171814 0.040045998990535736 0.051396001130342484
0 0.6590149998664856 0.550603985786438 0.03761500120162964 0.053707998245954514
0 0.8655779957771301 0.5817059874534607 0.033197999000549316 0.03652799874544144
0 0.7381399869918823 0.724200963973999 0.034338001161813736 0.05203000083565712
0 0.6776559948921204 0.5126279592514038 0.03383899852633476 0.04713299870491028
0 0.5846490263938904 0.020875990390777588 0.05444899946451187 0.04175199940800667
