1 0.47966599464416504 0.3070979714393616 0.0686199963092804 0.08145499974489212
1 0.4341920018196106 0.3357750177383423 0.05963699892163277 0.09130100160837173
1 0.253574013710022 0.3983049988746643 0.06056699901819229 0.080656997859478
1 0.4734779894351959 0.37791597843170166 0.06482800096273422 0.07780099660158157
1 0.1197419986128807 0.7967749834060669 0.060743000358343124 0.08002699911594391
1 0.09034200012683868 0.8636890053749084 0.05616199970245361 0.07465600222349167
1 0.09307000041007996 0.9052299857139587 0.0641390010714531 0.0792900025844574
1 0.6841199994087219 0.9674850106239319 0.04608500003814697 0.05258699879050255
1 0.19674700498580933 0.44292402267456055 0.059457000344991684 0.09216900169849396
1 0.6832339763641357 0.9759700298309326 0.05115000158548355 0.04089900106191635
