1 0.5959720015525818 0.24902302026748657 0.0651869997382164 0.0811920017004013
1 0.31571701169013977 0.38574498891830444 0.05789300054311752 0.08792900294065475
1 0.21410800516605377 0.7965860366821289 0.05565999820828438 0.07516899704933167
1 0.2405499964952469 0.7301149964332581 0.05533900111913681 0.07422100007534027
1 0.5892990231513977 0.3215950131416321 0.0635479986667633 0.07677300274372101
1 0.21351200342178345 0.8376339673995972 0.06263399869203568 0.07790400087833405
1 0.548786997795105 0.2771729826927185 0.060019999742507935 0.0931989997625351
1 0.37445399165153503 0.33983200788497925 0.05909999832510948 0.07733199745416641
1 0.7944419980049133 0.9200760126113892 0.04793199896812439 0.06612499803304672
1 0.02266700007021427 0.794202983379364 0.04533499851822853 0.08805699646472931
1 0.8003389835357666 0.9732289910316467 0.044833000749349594 0.053112998604774475
1 0.8251010179519653 0.9777209758758545 0.03794800117611885 0.04455700144171715
