1 0.2360980063676834 0.6712160110473633 0.054666001349687576 0.07383599877357483
1 0.5883619785308838 0.18440699577331543 0.06645900011062622 0.08166000247001648
1 0.5419610142707825 0.21254301071166992 0.05990799888968468 0.08937100321054459
1 0.20986799895763397 0.7782859802246094 0.06193000078201294 0.07778500020503998
1 0.36584100127220154 0.28195899724960327 0.06165299937129021 0.08064399659633636
1 0.5823500156402588 0.2555469870567322 0.06539899855852127 0.07682400196790695
1 0.3109680116176605 0.3252530097961426 0.057812999933958054 0.08961799740791321
1 0.20946800708770752 0.7348170280456543 0.05248099938035011 0.07194200158119202
1 0.02035200037062168 0.7298870086669922 0.04070400074124336 0.08908800035715103
1 0.7901989817619324 0.9169520139694214 0.04326700046658516 0.06773199886083603
1 0.7475399971008301 0.9037989974021912 0.04120500013232231 0.05924699828028679
1 0.817628026008606 0.9264569878578186 0.04012700170278549 0.0603489987552166
1 0.9696750044822693 0.903331995010376 0.04948800057172775 0.06915199756622314
