2 0.47626298666000366 0.7740870118141174 0.04718099907040596 0.060853999108076096
2 0.5130529999732971 0.8033319711685181 0.04669699817895889 0.06263100355863571
2 0.49112799763679504 0.9220049977302551 0.04800400137901306 0.05855099856853485
2 0.7010959982872009 0.8062729835510254 0.04148799926042557 0.05427199974656105
2 0.29367300868034363 0.14860397577285767 0.04371599853038788 0.06348200142383575
2 0.1523970067501068 0.7767640352249146 0.03768699988722801 0.053477998822927475
2 0.4836530089378357 0.9652889966964722 0.04718799889087677 0.05710500106215477
2 0.5405070185661316 0.8934450149536133 0.04437600076198578 0.06019800156354904
2 0.5915129780769348 0.26020199060440063 0.048305001109838486 0.0586169995367527
2 0.7477899789810181 0.8012319803237915 0.042743001133203506 0.054572999477386475
2 0.15805700421333313 0.8490200042724609 0.039037998765707016 0.05017700046300888
2 0.18705500662326813 0.8025549650192261 0.045579999685287476 0.061448998749256134
2 0.6086300015449524 0.21285098791122437 0.04369400069117546 0.056756000965833664
2 0.9146469831466675 0.42556899785995483 0.030473999679088593 0.03889700025320053
2 0.23783299326896667 0.09688901901245117 0.04639200121164322 0.05994100123643875
2 0.252238005399704 0.16782498359680176 0.0501910001039505 0.06545200198888779
2 0.1821960061788559 0.025622010231018066 0.057673998177051544 0.049830999225378036
2 0.506676971912384 0.8653069734573364 0.045566000044345856 0.06109600141644478
2 0.05243699997663498 0.6365090012550354 0.0329819992184639 0.04231499880552292
2 0.9382410049438477 0.4452599883079529 0.03092299960553646 0.036247000098228455
2 0.9633939862251282 0.5050430297851562 0.030129000544548035 0.03476500138640404
2 0.22227799892425537 0.008925020694732666 0.046397000551223755 0.01785000041127205
2 0.9359149932861328 0.4960790276527405 0.028165999799966812 0.032924000173807144
2 0.28005799651145935 0.0657380223274231 0.03445899859070778 0.03947500139474869
2 0.9001500010490417 0.5404989719390869 0.029772000387310982 0.033691998571157455
2 0.9427589774131775 0.539355993270874 0.028620999306440353 0.03633299842476845
2 0.011649000458419323 0.9608370065689087 0.02316500060260296 0.04122399911284447
2 0.0802529975771904 0.7243460416793823 0.041940998286008835 0.04133399948477745
2 0.8940370082855225 0.509555995464325 0.025453999638557434 0.030859999358654022
