1 0.31914499402046204 0.7039040327072144 0.05908000096678734 0.07633700221776962
1 0.6285920143127441 0.24702602624893188 0.060113001614809036 0.09205400198698044
1 0.29269200563430786 0.7683830261230469 0.053677998483181 0.07144500315189362
1 0.39428699016571045 0.35935401916503906 0.06090100109577179 0.08984900265932083
1 0.6690589785575867 0.2923949956893921 0.06571099907159805 0.0768050029873848
1 0.6741470098495483 0.21948599815368652 0.06697099655866623 0.08196999877691269
1 0.09826800227165222 0.7678830027580261 0.05942999944090843 0.08536499738693237
1 0.2951500117778778 0.8100090026855469 0.06236499920487404 0.0810599997639656
1 0.06921300292015076 0.7365009784698486 0.05528600141406059 0.08167800307273865
1 0.4509600102901459 0.3152490258216858 0.06013000011444092 0.07553000003099442
1 0.8659510016441345 0.8930050134658813 0.04648499935865402 0.06358300149440765
1 0.8709040284156799 0.9440439939498901 0.04121199995279312 0.061976999044418335
1 0.9000909924507141 0.9537670016288757 0.03864400088787079 0.0576150007545948
