0 0.4024440050125122 0.0695519968867302 0.06258100271224976 0.07576800137758255
0 0.2333109974861145 0.21867799758911133 0.054611001163721085 0.07167000323534012
0 0.731436014175415 0.03146899864077568 0.05844699963927269 0.06293799728155136
0 0.7635499835014343 0.24546299874782562 0.061597999185323715 0.07354199886322021
0 0.15195800364017487 0.24832400679588318 0.05491099879145622 0.07175599783658981
0 0.8126140236854553 0.34657400846481323 0.06247600167989731 0.07399299740791321
0 0.6753469705581665 0.0349700003862381 0.0601469986140728 0.0699400007724762
0 0.34770500659942627 0.070872001349926 0.07463899999856949 0.08952999860048294
0 0.8605610132217407 0.32099801301956177 0.062272001057863235 0.07969500124454498
0 0.05049299821257591 0.04330400004982948 0.060440000146627426 0.07497099786996841
0 0.2526859939098358 0.09883499890565872 0.06221200153231621 0.08242800086736679
0 0.9711030125617981 0.9586189985275269 0.05779299885034561 0.0758569985628128
0 0.27706000208854675 0.22180399298667908 0.05377199873328209 0.0795769989490509
0 0.9737499952316284 0.4743660092353821 0.05190899968147278 0.12389799952507019
0 0.022477999329566956 0.08500300347805023 0.043570999056100845 0.07689899951219559
0 0.21063800156116486 0.2750140130519867 0.05164000019431114 0.06605800241231918
0 0.36624398827552795 0.20581600069999695 0.05505400151014328 0.09173300117254257
0 0.05173800140619278 0.1645900011062622 0.043310001492500305 0.057107001543045044
