0 0.38855400681495667 0.6311759948730469 0.07743100076913834 0.10525699704885483
0 0.4638519883155823 0.7962290048599243 0.07288900017738342 0.10525500029325485
0 0.34203800559043884 0.4757489860057831 0.07864200323820114 0.09089300036430359
0 0.42641401290893555 0.47197800874710083 0.07847099751234055 0.09827899932861328
0 0.319581001996994 0.40563300251960754 0.07598699629306793 0.088407002389431
0 0.49115198850631714 0.569703996181488 0.07210999727249146 0.08818800002336502
0 0.4528850018978119 0.6645380258560181 0.06510499864816666 0.09568999707698822
0 0.3329249918460846 0.6584320068359375 0.07248099893331528 0.09867099672555923
0 0.5468950271606445 0.7052879929542542 0.07044699788093567 0.09163700044155121
0 0.4290260076522827 0.5511929988861084 0.07768700271844864 0.10280399769544601
0 0.5672230124473572 0.577530026435852 0.05999099835753441 0.08516599982976913
0 0.4519129991531372 0.43397098779678345 0.08342999964952469 0.10309600085020065
0 0.471917986869812 0.8853060007095337 0.06535399705171585 0.10686899721622467
0 0.41231799125671387 0.8568900227546692 0.06925199925899506 0.09073799848556519
0 0.5131289958953857 0.4639280140399933 0.06002800166606903 0.08087600022554398
