0 0.7595670223236084 0.0406779982149601 0.058070000261068344 0.07631900161504745
0 0.7495549917221069 0.7363179922103882 0.06450799852609634 0.081325002014637
0 0.2517459988594055 0.9551470279693604 0.05083199962973595 0.06421899795532227
0 0.730571985244751 0.6119740009307861 0.06234300136566162 0.08154399693012238
0 0.2697620093822479 0.8359090089797974 0.04704599827528 0.061875998973846436
0 0.6957129836082458 0.540897011756897 0.062258001416921616 0.08357000350952148
0 0.8650569915771484 0.6753230094909668 0.054784998297691345 0.07037600129842758
0 0.659072995185852 0.5804780125617981 0.0508279986679554 0.06711100041866302
0 0.732358992099762 0.14120900630950928 0.050050999969244 0.0717340037226677
0 0.5163639783859253 0.4578999876976013 0.042948998510837555 0.05155099928379059
0 0.46248599886894226 0.5315290093421936 0.03795500099658966 0.04827500134706497
0 0.646934986114502 0.2722330093383789 0.04799100011587143 0.05959299951791763
0 0.17416200041770935 0.5307989716529846 0.042746998369693756 0.05082400143146515
0 0.44704100489616394 0.875449001789093 0.04817400127649307 0.05753500014543533
0 0.41512900590896606 0.6600160002708435 0.039709001779556274 0.051562000066041946
0 0.1816210001707077 0.7600820064544678 0.042948998510837555 0.056821998208761215
0 0.1603270024061203 0.6327990293502808 0.04282800108194351 0.054083000868558884
0 0.3894540071487427 0.7069270014762878 0.04286399856209755 0.054882001131772995
0 0.19434499740600586 0.5732560157775879 0.04483399912714958 0.0558909997344017
0 0.6934270262718201 0.7923880219459534 0.06226599961519241 0.08380100131034851
0 0.6932610273361206 0.1092429980635643 0.05863000079989433 0.0724790021777153
0 0.7077550292015076 0.702826976776123 0.05585300177335739 0.07902800291776657
0 0.43975600600242615 0.4941079914569855 0.04084299877285957 0.05018400028347969
0 0.4674530029296875 0.4406780004501343 0.04156399890780449 0.05191199854016304
0 0.67010498046875 0.6573529839515686 0.057447001338005066 0.07069899886846542
0 0.25070199370384216 0.6139259934425354 0.042197998613119125 0.05281800031661987
0 0.7153819799423218 0.4600540101528168 0.05865500122308731 0.08108899742364883
0 0.24360999464988708 0.5204409956932068 0.045701999217271805 0.056063998490571976
0 0.6833869814872742 0.24069499969482422 0.044798001646995544 0.06844600290060043
0 0.2883960008621216 0.8894670009613037 0.042410001158714294 0.053082000464200974
0 0.1595340073108673 0.7858030200004578 0.03972199931740761 0.05246200039982796
0 0.9042310118675232 0.6722170114517212 0.045524999499320984 0.06205800175666809
0 0.5663859844207764 0.25832000374794006 0.04042699933052063 0.050374001264572144
0 0.13604800403118134 0.7437670230865479 0.03972800076007843 0.05127900093793869
0 0.1422410011291504 0.5660989880561829 0.04370399937033653 0.055987998843193054
0 0.9807800054550171 0.04023199900984764 0.038440000265836716 0.0600069984793663
0 0.530476987361908 0.012427999638020992 0.044319998472929 0.024855999276041985
0 0.8642339706420898 0.613323986530304 0.05418400093913078 0.06320299953222275
0 0.4042840003967285 0.8640580177307129 0.038325000554323196 0.052646998316049576
0 0.491892009973526 0.9314669966697693 0.0374940000474453 0.04649699851870537
0 0.10957899689674377 0.10296499729156494 0.02485799975693226 0.029462000355124474
0 0.5908460021018982 0.11514099687337875 0.04117700085043907 0.05179499834775925
0 0.31265801191329956 0.8081679940223694 0.040672000497579575 0.054051999002695084
0 0.4301770031452179 0.7882429957389832 0.04132699966430664 0.053001999855041504
0 0.2535899877548218 0.5652570128440857 0.04192100092768669 0.050234999507665634
0 0.6864320039749146 0.3392089903354645 0.056366998702287674 0.0771000012755394
0 0.39182400703430176 0.062118999660015106 0.0345270000398159 0.04075999930500984
0 0.4542520046234131 0.13534200191497803 0.03512800112366676 0.04481799900531769
0 0.7559859752655029 0.10677199810743332 0.0463469997048378 0.06102599948644638
0 0.5573980212211609 0.10000500082969666 0.04202999919652939 0.05607900023460388
0 0.03172300010919571 0.5028200149536133 0.03201799839735031 0.03725599870085716
0 0.09459099918603897 0.5307909846305847 0.02862600050866604 0.03879300132393837
0 0.1475609987974167 0.04524900019168854 0.025050999596714973 0.03303400054574013
0 0.39988699555397034 0.5885419845581055 0.03365299850702286 0.04566799849271774
0 0.7015349864959717 0.10081200301647186 0.0631909966468811 0.07756800204515457
0 0.11216600239276886 0.5464199781417847 0.02829499915242195 0.041152000427246094
0 0.13894400000572205 0.014058000408113003 0.027546999976038933 0.027451999485492706
0 0.4374699890613556 0.1016319990158081 0.0342399999499321 0.04141300171613693
0 0.029972000047564507 0.34617099165916443 0.02707800082862377 0.03589700162410736
0 0.11973600089550018 0.04579100012779236 0.02535099908709526 0.030625000596046448
