0 0.5783590078353882 0.03860900178551674 0.05274000018835068 0.060509998351335526
0 0.5581390261650085 0.09969999641180038 0.05042799934744835 0.0619949996471405
0 0.7871969938278198 0.9281190037727356 0.04393399879336357 0.05618799850344658
0 0.9106619954109192 0.6568710207939148 0.0497639998793602 0.059053000062704086
0 0.5431960225105286 0.7400010228157043 0.048666998744010925 0.05971600115299225
0 0.6855350136756897 0.8429650068283081 0.03973500058054924 0.04905400052666664
0 0.47266098856925964 0.9598150253295898 0.0535460002720356 0.0627250000834465
0 0.38721799850463867 0.9844740033149719 0.048643000423908234 0.031051000580191612
0 0.5486930012702942 0.6345459818840027 0.047628000378608704 0.060113999992609024
0 0.09798700362443924 0.5517719984054565 0.07198400050401688 0.07966499775648117
0 0.8667640089988708 0.519756019115448 0.04776399955153465 0.05808800086379051
0 0.5814880132675171 0.650288999080658 0.045118000358343124 0.05502999946475029
0 0.6814159750938416 0.9477779865264893 0.03755800053477287 0.04763700067996979
0 0.762781023979187 0.864359974861145 0.03752899914979935 0.046376001089811325
0 0.7069770097732544 0.9005460143089294 0.03770900145173073 0.046142999082803726
0 0.5119420289993286 0.6326419711112976 0.04445900022983551 0.061625998467206955
0 0.6599310040473938 0.8130890130996704 0.03488500043749809 0.044684998691082
0 0.9402179718017578 0.6127179861068726 0.04337099939584732 0.05823000147938728
0 0.5853080153465271 0.6156179904937744 0.0429919995367527 0.05425100028514862
