2 0.9147909879684448 0.5652210116386414 0.03144099935889244 0.041071001440286636
2 0.9303860068321228 0.5327230095863342 0.03161599859595299 0.03848300129175186
2 0.7335969805717468 0.9723479747772217 0.04250499978661537 0.04833399876952171
2 0.6874769926071167 0.9823930263519287 0.03855299949645996 0.03521500155329704
2 0.8714789748191833 0.023879999294877052 0.04077500104904175 0.04625599831342697
2 0.507427990436554 0.7247080206871033 0.028392000123858452 0.03645100072026253
2 0.3805679976940155 0.5244370102882385 0.023283999413251877 0.031036999076604843
2 0.5307499766349792 0.045065999031066895 0.027039000764489174 0.03648800030350685
2 0.258762001991272 0.5631610155105591 0.02436799928545952 0.031644999980926514
2 0.5176699757575989 0.074583999812603 0.02485400065779686 0.031596001237630844
2 0.5613070130348206 0.6932880282402039 0.026228999719023705 0.035238999873399734
2 0.5386599898338318 0.6848809719085693 0.024271000176668167 0.03577699884772301
2 0.9295589923858643 0.44327300786972046 0.032676998525857925 0.04104100167751312
2 0.5835769772529602 0.471576988697052 0.024090999737381935 0.030659999698400497
2 0.20852799713611603 0.4491569995880127 0.021505000069737434 0.02583100087940693
2 0.590565025806427 0.38194599747657776 0.024985000491142273 0.032016001641750336
2 0.9048519730567932 0.5032470226287842 0.02788499929010868 0.03408600017428398
2 0.05176499858498573 0.6678150296211243 0.032554998993873596 0.037310998886823654
2 0.4400930106639862 0.49306800961494446 0.023818999528884888 0.03032599948346615
2 0.8282380104064941 0.821744978427887 0.024598000571131706 0.03158299997448921
2 0.7296199798583984 0.09039299935102463 0.029324999079108238 0.03715100139379501
2 0.4602549970149994 0.5599279999732971 0.022280000150203705 0.030093999579548836
2 0.34665799140930176 0.3757140040397644 0.02056499943137169 0.024153999984264374
2 0.27305400371551514 0.5465859770774841 0.02616799995303154 0.03148400038480759
1 0.443450003862381 0.3793700039386749 0.022298000752925873 0.030811000615358353
2 0.1462080031633377 0.5611609816551208 0.026050999760627747 0.02884400077164173
2 0.1887180060148239 0.6371470093727112 0.02472499944269657 0.028175000101327896
2 0.8777160048484802 0.5145710110664368 0.02646699920296669 0.032538000494241714
2 0.0787540003657341 0.6076419949531555 0.02297299914062023 0.029802000150084496
2 0.15364199876785278 0.3177019953727722 0.021455999463796616 0.027025999501347542
2 0.21400600671768188 0.06622300297021866 0.021389000117778778 0.02491600066423416
2 0.49066901206970215 0.08315599709749222 0.02227099984884262 0.02952899970114231
2 0.6803690195083618 0.3099620044231415 0.026450999081134796 0.030108999460935593
2 0.656665027141571 0.6849740147590637 0.028939999639987946 0.03528600186109543
2 0.39746901392936707 0.10868100076913834 0.021164000034332275 0.024548999965190887
2 0.5272200107574463 0.10482200235128403 0.025483999401330948 0.031074000522494316
2 0.08722099661827087 0.5518929958343506 0.02320599928498268 0.02816000021994114
2 0.22034800052642822 0.3116750121116638 0.02280700020492077 0.027855999767780304
2 0.07907400280237198 0.6588640213012695 0.03064900077879429 0.03709999844431877
