2 0.5283139944076538 0.6802600026130676 0.04605700075626373 0.0568850003182888
2 0.6174240112304688 0.5267800092697144 0.041742000728845596 0.05626099929213524
2 0.32650500535964966 0.7405710220336914 0.029051000252366066 0.03955100104212761
2 0.8340910077095032 0.2964619994163513 0.04019699990749359 0.049917999655008316
2 0.2873319983482361 0.6914830207824707 0.03269499912858009 0.03908500075340271
2 0.8480309844017029 0.16300800442695618 0.05504100024700165 0.05712899938225746
2 0.032248999923467636 0.5084199905395508 0.03903000056743622 0.04751500114798546
1 0.581184983253479 0.517212986946106 0.04188000038266182 0.05520100146532059
2 0.8514270186424255 0.34131601452827454 0.03815999999642372 0.04783099889755249
2 0.6606280207633972 0.5265790224075317 0.03986399993300438 0.05042500048875809
2 0.5515729784965515 0.5985980033874512 0.044550999999046326 0.054037000983953476
2 0.518513023853302 0.539247989654541 0.04161199927330017 0.053738001734018326
1 0.5266579985618591 0.3697179853916168 0.05164700001478195 0.060697998851537704
2 0.8137480020523071 0.1291539967060089 0.03725900128483772 0.046528998762369156
2 0.5562570095062256 0.6559190154075623 0.03563399985432625 0.045166000723838806
2 0.3039950132369995 0.707073986530304 0.029148999601602554 0.03673499822616577
2 0.8097339868545532 0.1953269988298416 0.039507001638412476 0.05114499852061272
1 0.5435630083084106 0.4551039934158325 0.0456710010766983 0.052324000746011734
1 0.01659799925982952 0.6342759728431702 0.03223799914121628 0.04045899957418442
2 0.016769999638199806 0.6345729827880859 0.03171800076961517 0.042263999581336975
2 0.4403829872608185 0.1059579998254776 0.02537900023162365 0.03161200135946274
2 0.8147019743919373 0.2450219988822937 0.04373300075531006 0.05224800109863281
2 0.5550270080566406 0.5494880080223083 0.03443099930882454 0.04535200074315071
2 0.2985509932041168 0.7013229727745056 0.035144999623298645 0.04098900035023689
