2 0.8270739912986755 0.480991005897522 0.04245299845933914 0.053151000291109085
2 0.7973290085792542 0.45967599749565125 0.04241099953651428 0.05499200150370598
2 0.903872013092041 0.1532279998064041 0.04335600137710571 0.05239500105381012
2 0.9767119884490967 0.09857399761676788 0.04348199814558029 0.0589900016784668
2 0.8165310025215149 0.3755429983139038 0.039014000445604324 0.050769999623298645
2 0.5888969898223877 0.8354769945144653 0.03723900020122528 0.04679499939084053
2 0.31366199254989624 0.8629900217056274 0.03635299950838089 0.04381199926137924
2 0.7532730102539062 0.2801409959793091 0.04022499918937683 0.05007199943065643
2 0.7886930108070374 0.37511399388313293 0.037615999579429626 0.05150400102138519
2 0.40605199337005615 0.9733830094337463 0.04773399978876114 0.05080699920654297
