0 0.7005230188369751 0.2767780125141144 0.08991099894046783 0.11681699752807617
0 0.3023110032081604 0.5439069867134094 0.06002499908208847 0.07194799929857254
2 0.4924190044403076 0.848829984664917 0.07872500270605087 0.10084699839353561
2 0.6036220192909241 0.6808069944381714 0.07925999909639359 0.1064089983701706
0 0.5698699951171875 0.406127005815506 0.08193299919366837 0.10380200296640396
2 0.7101089954376221 0.6365140080451965 0.08330299705266953 0.10458900034427643
2 0.7058029770851135 0.49061399698257446 0.08688300102949142 0.11701399832963943
2 0.7276690006256104 0.04852699860930443 0.08637300133705139 0.09705399721860886
2 0.5404710173606873 0.8851789832115173 0.0743890032172203 0.09666799753904343
0 0.6254929900169373 0.46634000539779663 0.08437500149011612 0.11885000020265579
2 0.9012500047683716 0.1225069984793663 0.11417499929666519 0.13324899971485138
2 0.5832250118255615 0.9736790060997009 0.07909499853849411 0.05225899815559387
0 0.5146070122718811 0.5074729919433594 0.0763470008969307 0.09873100370168686
1 0.9006739854812622 0.12260600179433823 0.11218500137329102 0.13001100718975067
