1 0.20782899856567383 0.6225469708442688 0.07729999721050262 0.10375600308179855
1 0.12645000219345093 0.6266430020332336 0.0885550007224083 0.10827499628067017
0 0.5873929858207703 0.19733299314975739 0.07461400330066681 0.09922000020742416
1 0.18761900067329407 0.42818498611450195 0.08841899782419205 0.11305499821901321
1 0.12408600002527237 0.733506977558136 0.08637099713087082 0.10807199776172638
1 0.15919099748134613 0.5184739828109741 0.08373399823904037 0.09488700330257416
0 0.5325030088424683 0.3598569929599762 0.07710599899291992 0.09757799655199051
0 0.5169399976730347 0.2242099940776825 0.08476399630308151 0.10370499640703201
0 0.8498759865760803 0.2583569884300232 0.06733900308609009 0.07917600125074387
0 0.8383740186691284 0.3290939927101135 0.06269799917936325 0.07516200095415115
0 0.7437869906425476 0.35942599177360535 0.05218400061130524 0.07535900175571442
0 0.11827100068330765 0.35435301065444946 0.09803199768066406 0.09957999736070633
1 0.4453609883785248 0.7407130002975464 0.08483599871397018 0.1019349992275238
0 0.52811199426651 0.6274009943008423 0.0715320035815239 0.09747599810361862
0 0.9104009866714478 0.2755649983882904 0.06375700235366821 0.08591199666261673
0 0.7473000288009644 0.07509499788284302 0.064301997423172 0.08175600320100784
0 0.45398399233818054 0.6364049911499023 0.08055099844932556 0.09784500300884247
0 0.5661699771881104 0.2851789891719818 0.06510300189256668 0.09368699789047241
0 0.2520659863948822 0.37550199031829834 0.07701700180768967 0.10251600295305252
0 0.08913999795913696 0.44985198974609375 0.07127899676561356 0.0937419980764389
0 0.7797539830207825 0.028022000566124916 0.05712199956178665 0.05604400113224983
0 0.8125079870223999 0.06633999943733215 0.060488998889923096 0.06679999828338623
0 0.5736470222473145 0.07286600023508072 0.08209700137376785 0.09818100184202194
0 0.18565000593662262 0.42742401361465454 0.08678100258111954 0.1192300021648407
1 0.40494000911712646 0.496271014213562 0.07894100248813629 0.10733000189065933
2 0.4445750117301941 0.7442319989204407 0.08672899752855301 0.10936500132083893
0 0.15847599506378174 0.5195559859275818 0.08305399864912033 0.09477099776268005
0 0.7291020154953003 0.017496999353170395 0.06221599876880646 0.03499399870634079
