0 0.24422000348567963 0.6026110053062439 0.05614599958062172 0.07103300094604492
0 0.20623299479484558 0.523419976234436 0.049908000975847244 0.06833600252866745
0 0.30071699619293213 0.4931949973106384 0.056515999138355255 0.07636900246143341
0 0.5632380247116089 0.1495019942522049 0.06093300133943558 0.06922599673271179
0 0.5425969958305359 0.04402000084519386 0.05744500085711479 0.07104399800300598
0 0.10051000118255615 0.4163160026073456 0.052025001496076584 0.06454099714756012
0 0.13994100689888 0.382081001996994 0.04750100150704384 0.060423001646995544
0 0.2142689973115921 0.6395009756088257 0.05491799861192703 0.06889300048351288
0 0.8425909876823425 0.233023002743721 0.0557360015809536 0.06427700072526932
0 0.07457099854946136 0.4923509955406189 0.0532119981944561 0.06707199662923813
0 0.11482399702072144 0.5309240221977234 0.05481800064444542 0.06162299960851669
0 0.5996879935264587 0.3265860080718994 0.05426900088787079 0.06466499716043472
0 0.616981029510498 0.10623399913311005 0.05877099931240082 0.06618999689817429
0 0.6257860064506531 0.03013000078499317 0.05694299936294556 0.05811399966478348
0 0.15218999981880188 0.4642080068588257 0.05532599985599518 0.06681499630212784
0 0.7793790102005005 0.41385701298713684 0.05644400045275688 0.06415300071239471
0 0.7916579842567444 0.8241009712219238 0.05080699920654297 0.05216300114989281
0 0.70004802942276 0.26877400279045105 0.05090700089931488 0.05915899947285652
0 0.8866389989852905 0.3686240017414093 0.05680299922823906 0.0601469986140728
0 0.8025349974632263 0.9101999998092651 0.04503199830651283 0.05093500018119812
0 0.6682440042495728 0.6310510039329529 0.05071000009775162 0.054767001420259476
0 0.8027650117874146 0.862047016620636 0.04594400152564049 0.049070000648498535
0 0.9912530183792114 0.5711150169372559 0.017494000494480133 0.060975998640060425
0 0.009575000032782555 0.34264299273490906 0.019148999825119972 0.06869299709796906
0 0.5890529751777649 0.06768199801445007 0.056008998304605484 0.06206199899315834
0 0.9829069972038269 0.009809999726712704 0.034185998141765594 0.019619999453425407
0 0.7723960280418396 0.5046529769897461 0.0538330003619194 0.05259599909186363
0 0.020041000097990036 0.33851200342178345 0.039740998297929764 0.06961199641227722
