0 0.781470000743866 0.5680469870567322 0.0599140003323555 0.07463999837636948
1 0.43450799584388733 0.8748599886894226 0.07739000022411346 0.10159599781036377
0 0.7958419919013977 0.5079749822616577 0.060896001756191254 0.07142499834299088
0 0.5501859784126282 0.5264409780502319 0.07092200219631195 0.09078100323677063
0 0.614749014377594 0.2777630090713501 0.07365000247955322 0.09647399932146072
0 0.21212999522686005 0.6183440089225769 0.07511500269174576 0.08774399757385254
0 0.8484609723091125 0.5303159952163696 0.05732300132513046 0.07232700288295746
0 0.6918740272521973 0.5872730016708374 0.058104999363422394 0.07272499799728394
0 0.5503529906272888 0.4063299894332886 0.07450000196695328 0.09346000105142593
1 0.2493869960308075 0.534699022769928 0.08094599843025208 0.10450000315904617
0 0.24743400514125824 0.7178379893302917 0.0678739994764328 0.10351099818944931
1 0.16135400533676147 0.8108909726142883 0.08406999707221985 0.10376600176095963
0 0.16255800426006317 0.8089410066604614 0.08028899878263474 0.10733400285243988
0 0.5200340151786804 0.7779939770698547 0.062073998153209686 0.09009300172328949
0 0.178849995136261 0.711018979549408 0.07737399637699127 0.10249599814414978
2 0.4572570025920868 0.47898799180984497 0.06841100007295609 0.09874799847602844
1 0.288441002368927 0.6195549964904785 0.07409899681806564 0.09907200187444687
0 0.7523249983787537 0.279570996761322 0.05471700057387352 0.07046700268983841
0 0.7039179801940918 0.4093729853630066 0.06670799851417542 0.07739800214767456
1 0.549705982208252 0.4062440097332001 0.07545799762010574 0.09632900357246399
0 0.24906200170516968 0.5358139872550964 0.07858099788427353 0.10344800353050232
0 0.45378899574279785 0.772704005241394 0.0745529979467392 0.09952399879693985
0 0.28792399168014526 0.6197890043258667 0.07586199790239334 0.09636499732732773
1 0.24755899608135223 0.7183290123939514 0.0697610005736351 0.10240600258111954
0 0.7405310273170471 0.6073650121688843 0.053481001406908035 0.07086800038814545
