2 0.9120290279388428 0.7541710138320923 0.06872600317001343 0.08242300152778625
2 0.4292539954185486 0.4640420079231262 0.05865300074219704 0.08229999989271164
2 0.645209014415741 0.8150839805603027 0.05331699922680855 0.07235199958086014
2 0.5016769766807556 0.39468899369239807 0.05555599927902222 0.07751400023698807
2 0.9752410054206848 0.7514820098876953 0.049518998712301254 0.09986499696969986
2 0.6384649872779846 0.14980000257492065 0.06142599880695343 0.0767190009355545
2 0.3626430034637451 0.05142499879002571 0.048555999994277954 0.06374000012874603
2 0.7614049911499023 0.1194090023636818 0.05934600159525871 0.07214699685573578
2 0.32734599709510803 0.024769000709056854 0.044849999248981476 0.049538999795913696
2 0.7665889859199524 0.18697600066661835 0.06511099636554718 0.07902500033378601
2 0.5599589943885803 0.023482000455260277 0.053275998681783676 0.046964000910520554
2 0.7449880242347717 0.23975500464439392 0.0497019998729229 0.06300999969244003
