2 0.6022109985351562 0.8110250234603882 0.05348199978470802 0.07441399991512299
2 0.8614050149917603 0.7369120121002197 0.06839700043201447 0.08617900311946869
2 0.9362519979476929 0.732250988483429 0.07415899634361267 0.10051299631595612
2 0.44062599539756775 0.3950830101966858 0.05703999847173691 0.07704199850559235
2 0.3727479875087738 0.46855399012565613 0.06032099947333336 0.08152399957180023
2 0.967752993106842 0.2328770011663437 0.06301199644804001 0.08967400342226028
2 0.30948400497436523 0.056432999670505524 0.04966900125145912 0.0633770003914833
2 0.5748069882392883 0.14002299308776855 0.05619100108742714 0.07056999951601028
2 0.698527991771698 0.10497500002384186 0.05710599943995476 0.07045900076627731
2 0.7054659724235535 0.16827499866485596 0.06494800001382828 0.07563000172376633
2 0.2734430134296417 0.028774000704288483 0.04467900097370148 0.05754899978637695
2 0.509194016456604 0.021284999325871468 0.06026399880647659 0.04256900027394295
1 0.7824029922485352 0.4824349880218506 0.030261000618338585 0.049251001328229904
2 0.6844980120658875 0.22719399631023407 0.053137000650167465 0.06305500119924545
2 0.6115090250968933 0.14353199303150177 0.03894999995827675 0.06583400070667267
2 0.9039679765701294 0.5007359981536865 0.04012100026011467 0.06207700073719025
2 0.6506069898605347 0.15626099705696106 0.04651299864053726 0.06647299975156784
2 0.9915170073509216 0.18850000202655792 0.01696700043976307 0.061145998537540436
