2 0.9633949995040894 0.8624460101127625 0.07276900112628937 0.09775900095701218
2 0.8916329741477966 0.8643569946289062 0.0677189975976944 0.08395399898290634
2 0.42133501172065735 0.5831850171089172 0.05607200041413307 0.08122900128364563
2 0.6349700093269348 0.9236389994621277 0.05108800157904625 0.07338099926710129
2 0.48983699083328247 0.5183240175247192 0.05418799817562103 0.07570300251245499
2 0.62636399269104 0.2753390073776245 0.0643329992890358 0.07973399758338928
2 0.7473170161247253 0.30637800693511963 0.06316199898719788 0.0751190036535263
2 0.357479989528656 0.17283399403095245 0.048183999955654144 0.06140900030732155
2 0.5500839948654175 0.13057400286197662 0.04871299862861633 0.06260400265455246
2 0.3224959969520569 0.14101900160312653 0.04292900115251541 0.05842899903655052
2 0.7403460144996643 0.24258500337600708 0.0561240017414093 0.0642080008983612
2 0.9855359792709351 0.37692201137542725 0.028927000239491463 0.08933199942111969
2 0.9350600242614746 0.6321309804916382 0.039413001388311386 0.057420000433921814
2 0.33836299180984497 0.0845080018043518 0.039806999266147614 0.056320998817682266
2 0.18850800395011902 0.042222000658512115 0.04361499845981598 0.058056000620126724
2 0.9367709755897522 0.839214026927948 0.03888000175356865 0.06974299997091293
2 0.6386539936065674 0.27727699279785156 0.0690310001373291 0.08097799867391586
2 0.36456599831581116 0.044071998447179794 0.0447550006210804 0.055100999772548676
