0 0.7097700238227844 0.4944919943809509 0.05878400057554245 0.0704369992017746
0 0.8005560040473938 0.47748899459838867 0.06297499686479568 0.07655800133943558
0 0.7800970077514648 0.1847500056028366 0.05831500142812729 0.07174000144004822
1 0.2835550010204315 0.4197010099887848 0.07160600274801254 0.10460799932479858
1 0.46021899580955505 0.767104983329773 0.08499900251626968 0.10195700079202652
0 0.6562899947166443 0.1696850061416626 0.07304000109434128 0.0945580005645752
0 0.5899410247802734 0.29867199063301086 0.07813599705696106 0.09561099857091904
0 0.4630970060825348 0.315775990486145 0.06394799798727036 0.08978299796581268
1 0.3219029903411865 0.5033609867095947 0.07033199816942215 0.09270399808883667
0 0.19239799678325653 0.6899629831314087 0.08708599954843521 0.1042810007929802
1 0.48113301396369934 0.6663659811019897 0.08124499768018723 0.09341699630022049
0 0.21166400611400604 0.5914000272750854 0.08080500364303589 0.10196799784898758
0 0.5869079828262329 0.41819798946380615 0.07333000004291534 0.09051799774169922
0 0.869845986366272 0.4428749978542328 0.05609999969601631 0.07324899733066559
0 0.7307509779930115 0.32222500443458557 0.061236001551151276 0.08084899932146072
0 0.27954599261283875 0.6007760167121887 0.06962200254201889 0.09663999825716019
0 0.24687600135803223 0.4984700083732605 0.07429300248622894 0.0873349979519844
1 0.5896400213241577 0.2989040017127991 0.07795699685811996 0.0963980033993721
0 0.7595909833908081 0.5136690139770508 0.05595099925994873 0.06921199709177017
1 0.18928100168704987 0.4302780032157898 0.06932999938726425 0.08902700245380402
1 0.3414379954338074 0.3840560019016266 0.0669030025601387 0.09205099940299988
1 0.5866760015487671 0.4182870090007782 0.07412999868392944 0.0912339985370636
1 0.4586699903011322 0.5194829702377319 0.06933599710464478 0.09940899908542633
