2 0.03998799994587898 0.34878501296043396 0.049330998212099075 0.06782600283622742
2 0.3550260066986084 0.2341039925813675 0.0521400012075901 0.0632999986410141
2 0.3750329911708832 0.2831290066242218 0.04539399966597557 0.061170000582933426
2 0.8707550168037415 0.64130699634552 0.03609900176525116 0.047210998833179474
2 0.628603994846344 0.031199999153614044 0.029980000108480453 0.03828800097107887
2 0.8469870090484619 0.5999289751052856 0.03889700025320053 0.04839299991726875
2 0.6388310194015503 0.8491690158843994 0.03840000182390213 0.05319700017571449
2 0.5625759959220886 0.7769349813461304 0.04328799992799759 0.054586999118328094
2 0.8592219948768616 0.4682129919528961 0.043894000351428986 0.05706600099802017
2 0.36852800846099854 0.9368559718132019 0.02911899983882904 0.03841099888086319
2 0.5390049815177917 0.8671000003814697 0.04456799849867821 0.054992999881505966
2 0.011386999860405922 0.33054301142692566 0.02131499908864498 0.07541300356388092
1 0.5997710227966309 0.8399199843406677 0.03921400010585785 0.05421299859881401
2 0.09955699741840363 0.7879279851913452 0.03687199950218201 0.044700998812913895
2 0.4143820106983185 0.9746230244636536 0.02875800058245659 0.03832300007343292
2 0.8214960098266602 0.42857301235198975 0.0362589992582798 0.04664500057697296
2 0.3876579999923706 0.9490230083465576 0.029386000707745552 0.03755300119519234
2 0.8258110284805298 0.5498149991035461 0.04151900112628937 0.052246998995542526
1 0.5422040224075317 0.6904510259628296 0.05248900130391121 0.057291001081466675
2 0.5355169773101807 0.7612929940223694 0.030703000724315643 0.04971199855208397
2 0.8173239827156067 0.5011460185050964 0.03946299850940704 0.05073399841785431
2 0.5378689765930176 0.8227720260620117 0.0374159999191761 0.044300999492406845
2 0.5569810271263123 0.9896330237388611 0.04532400146126747 0.0207349993288517
2 0.8847200274467468 0.579177975654602 0.0367950014770031 0.04676099866628647
2 0.6836559772491455 0.8357679843902588 0.03681199997663498 0.04881700128316879
2 0.5751420259475708 0.924252986907959 0.042319998145103455 0.0521479994058609
2 0.5847529768943787 0.9692209959030151 0.03564799949526787 0.04160600155591965
2 0.6708379983901978 0.03099299967288971 0.028853999450802803 0.037776000797748566
2 0.550711989402771 0.2357500046491623 0.023022999987006187 0.026388000696897507
2 0.6465200185775757 0.1502709984779358 0.029248999431729317 0.03413200005888939
2 0.7720850110054016 0.02237899973988533 0.02540699951350689 0.029256999492645264
1 0.09813299775123596 0.9169399738311768 0.03567900136113167 0.039935000240802765
2 0.09752699732780457 0.9167910218238831 0.0348300002515316 0.03892999887466431
2 0.5758039951324463 0.8752430081367493 0.03338899835944176 0.043928999453783035
2 0.6617079973220825 0.00827999971807003 0.03077399916946888 0.016560999676585197
