0 0.628167986869812 0.3611760139465332 0.04639500007033348 0.05845800042152405
0 0.5465360283851624 0.4302380084991455 0.04996899887919426 0.06268499791622162
0 0.587922990322113 0.27636998891830444 0.051493000239133835 0.06450799852609634
0 0.5428789854049683 0.27852100133895874 0.05256599932909012 0.06909699738025665
0 0.1997780054807663 0.7445740103721619 0.12716199457645416 0.14166900515556335
0 0.7595880031585693 0.1667259931564331 0.0523109994828701 0.06311599910259247
0 0.5809890031814575 0.80588698387146 0.0927020013332367 0.11597900092601776
0 0.8662850260734558 0.012454000301659107 0.06435800343751907 0.024907000362873077
0 0.20114000141620636 0.7724300026893616 0.12242399901151657 0.18817199766635895
0 0.02352900058031082 0.8473939895629883 0.04705800116062164 0.17956000566482544
