0 0.3758249878883362 0.3938489854335785 0.08421999961137772 0.1090489998459816
0 0.2849560081958771 0.31438300013542175 0.07552900165319443 0.09204299747943878
0 0.4426630139350891 0.41037601232528687 0.07499600201845169 0.09632500261068344
0 0.37227100133895874 0.3112559914588928 0.08215399831533432 0.1025800034403801
0 0.42721399664878845 0.6427909731864929 0.0790729969739914 0.11700999736785889
0 0.5026389956474304 0.5451229810714722 0.07270000129938126 0.09728000313043594
0 0.5110729932785034 0.6113669872283936 0.06848300248384476 0.08441100269556046
0 0.2635039985179901 0.24114400148391724 0.07510700076818466 0.08769399672746658
0 0.38575100898742676 0.7042509913444519 0.07001800090074539 0.0855180025100708
0 0.3342060148715973 0.46095800399780273 0.06991899758577347 0.08948499709367752
0 0.4168910086154938 0.16215300559997559 0.07599300146102905 0.09916400164365768
0 0.47534701228141785 0.2964940071105957 0.0650710016489029 0.07966700196266174
0 0.40038400888442993 0.27782899141311646 0.0869629979133606 0.1173039972782135
1 0.938916027545929 0.05666299909353256 0.12216799706220627 0.11332499980926514
0 0.2849009931087494 0.5002779960632324 0.06319200247526169 0.08795499801635742
0 0.5315250158309937 0.41700199246406555 0.05959499999880791 0.0832199975848198
0 0.6545119881629944 0.6538879871368408 0.05733099952340126 0.09781300276517868
0 0.40880098938941956 0.5110440254211426 0.06418400257825851 0.10936500132083893
0 0.6552850008010864 0.6683880090713501 0.05807900056242943 0.13675299286842346
