0 0.3613640069961548 0.42524099349975586 0.04964900016784668 0.06322000175714493
0 0.2748120129108429 0.5451470017433167 0.049883000552654266 0.06313999742269516
0 0.3607749938964844 0.5094010233879089 0.04818100109696388 0.05885399878025055
0 0.019298000261187553 0.04025999829173088 0.038596998900175095 0.045837000012397766
0 0.4449230134487152 0.44971799850463867 0.05162400007247925 0.06847099959850311
0 0.46883198618888855 0.3473080098628998 0.048590000718832016 0.06165299937129021
0 0.04304699972271919 0.9198769927024841 0.04493499919772148 0.05473100021481514
0 0.39332300424575806 0.3095549941062927 0.051874998956918716 0.05404600128531456
0 0.2624399960041046 0.04233900085091591 0.03827099874615669 0.04357900097966194
0 0.3862749934196472 0.4499329924583435 0.056954000145196915 0.06598299741744995
0 0.3251729905605316 0.09262499958276749 0.03590000048279762 0.04285699874162674
