0 0.10039699822664261 0.12731699645519257 0.04095600172877312 0.054513998329639435
0 0.04157400131225586 0.08608099818229675 0.041499000042676926 0.05077200010418892
0 0.10171999782323837 0.9083439707756042 0.03828100115060806 0.045134998857975006
0 0.8423429727554321 0.4227139949798584 0.04360099881887436 0.05347000062465668
0 0.8653140068054199 0.1148890033364296 0.03445899859070778 0.04374000057578087
0 0.9635760188102722 0.19285699725151062 0.03466400131583214 0.04282800108194351
0 0.015692999586462975 0.16781899333000183 0.03138500079512596 0.05752599984407425
0 0.27282100915908813 0.24711400270462036 0.04503900185227394 0.05378599837422371
0 0.29206401109695435 0.3067219853401184 0.04382000118494034 0.05345499888062477
0 0.2484699934720993 0.36866798996925354 0.04292000085115433 0.05316599830985069
0 0.03532300144433975 0.15065999329090118 0.03766600042581558 0.04956899955868721
0 0.018300000578165054 0.5055620074272156 0.03659899905323982 0.05844099819660187
0 0.7556269764900208 0.6554219722747803 0.036997001618146896 0.04983700066804886
1 0.12389100342988968 0.5124620199203491 0.049469999969005585 0.0573589988052845
0 0.555732011795044 0.540241003036499 0.04225499927997589 0.052962999790906906
0 0.7372869849205017 0.8151879906654358 0.03836800158023834 0.04816799983382225
0 0.8192260265350342 0.6296849846839905 0.040098998695611954 0.047607000917196274
0 0.2681410014629364 0.23094600439071655 0.04809999838471413 0.06692299991846085
2 0.5455340147018433 0.6102160215377808 0.044231999665498734 0.054586999118328094
0 0.7005400061607361 0.5669559836387634 0.036014001816511154 0.04684299975633621
0 0.027907000854611397 0.15586499869823456 0.04436499997973442 0.05565899983048439
0 0.43202900886535645 0.5491819977760315 0.040036000311374664 0.0479619987308979
0 0.8448989987373352 0.12914399802684784 0.02637300081551075 0.04243199899792671
0 0.41151300072669983 0.47805699706077576 0.04442699998617172 0.05414900183677673
0 0.9782270193099976 0.7911660075187683 0.03299900144338608 0.03869999945163727
1 0.3975889980792999 0.4181559979915619 0.045577000826597214 0.051819998770952225
0 0.45332100987434387 0.5971770286560059 0.03898100182414055 0.04839500039815903
1 0.5801720023155212 0.6708580255508423 0.042440999299287796 0.05053500086069107
