1 0.23603199422359467 0.27055901288986206 0.05313299968838692 0.07141800224781036
1 0.25915101170539856 0.33586400747299194 0.05687300115823746 0.0749180018901825
1 0.6041600108146667 0.84067302942276 0.06439899653196335 0.07824400067329407
1 0.04069500043988228 0.26078900694847107 0.06458800286054611 0.08968999981880188
1 0.6033589839935303 0.768867015838623 0.06458400189876556 0.07744500041007996
1 0.56107497215271 0.8113309741020203 0.062157001346349716 0.09351000189781189
1 0.9738320112228394 0.15399399399757385 0.050425998866558075 0.06881199777126312
1 0.23722699284553528 0.2295379936695099 0.05900299921631813 0.07533299922943115
1 0.38066399097442627 0.7299879789352417 0.05948900058865547 0.07788900285959244
1 0.797685980796814 0.12467599660158157 0.045809000730514526 0.06123900040984154
1 0.7923250198364258 0.17594200372695923 0.04770300164818764 0.06031699851155281
1 0.33146700263023376 0.6911550164222717 0.047843001782894135 0.08116699755191803
1 0.754967987537384 0.13778699934482574 0.03995500132441521 0.06230799853801727
1 0.8252909779548645 0.11838799715042114 0.04085199907422066 0.059574998915195465
1 0.018904000520706177 0.2953900098800659 0.03780699893832207 0.07088399678468704
