1 0.5903850197792053 0.8414070010185242 0.06434699892997742 0.07973100244998932
1 0.5887789726257324 0.7694079875946045 0.0628959983587265 0.07787399739027023
1 0.22574900090694427 0.2317339926958084 0.0603489987552166 0.07694300264120102
1 0.5472750067710876 0.8116580247879028 0.06177299842238426 0.09366799890995026
1 0.2477719932794571 0.33801698684692383 0.05818000063300133 0.07596699893474579
1 0.22522200644016266 0.27180999517440796 0.05198900029063225 0.071601003408432
1 0.7860609889030457 0.1755640059709549 0.04534799978137016 0.06325100362300873
1 0.9704470038414001 0.1516609936952591 0.048923999071121216 0.06811200082302094
1 0.370261013507843 0.7314789891242981 0.060339998453855515 0.08192600309848785
1 0.03142299875617027 0.26510798931121826 0.061000000685453415 0.08780500292778015
1 0.3185400068759918 0.6909390091896057 0.05309699848294258 0.08530499786138535
1 0.7487660050392151 0.13612000644207 0.040387000888586044 0.05964399874210358
1 0.7897740006446838 0.12284699827432632 0.044096000492572784 0.06484600156545639
1 0.8177430033683777 0.1156420037150383 0.04219600185751915 0.06033800169825554
1 0.014162999577820301 0.29175201058387756 0.026134999468922615 0.08400599658489227
