2 0.5889829993247986 0.8915179967880249 0.09781699627637863 0.1170239970088005
0 0.47306299209594727 0.04694199934601784 0.0850130021572113 0.09388300031423569
2 0.3988189995288849 0.7476149797439575 0.0709490031003952 0.09619999676942825
1 0.9037960171699524 0.553613007068634 0.08754099905490875 0.10734400153160095
2 0.4095050096511841 0.4581019878387451 0.07505100220441818 0.10016299784183502
2 0.48708099126815796 0.3603709936141968 0.0728600025177002 0.10155999660491943
2 0.41058099269866943 0.22035999596118927 0.07784000039100647 0.10067299753427505
2 0.9771270155906677 0.402538001537323 0.04574599862098694 0.07330399751663208
0 0.16213500499725342 0.43633800745010376 0.054666001349687576 0.06410600244998932
0 0.48055499792099 0.23275500535964966 0.07917699962854385 0.10520599782466888
0 0.0884540006518364 0.9877880215644836 0.05457400158047676 0.024424999952316284
2 0.3272800147533417 0.7649180293083191 0.06874900311231613 0.08990000188350677
2 0.35453400015830994 0.6374120116233826 0.07118900120258331 0.09555599838495255
2 0.6138529777526855 0.7899900078773499 0.07570499926805496 0.1046300008893013
0 0.3694930076599121 0.20313799381256104 0.05992899835109711 0.08642099797725677
