0 0.8982279896736145 0.629830002784729 0.05172000080347061 0.06182499974966049
0 0.9286209940910339 0.8378829956054688 0.05761700123548508 0.06903199851512909
0 0.941690981388092 0.46694499254226685 0.0640769973397255 0.07644999772310257
0 0.9502819776535034 0.3997739851474762 0.06273899972438812 0.07037000358104706
0 0.9052590131759644 0.6859840154647827 0.05669400095939636 0.06959900259971619
0 0.4954499900341034 0.3882080018520355 0.06949999928474426 0.08817599713802338
0 0.7296199798583984 0.05902700126171112 0.06008100137114525 0.07427699863910675
0 0.12055400013923645 0.6642209887504578 0.04556199908256531 0.057461999356746674
0 0.42792901396751404 0.3509509861469269 0.06523700058460236 0.0859299972653389
0 0.9527570009231567 0.6176630258560181 0.05633300170302391 0.06747700273990631
0 0.947143018245697 0.6956750154495239 0.047901999205350876 0.0682160034775734
0 0.48100200295448303 0.24784600734710693 0.06518600136041641 0.07298000156879425
0 0.8445950150489807 0.48522400856018066 0.05292399972677231 0.06585799902677536
0 0.43284401297569275 0.5296499729156494 0.061087001115083694 0.07318700104951859
0 0.8252040147781372 0.44699200987815857 0.05515899881720543 0.0676560029387474
0 0.2939009964466095 0.645147979259491 0.06102199852466583 0.07075999677181244
0 0.5635579824447632 0.3205609917640686 0.06466399878263474 0.07710099965333939
0 0.4150640070438385 0.265502005815506 0.06308799982070923 0.07642100006341934
0 0.1470939964056015 0.14803899824619293 0.04503300040960312 0.05291600152850151
0 0.30153098702430725 0.7046549916267395 0.06636200100183487 0.08113700151443481
0 0.35390201210975647 0.10820800065994263 0.060798000544309616 0.0634939968585968
0 0.790736973285675 0.02505899965763092 0.061448000371456146 0.049192000180482864
0 0.8402360081672668 0.020047999918460846 0.05307300016283989 0.040095001459121704
0 0.9848150014877319 0.47170400619506836 0.028989000245928764 0.07644300162792206
0 0.8342810273170471 0.7937949895858765 0.04258500039577484 0.05874300003051758
0 0.34582000970840454 0.6724759936332703 0.05250899866223335 0.07019399851560593
0 0.3722369968891144 0.5930920243263245 0.06195700168609619 0.0726969987154007
0 0.48054200410842896 0.319225013256073 0.05816600099205971 0.06999000161886215
0 0.7097240090370178 0.14996899664402008 0.05451599881052971 0.06591299921274185
0 0.29733899235725403 0.9317950010299683 0.1555970013141632 0.13640999794006348
0 0.7021430134773254 0.19563500583171844 0.056699998676776886 0.0587799996137619
0 0.4977850019931793 0.4783329963684082 0.052604999393224716 0.06142900139093399
