0 0.5526419878005981 0.6259610056877136 0.039342001080513 0.05035800114274025
0 0.48599401116371155 0.6679440140724182 0.03731200098991394 0.047793999314308167
0 0.2317650020122528 0.18920400738716125 0.04267700016498566 0.052476998418569565
0 0.824774980545044 0.7093700170516968 0.038568999618291855 0.04947400093078613
0 0.8323469758033752 0.9555519819259644 0.039007000625133514 0.05345600098371506
0 0.022394999861717224 0.08938799798488617 0.03275400027632713 0.04063599929213524
0 0.49498099088668823 0.7280809879302979 0.0385419987142086 0.04773399978876114
0 0.8697419762611389 0.6874110102653503 0.037960998713970184 0.04809299856424332
0 0.1898770034313202 0.3971650004386902 0.03839600086212158 0.04637699946761131
0 0.4657750129699707 0.6970300078392029 0.0348300002515316 0.047832001000642776
0 0.8035929799079895 0.9267309904098511 0.03731200098991394 0.05230500176548958
0 0.7972990274429321 0.662431001663208 0.04262800142168999 0.05159199982881546
0 0.2003760039806366 0.3279559910297394 0.03847400099039078 0.04723900184035301
0 0.6098020076751709 0.7421119809150696 0.04430000111460686 0.056575000286102295
0 0.18680499494075775 0.5234860181808472 0.038051001727581024 0.04957199841737747
0 0.5376160144805908 0.7044910192489624 0.04046899825334549 0.051297999918460846
0 0.9048240184783936 0.7841960191726685 0.03763600066304207 0.049469999969005585
0 0.3779520094394684 0.17466099560260773 0.03615599870681763 0.04801600053906441
0 0.13817599415779114 0.4756369888782501 0.03783499822020531 0.05112199857831001
0 0.024063000455498695 0.1706800013780594 0.030887000262737274 0.038906000554561615
0 0.2015029937028885 0.4367850124835968 0.037174999713897705 0.04227299988269806
0 0.35159599781036377 0.14112700521945953 0.03819400072097778 0.04776199907064438
0 0.24732999503612518 0.9086570143699646 0.03657500073313713 0.044022999703884125
0 0.10655699670314789 0.22661800682544708 0.03884600102901459 0.04542199894785881
0 0.0416020005941391 0.3138889968395233 0.04171400144696236 0.05321599915623665
0 0.36522701382637024 0.09812600165605545 0.03860900178551674 0.04589200019836426
0 0.9850540161132812 0.7873960137367249 0.029891999438405037 0.047290001064538956
0 0.21420599520206451 0.719124972820282 0.03771299868822098 0.04604699835181236
0 0.37343600392341614 0.303057998418808 0.03640199825167656 0.04775900021195412
0 0.3016529977321625 0.6800140142440796 0.030484000220894814 0.041381001472473145
0 0.12134499847888947 0.4620620012283325 0.03614100068807602 0.04854299873113632
0 0.35956600308418274 0.20599299669265747 0.03933100029826164 0.04938000068068504
0 0.04152899980545044 0.21400600671768188 0.03245500102639198 0.03784099966287613
0 0.0826530009508133 0.31178200244903564 0.03736500069499016 0.04508600011467934
0 0.45618200302124023 0.5085700154304504 0.036570001393556595 0.04628799855709076
0 0.12018200010061264 0.544031023979187 0.03823399916291237 0.04955599829554558
0 0.27987098693847656 0.683463990688324 0.02774300053715706 0.04135800153017044
0 0.21002300083637238 0.975937008857727 0.03454999998211861 0.042725998908281326
0 0.30768099427223206 0.4113669991493225 0.03534499928355217 0.0454460009932518
0 0.4908599853515625 0.3158780038356781 0.03357600048184395 0.040810998529195786
0 0.20779700577259064 0.3714520037174225 0.04088100045919418 0.044461000710725784
0 0.5732979774475098 0.673454999923706 0.041039999574422836 0.04942400008440018
0 0.5354520082473755 0.8364390134811401 0.04147600010037422 0.05402899906039238
0 0.4870690107345581 0.4239310026168823 0.03385699912905693 0.04607800021767616
0 0.15348699688911438 0.5381039977073669 0.036823999136686325 0.04990300163626671
0 0.4576660096645355 0.3781690001487732 0.039507001638412476 0.04997299984097481
0 0.6646149754524231 0.6513040065765381 0.04423400014638901 0.051288001239299774
0 0.8283860087394714 0.9480429887771606 0.04063199833035469 0.0594400018453598
0 0.18069599568843842 0.9886720180511475 0.03657900169491768 0.022655999287962914
0 0.8332780003547668 0.1766500025987625 0.038472000509500504 0.04633599892258644
0 0.8648660182952881 0.017336999997496605 0.030027000233530998 0.03331800177693367
0 0.024821000173687935 0.23273399472236633 0.02918899990618229 0.04013099893927574
0 0.008256999775767326 0.19031499326229095 0.015951000154018402 0.045343998819589615
0 0.5744730234146118 0.41571998596191406 0.03884100168943405 0.047091998159885406
0 0.7632420063018799 0.8786090016365051 0.03566800057888031 0.05132700130343437
0 0.27485400438308716 0.8741520047187805 0.03220999985933304 0.04063799977302551
