2 0.417479008436203 0.46995800733566284 0.06359899789094925 0.08663000166416168
2 0.42896100878715515 0.7475100159645081 0.05100800096988678 0.07094600051641464
2 0.5358039736747742 0.2688789963722229 0.054691001772880554 0.07032400369644165
2 0.5011000037193298 0.4235740005970001 0.048799000680446625 0.07015500217676163
2 0.5605909824371338 0.5233100056648254 0.0485990010201931 0.06479500234127045
2 0.6398969888687134 0.4481559991836548 0.042211998254060745 0.058952998369932175
2 0.5840790271759033 0.3179570138454437 0.05074400082230568 0.0675870031118393
2 0.6096230149269104 0.5016769766807556 0.04881099984049797 0.0645579993724823
2 0.5989310145378113 0.43767601251602173 0.047224998474121094 0.06494099646806717
2 0.5351219773292542 0.6532300114631653 0.04305399954319 0.052452001720666885
2 0.2591420114040375 0.9695339798927307 0.050930000841617584 0.06093300133943558
2 0.4483500123023987 0.2296299934387207 0.04367600008845329 0.06434699892997742
2 0.38420000672340393 0.1139340028166771 0.048643000423908234 0.05949300155043602
2 0.7417179942131042 0.7488769888877869 0.04381899908185005 0.05645599961280823
2 0.6830520033836365 0.6838170289993286 0.044422000646591187 0.05764999985694885
2 0.9800170063972473 0.914713978767395 0.03332199901342392 0.040775999426841736
1 0.3012160062789917 0.03242399916052818 0.05244499817490578 0.06484699994325638
2 0.7879869937896729 0.7519450187683105 0.04558499902486801 0.05389200150966644
2 0.36687201261520386 0.7211560010910034 0.0548430010676384 0.0838169977068901
2 0.44607898592948914 0.05708400160074234 0.04957300052046776 0.060472000390291214
2 0.2717449963092804 0.3782329857349396 0.04735099896788597 0.05801299959421158
2 0.9160299897193909 0.6788020133972168 0.04307800158858299 0.05261300131678581
2 0.33604300022125244 0.7617170214653015 0.05993099883198738 0.07128500193357468
2 0.6269739866256714 0.3907650113105774 0.048110999166965485 0.06124600023031235
2 0.3732280135154724 0.7283549904823303 0.05227399989962578 0.0810530036687851
2 0.479218989610672 0.3306410014629364 0.04083999991416931 0.057590000331401825
2 0.4141939878463745 0.22551900148391724 0.046177998185157776 0.05550599843263626
2 0.39374300837516785 0.1731410026550293 0.05626799911260605 0.05937600135803223
2 0.32084399461746216 0.13176199793815613 0.05001100152730942 0.06029500067234039
1 0.37083700299263 0.07361499965190887 0.0459120012819767 0.06214199960231781
2 0.7726709842681885 0.791363000869751 0.044801000505685806 0.04651600122451782
2 0.2826490104198456 0.20925499498844147 0.049587998539209366 0.06528499722480774
1 0.07137700170278549 0.9586150050163269 0.04941999912261963 0.0695049986243248
2 0.14998100697994232 0.4245370030403137 0.05942400172352791 0.08403000235557556
2 0.40861499309539795 0.16967499256134033 0.05589200183749199 0.059530001133680344
2 0.5803300142288208 0.3942590057849884 0.04288500174880028 0.05078100040555
2 0.9701910018920898 0.022127000615000725 0.03542900085449219 0.042621999979019165
2 0.23317599296569824 0.18964600563049316 0.047665998339653015 0.061854999512434006
2 0.37072500586509705 0.07278700172901154 0.046424999833106995 0.06138499826192856
2 0.6594409942626953 0.6654199957847595 0.043786000460386276 0.05130400136113167
2 0.9571670293807983 0.8505759835243225 0.047901999205350876 0.06645199656486511
2 0.619907021522522 0.5488539934158325 0.0406309999525547 0.05774400010704994
