2 0.7392560243606567 0.8720830082893372 0.05306300148367882 0.07214599847793579
2 0.517877995967865 0.5405420064926147 0.056035999208688736 0.0743580013513565
2 0.5822550058364868 0.472463995218277 0.05353499948978424 0.07249200344085693
2 0.9778439998626709 0.7904859781265259 0.0440559983253479 0.07213599979877472
2 0.45489999651908875 0.15831799805164337 0.048218999058008194 0.05720699951052666
2 0.42008599638938904 0.13020500540733337 0.04222699999809265 0.05709199979901314
2 0.6435629725456238 0.10988900065422058 0.05007600039243698 0.06256800144910812
2 0.826541006565094 0.1928420066833496 0.05855200067162514 0.0655359998345375
2 0.8350099921226501 0.25674301385879517 0.06826400011777878 0.0730070024728775
2 0.7085070013999939 0.23070299625396729 0.058816999197006226 0.06607399880886078
2 0.28472900390625 0.03581799939274788 0.039740998297929764 0.0542990006506443
2 0.43424999713897705 0.0737610012292862 0.03905399888753891 0.05176199972629547
2 0.8136789798736572 0.31035101413726807 0.05195000022649765 0.060249000787734985
2 0.7307329773902893 0.22920900583267212 0.0563259981572628 0.06908000260591507
2 0.743815004825592 0.23209699988365173 0.037213001400232315 0.06689900159835815
2 0.45685601234436035 0.03551200032234192 0.0422229990363121 0.05268799886107445
