0 0.45298099517822266 0.7804719805717468 0.031922999769449234 0.040178000926971436
0 0.5094709992408752 0.8315169811248779 0.03248799964785576 0.042447999119758606
0 0.47780099511146545 0.8904989957809448 0.03324899822473526 0.04191400110721588
0 0.46573200821876526 0.8374720215797424 0.030597999691963196 0.04196200147271156
0 0.8725069761276245 0.8221679925918579 0.09675200283527374 0.12073100358247757
0 0.042319998145103455 0.6821079850196838 0.08350300043821335 0.10358099639415741
0 0.49029600620269775 0.8524510264396667 0.029759999364614487 0.038107000291347504
0 0.9718300104141235 0.9640510082244873 0.056053999811410904 0.07189799845218658
0 0.18194399774074554 0.8308290243148804 0.07043100148439407 0.09031400084495544
0 0.012209000065922737 0.6090520024299622 0.024416999891400337 0.10219500213861465
0 0.43875399231910706 0.9925619959831238 0.03854399919509888 0.01487599965184927
0 0.004794000182300806 0.41217198967933655 0.009588999673724174 0.0849979966878891
0 0.9455090165138245 0.5324640274047852 0.06454899907112122 0.08320499956607819
0 0.0463859997689724 0.6236039996147156 0.06803900003433228 0.08795800060033798
