0 0.3409700095653534 0.6886029839515686 0.06140600144863129 0.07753100246191025
0 0.15785899758338928 0.19451799988746643 0.048142001032829285 0.056373998522758484
0 0.8056349754333496 0.45899999141693115 0.06336899846792221 0.07455500215291977
0 0.5037630200386047 0.36710500717163086 0.06924200057983398 0.08802500367164612
0 0.8960469961166382 0.9727519750595093 0.058788001537323 0.05449699983000755
0 0.22578999400138855 0.1594969928264618 0.051816001534461975 0.06055299937725067
0 0.8371919989585876 0.3988580107688904 0.07027100026607513 0.0852150022983551
0 0.4376310110092163 0.42056599259376526 0.06396099925041199 0.08099699765443802
0 0.5174040198326111 0.5192660093307495 0.07130499929189682 0.08978799730539322
0 0.8993600010871887 0.8098430037498474 0.06355500221252441 0.08040100336074829
0 0.6397960186004639 0.5355240106582642 0.06764400005340576 0.08296900242567062
0 0.4431209862232208 0.3391070067882538 0.06594199687242508 0.08004599809646606
0 0.32410699129104614 0.23335899412631989 0.056919001042842865 0.0660339966416359
0 0.8956289887428284 0.475926011800766 0.07072900235652924 0.08300100266933441
0 0.5374050140380859 0.42296600341796875 0.07111500203609467 0.08946000039577484
0 0.6100860238075256 0.758620023727417 0.07029999792575836 0.08256199955940247
0 0.6521040201187134 0.7233369946479797 0.07202000170946121 0.08534300327301025
0 0.3952710032463074 0.34080299735069275 0.0653659999370575 0.08136600255966187
0 0.559440016746521 0.3732610046863556 0.06836900115013123 0.08293800055980682
0 0.0698930025100708 0.1811250001192093 0.04170000180602074 0.05085400119423866
0 0.5165929794311523 0.7387809753417969 0.06038900092244148 0.07184600085020065
0 0.6339899897575378 0.488523006439209 0.06943699717521667 0.08489300310611725
0 0.4735470116138458 0.5390049815177917 0.055723000317811966 0.07265400141477585
0 0.928417980670929 0.893248975276947 0.05203999951481819 0.07499899715185165
0 0.9744489789009094 0.9096930027008057 0.05110099911689758 0.06540100276470184
0 0.8528990149497986 0.9723600149154663 0.05253300070762634 0.05527900159358978
0 0.9854210019111633 0.8236169815063477 0.02803800068795681 0.07209700345993042
0 0.16729499399662018 0.839693009853363 0.0543689988553524 0.06418800354003906
0 0.45165500044822693 0.5117400288581848 0.06588999927043915 0.08828099817037582
0 0.7500039935112 0.9577239751815796 0.05755800008773804 0.06587299704551697
0 0.8868200182914734 0.5354800224304199 0.06835699826478958 0.071602001786232
0 0.6116899847984314 0.7189980149269104 0.06422600150108337 0.08477599918842316
0 0.9806089997291565 0.8179569840431213 0.035468000918626785 0.06882400065660477
