2 0.932320 0.584814 0.135359 0.170837
2 0.409418 0.442438 0.131565 0.170027
1 0.290157 0.443901 0.117373 0.146727
2 0.817805 0.513058 0.127582 0.163391
2 0.816411 0.354135 0.118712 0.150583
1 0.148827 0.507065 0.122139 0.151143
1 0.960869 0.218607 0.077324 0.155004
1 0.885246 0.271624 0.115940 0.139520
1 0.935980 0.580006 0.128039 0.171466
1 0.323801 0.288345 0.125159 0.141251
2 0.719238 0.442872 0.121624 0.122840
1 0.798634 0.174918 0.113502 0.142971
2 0.926500 0.418219 0.130996 0.163004
1 0.977507 0.341990 0.044987 0.122221
1 0.815274 0.349060 0.115266 0.141213
2 0.147595 0.511107 0.122597 0.160589
1 0.881092 0.103660 0.117697 0.135117
2 0.247405 0.575857 0.136365 0.154332
1 0.246385 0.573628 0.129147 0.157188
2 0.061132 0.605729 0.121690 0.156857
1 0.974720 0.078029 0.050560 0.135437
2 0.289574 0.442427 0.119389 0.145345
1 0.927058 0.420214 0.137258 0.167824