2 0.051508 0.405303 0.103015 0.138656
2 0.170982 0.500214 0.134508 0.167835
2 0.266580 0.601820 0.124981 0.150155
2 0.162680 0.349970 0.123880 0.145477
2 0.070492 0.269578 0.118585 0.143770
2 0.345642 0.509783 0.121721 0.144528
2 0.880839 0.443159 0.135915 0.146323
2 0.059752 0.560818 0.106322 0.162657
2 0.887936 0.229423 0.119305 0.135505
1 0.818873 0.017220 0.108329 0.034441
2 0.965940 0.271766 0.068121 0.147669
1 0.173856 0.498670 0.131178 0.163338
2 0.900472 0.635136 0.123736 0.160846
2 0.817807 0.325334 0.110361 0.136279