2 0.18665999174118042 0.37669798731803894 0.10898000001907349 0.12324202060699463
2 0.2807537317276001 0.20416000485420227 0.10937124490737915 0.1271049976348877
2 0.2848699986934662 0.5877529978752136 0.11747747659683228 0.12189900875091553
2 0.761506199836731 0.4680500030517578 0.11364877223968506 0.11220300197601318
2 0.5519612431526184 0.8281099796295166 0.10144996643066406 0.10957801342010498
2 0.7778174877166748 0.5777559876441956 0.11652004718780518 0.11212193965911865
2 0.48329871892929077 0.9470369815826416 0.08703255653381348 0.09984898567199707
2 0.7629162073135376 0.8377950191497803 0.10002624988555908 0.1058729887008667
2 0.552136242389679 0.7223309874534607 0.11851251125335693 0.12395596504211426
2 0.9600431323051453 0.38038501143455505 0.07991373538970947 0.07607197761535645
2 0.41293251514434814 0.7046830058097839 0.1309112310409546 0.12757301330566406
2 0.3219062387943268 0.6859300136566162 0.09755498170852661 0.10779905319213867
2 0.32197874784469604 0.019370999187231064 0.10664626955986023 0.036897994577884674
2 0.4470662474632263 0.018163999542593956 0.10931503772735596 0.03557800129055977
2 0.6012024879455566 0.016526000574231148 0.0948936939239502 0.03206599876284599
2 0.6971924901008606 0.9723730087280273 0.08195626735687256 0.053460001945495605
2 0.6073087453842163 0.013012000359594822 0.0882500410079956 0.025445999577641487
2 0.6140887141227722 0.9560120105743408 0.05987370014190674 0.07342004776000977
