2 0.10080501437187195 0.8533419966697693 0.0892837643623352 0.0830010175704956
0 0.9911965727806091 0.5946850180625916 0.01760685443878174 0.062281012535095215
0 0.8445950150489807 0.2045300006866455 0.06705749034881592 0.0678510069847107
0 0.7860862612724304 0.24418401718139648 0.07476246356964111 0.07376600801944733
2 0.08511622995138168 0.5343390107154846 0.08890123665332794 0.0884619951248169
2 0.3122974932193756 0.3961769938468933 0.08106499910354614 0.08146703243255615
2 0.17434751987457275 0.46164101362228394 0.09329622983932495 0.0942319929599762
0 0.9574024677276611 0.37140899896621704 0.06887125968933105 0.06581997871398926
2 0.8172637224197388 0.047621000558137894 0.08166122436523438 0.08152899891138077
0 0.7044312953948975 0.6225330233573914 0.054360032081604004 0.07049298286437988
