0 0.2808400094509125 0.9124389886856079 0.09218001365661621 0.09419596195220947
0 0.6922625303268433 0.4527539908885956 0.08702754974365234 0.08650702238082886
2 0.4245399832725525 0.23971900343894958 0.0993187427520752 0.11580699682235718
2 0.4621412754058838 0.1404549926519394 0.08894503116607666 0.09249401092529297
2 0.3364349603652954 0.21243999898433685 0.09121748805046082 0.09536299109458923
2 0.3642062544822693 0.09651400148868561 0.08711251616477966 0.10175400972366333
0 0.7266513109207153 0.3704630136489868 0.0936661958694458 0.0873110294342041
0 0.6386124491691589 0.9827629923820496 0.09420371055603027 0.03447294235229492
0 0.03647594153881073 0.0703359991312027 0.07295188307762146 0.11785200238227844
2 0.03623250126838684 0.07114800065755844 0.07246500253677368 0.1115180104970932
