2 0.5677350163459778 0.7853459715843201 0.1046912670135498 0.11098802089691162
2 0.47897249460220337 0.6591079831123352 0.08460128307342529 0.09524798393249512
2 0.2966112494468689 0.7181959748268127 0.07327747344970703 0.06946897506713867
2 0.39759624004364014 0.7116829752922058 0.09244123101234436 0.0880579948425293
2 0.3314637243747711 0.9089930057525635 0.05983877182006836 0.05804097652435303
2 0.2769412398338318 0.8815889954566956 0.0569949746131897 0.05945301055908203
1 0.39427876472473145 0.40542998909950256 0.06139874458312988 0.05497598648071289
2 0.39608997106552124 0.8591430187225342 0.06823623180389404 0.07811999320983887
2 0.7344549894332886 0.19097700715065002 0.06178998947143555 0.05960699915885925
2 0.39206624031066895 0.870693027973175 0.06966626644134521 0.0789639949798584
2 0.3761724829673767 0.9623960256576538 0.0485362708568573 0.054479002952575684
2 0.4232787489891052 0.9538339972496033 0.05492377281188965 0.05574798583984375
