2 0.7846736907958984 0.4594910144805908 0.10368621349334717 0.10962101817131042
2 0.25047624111175537 0.1939370036125183 0.1276099681854248 0.12929397821426392
2 0.24004748463630676 0.35112300515174866 0.1427450180053711 0.1419849991798401
2 0.41193997859954834 0.5089859962463379 0.11016872525215149 0.1265139877796173
2 0.35095250606536865 0.10848399996757507 0.13094627857208252 0.1443910002708435
2 0.7578412890434265 0.1389240026473999 0.11295878887176514 0.11760199069976807
1 0.9963712692260742 0.046925000846385956 0.0072574615478515625 0.09385000169277191
2 0.44601625204086304 0.22106899321079254 0.14106881618499756 0.14722701907157898
2 0.5348062515258789 0.4242759943008423 0.10744750499725342 0.10232299566268921
2 0.8814049959182739 0.3998030126094818 0.09399127960205078 0.09632301330566406
1 0.7576012015342712 0.14001600444316864 0.10893499851226807 0.11403099447488785
1 0.4448562264442444 0.21983900666236877 0.14175498485565186 0.1423649787902832
2 0.9676787257194519 0.3009670078754425 0.06464254856109619 0.11533498764038086
