2 0.3685612678527832 0.6952700018882751 0.09360000491142273 0.09469401836395264
2 0.4681762456893921 0.6820899844169617 0.09483504295349121 0.10090899467468262
2 0.2980625033378601 0.26182299852371216 0.11049872636795044 0.109250009059906
2 0.3860887289047241 0.18972599506378174 0.09372127056121826 0.1007080078125
2 0.5403150320053101 0.5129719972610474 0.10038125514984131 0.10386702418327332
2 0.23217999935150146 0.1837249994277954 0.10353249311447144 0.10372799634933472
2 0.3327837586402893 0.06885600090026855 0.08924877643585205 0.08527299761772156
2 0.4865574836730957 0.12650400400161743 0.07340872287750244 0.09154799580574036
2 0.3032412528991699 0.3396170139312744 0.08496499061584473 0.06770998239517212
0 0.20483624935150146 0.02362624928355217 0.07827877998352051 0.04725249856710434
