0 0.914122462272644 0.6747940182685852 0.09670120477676392 0.1007920503616333
0 0.6810487508773804 0.6802420020103455 0.09801244735717773 0.09587299823760986
0 0.31311875581741333 0.2521289885044098 0.0976637601852417 0.1074569821357727
0 0.6849862337112427 0.8418660163879395 0.09758377075195312 0.09840095043182373
1 0.18914252519607544 0.1979379951953888 0.12268877029418945 0.1282690167427063
0 0.3205775022506714 0.40996798872947693 0.10706377029418945 0.10784697532653809
0 0.2143237590789795 0.3141160011291504 0.10626876354217529 0.10471600294113159
0 0.9614937901496887 0.40891098976135254 0.07701241970062256 0.10685300827026367
0 0.8641825318336487 0.4773070216178894 0.09712755680084229 0.09967902302742004
0 0.9573562145233154 0.5488070249557495 0.07830619812011719 0.08614599704742432
