2 0.025520935654640198 0.8793169856071472 0.051041871309280396 0.10006201267242432
2 0.5908824801445007 0.06125500053167343 0.09808003902435303 0.09070400893688202
2 0.2449374794960022 0.6623839735984802 0.08878999948501587 0.11661005020141602
2 0.49569374322891235 0.7699210047721863 0.1181875467300415 0.1263500452041626
2 0.9092812538146973 0.7314460277557373 0.12484622001647949 0.1397320032119751
2 0.8785587549209595 0.8796749711036682 0.1401512622833252 0.1194620132446289
2 0.20730376243591309 0.17517699301242828 0.06963253021240234 0.073853999376297
2 0.7490100264549255 0.11395999789237976 0.0762861967086792 0.07149699330329895
2 0.1997624933719635 0.04875599965453148 0.07608503103256226 0.0768510028719902
2 0.7974812984466553 0.06892599910497665 0.10062122344970703 0.10995699465274811
2 0.21927252411842346 0.11742399632930756 0.06042122840881348 0.06390500068664551
2 0.8969837427139282 0.9629169702529907 0.13532131910324097 0.07317805290222168
2 0.8511224985122681 0.020640000700950623 0.13702505826950073 0.04052399843931198
2 0.08439125120639801 0.29637300968170166 0.07528248429298401 0.08423298597335815
2 0.8279087543487549 0.020431000739336014 0.14402002096176147 0.03932800143957138
2 0.8709625005722046 0.015807002782821655 0.0828249454498291 0.030938001349568367
2 0.14587751030921936 0.015891000628471375 0.06677126884460449 0.030427001416683197
