0 0.27621498703956604 0.13512100279331207 0.10148876905441284 0.10397598892450333
0 0.04674312472343445 0.49359598755836487 0.0934862494468689 0.09468799829483032
0 0.18895626068115234 0.5546209812164307 0.08813250064849854 0.10094296932220459
0 0.36201876401901245 0.16450099647045135 0.10008502006530762 0.10779599100351334
0 0.5467374920845032 0.35800600051879883 0.1022711992263794 0.09520000219345093
0 0.60954749584198 0.3916420042514801 0.07561123371124268 0.0763620138168335
2 0.2548312246799469 0.3260740041732788 0.09684872627258301 0.09909999370574951
2 0.11519250273704529 0.5290449857711792 0.09788250923156738 0.09740999341011047
0 0.41667377948760986 0.04142799973487854 0.09978875517845154 0.0826680064201355
0 0.9946171641349792 0.4545689821243286 0.010765671730041504 0.09612998366355896
2 0.2279750108718872 0.22431299090385437 0.08907496929168701 0.09634499251842499
0 0.020896874368190765 0.5478389859199524 0.04179374873638153 0.09154903888702393
2 0.24856498837471008 0.9320160150527954 0.08085501194000244 0.09109103679656982
