2 0.938617467880249 0.4023590087890625 0.12276506423950195 0.13850903511047363
2 0.3325262665748596 0.6282250285148621 0.14289870858192444 0.14612805843353271
2 0.5009574890136719 0.9227039813995361 0.132773756980896 0.13592898845672607
1 0.8508661985397339 0.23697900772094727 0.15728873014450073 0.1571120172739029
1 0.9997999668121338 0.03058999963104725 0.0004000663757324219 0.06117900088429451
2 0.36786001920700073 0.9505130052566528 0.13147497177124023 0.09897303581237793
1 0.9244093894958496 0.022904999554157257 0.151181161403656 0.045031994581222534
1 0.8843200206756592 0.9845330119132996 0.14159870147705078 0.03093397617340088
1 0.2972474992275238 0.9629510045051575 0.13145500421524048 0.07377803325653076
2 0.8456974029541016 0.2408760040998459 0.16014999151229858 0.15105101466178894
2 0.23419374227523804 0.9064229726791382 0.0562099814414978 0.06457901000976562
