2 0.9929965734481812 0.174796000123024 0.014006853103637695 0.09907200932502747
2 0.7134799957275391 0.5739610195159912 0.08271121978759766 0.08480203151702881
2 0.8198037147521973 0.14953599870204926 0.09454119205474854 0.09110701084136963
2 0.3336524963378906 0.2739799916744232 0.06459122896194458 0.06647598743438721
2 0.5549700260162354 0.5518569946289062 0.07490122318267822 0.07223796844482422
2 0.5437250137329102 0.39118900895118713 0.07077372074127197 0.07416898012161255
2 0.3128899931907654 0.43952101469039917 0.05672752857208252 0.05502599477767944
2 0.7924724817276001 0.5097830295562744 0.07311630249023438 0.06796202063560486
2 0.6760175228118896 0.4607029855251312 0.08609378337860107 0.08143502473831177
2 0.42499876022338867 0.5795609951019287 0.06120002269744873 0.059474945068359375
2 0.20597875118255615 0.6844310164451599 0.05471622943878174 0.05630004405975342
2 0.3742937445640564 0.3076480031013489 0.05466124415397644 0.05270099639892578
2 0.20435500144958496 0.4137449860572815 0.056391239166259766 0.059082984924316406
2 0.7423149943351746 0.48166999220848083 0.07377994060516357 0.07340699434280396
2 0.2818849980831146 0.29272300004959106 0.054411232471466064 0.05803102254867554
2 0.19619500637054443 0.6452329754829407 0.06219249963760376 0.05294597148895264
2 0.1288837492465973 0.08691100031137466 0.048737481236457825 0.05071300268173218
2 0.18010500073432922 0.020142249763011932 0.06649500131607056 0.040284499526023865
2 0.19372999668121338 0.4622119963169098 0.049927473068237305 0.04446101188659668
2 0.4764975309371948 0.5675989985466003 0.05918872356414795 0.0611499547958374
2 0.8127049803733826 0.013995999470353127 0.10629749298095703 0.02489599958062172
2 0.32840871810913086 0.5994769930839539 0.058534979820251465 0.060250043869018555
2 0.28648626804351807 0.566120982170105 0.059273719787597656 0.053707003593444824
2 0.3531137704849243 0.46896299719810486 0.05506375432014465 0.05249398946762085
2 0.2777724862098694 0.5197139978408813 0.04728502035140991 0.04586198925971985
2 0.3529537320137024 0.7065680027008057 0.054787516593933105 0.047384023666381836
2 0.2540287673473358 0.19948400557041168 0.05703127384185791 0.056506991386413574
2 0.23365876078605652 0.46283701062202454 0.039777517318725586 0.03959101438522339
