2 0.6165387630462646 0.8459830284118652 0.05991995334625244 0.058470964431762695
2 0.8722900152206421 0.42323198914527893 0.05928128957748413 0.05692601203918457
2 0.7753812670707703 0.5147809982299805 0.059545040130615234 0.06001996994018555
2 0.8922437429428101 0.26421499252319336 0.057718753814697266 0.0568150132894516
2 0.8597650527954102 0.5693010091781616 0.07472378015518188 0.07120203971862793
2 0.9468886852264404 0.17912499606609344 0.061327457427978516 0.062476009130477905
2 0.9789174795150757 0.024887248873710632 0.04216504096984863 0.049774497747421265
2 0.8235024809837341 0.3928709924221039 0.05443000793457031 0.05350601673126221
2 0.4667012095451355 0.611365020275116 0.0461200475692749 0.04703795909881592
2 0.5752249956130981 0.8836320042610168 0.04979121685028076 0.05825996398925781
2 0.9287450313568115 0.23272299766540527 0.06009864807128906 0.06232500076293945
2 0.74039626121521 0.2557399868965149 0.049228787422180176 0.05324600636959076
2 0.6986512541770935 0.8679019808769226 0.0456387996673584 0.052523016929626465
2 0.6110737919807434 0.7717049717903137 0.055492520332336426 0.06331002712249756
2 0.9913771748542786 0.8601890206336975 0.01724565029144287 0.043846964836120605
2 0.9762568473815918 0.2786250114440918 0.047486305236816406 0.04745000600814819
