2 0.5212950110435486 0.6039739847183228 0.11376368999481201 0.12049496173858643
2 0.4518049955368042 0.4815089702606201 0.10294878482818604 0.11239299178123474
2 0.2967800199985504 0.66668301820755 0.10585373640060425 0.10850203037261963
2 0.34111499786376953 0.5254369974136353 0.09789252281188965 0.11709201335906982
2 0.42692750692367554 0.577996015548706 0.07855498790740967 0.08875894546508789
2 0.006587192416191101 0.943988025188446 0.013174384832382202 0.11202394962310791
2 0.5650925040245056 0.9556707143783569 0.10801875591278076 0.08865851163864136
2 0.4551137685775757 0.7879170179367065 0.06595504283905029 0.07153797149658203
2 0.10434624552726746 0.14819400012493134 0.05674624443054199 0.05865800380706787
2 0.14384251832962036 0.10792900621891022 0.05175626277923584 0.05471900850534439
2 0.9268862009048462 0.4422380030155182 0.04368257522583008 0.07240498065948486
2 0.285046249628067 0.44510599970817566 0.07730251550674438 0.08723199367523193
2 0.7908474802970886 0.9759269952774048 0.04749870300292969 0.04717099666595459
2 0.16863998770713806 0.6175969839096069 0.09419500827789307 0.08027195930480957
2 0.2383350133895874 0.5948889851570129 0.0816124677658081 0.08550500869750977
2 0.2386625111103058 0.031241999939084053 0.05607372522354126 0.05286199972033501
2 0.35153499245643616 0.26392099261283875 0.061505019664764404 0.07232999801635742
