0 0.7704325318336487 0.5464439988136292 0.10750877857208252 0.11309397220611572
0 0.9650099873542786 0.9514470100402832 0.06998002529144287 0.09272098541259766
0 0.9108400344848633 0.6393359899520874 0.11953997611999512 0.11415302753448486
0 0.9789106249809265 0.6729769706726074 0.04217875003814697 0.12409698963165283
0 0.723847508430481 0.7822759747505188 0.09329378604888916 0.09189796447753906
0 0.9999174475669861 0.8015919923782349 0.00016510486602783203 0.12122499942779541
0 0.965853750705719 0.4785880148410797 0.06829249858856201 0.1280040144920349
0 0.28815001249313354 0.42732998728752136 0.11214500665664673 0.11127400398254395
0 0.9231013059616089 0.40539801120758057 0.10448122024536133 0.10371100902557373
1 0.6369699835777283 0.5207319855690002 0.10053372383117676 0.09527301788330078
1 0.7374712228775024 0.6947630047798157 0.08223748207092285 0.08327698707580566
0 0.9276912212371826 0.3242560029029846 0.1187637448310852 0.11010497808456421
0 0.7988625168800354 0.4505389928817749 0.12946629524230957 0.11742499470710754
0 0.7258137464523315 0.9039599895477295 0.07736504077911377 0.07327401638031006
0 0.9433971643447876 0.02535099908709526 0.1132056713104248 0.05059800297021866
0 0.17132249474525452 0.32360899448394775 0.12690873444080353 0.13103801012039185
0 0.8340112566947937 0.3112429976463318 0.09002745151519775 0.09642201662063599
0 0.7266037464141846 0.2884080111980438 0.11562752723693848 0.11907200515270233
0 0.8935099840164185 0.9868789911270142 0.08734869956970215 0.025616049766540527
0 0.8188949823379517 0.677420973777771 0.08077621459960938 0.09534597396850586
0 0.9270987510681152 0.34198400378227234 0.11664372682571411 0.08044099807739258
0 0.22192251682281494 0.4983200430870056 0.11445999145507812 0.10075202584266663
1 0.817753791809082 0.676364004611969 0.08085370063781738 0.09701597690582275
