2 0.03930530697107315 0.8415210247039795 0.0786106139421463 0.09065699577331543
2 0.6897062063217163 0.3956280052661896 0.08452498912811279 0.09284597635269165
2 0.21098250150680542 0.9428399801254272 0.0994112491607666 0.09863603115081787
2 0.1476224958896637 0.6812700033187866 0.09601373970508575 0.09489202499389648
2 0.733912467956543 0.46942299604415894 0.08136498928070068 0.07277798652648926
2 0.010300934314727783 0.6378650069236755 0.020601868629455566 0.0846790075302124
2 0.17624875903129578 0.7905030250549316 0.07765251398086548 0.09336400032043457
1 0.7944012880325317 0.8956369757652283 0.0926063060760498 0.08684098720550537
2 0.8581124544143677 0.49249300360679626 0.08699244260787964 0.09229499101638794
2 0.7945849895477295 0.8977479934692383 0.09245872497558594 0.08547401428222656
1 0.7083274722099304 0.9741377830505371 0.08237874507904053 0.05172449350357056
2 0.7089499831199646 0.9729390144348145 0.08582627773284912 0.053233981132507324
1 0.01040000468492508 0.7047029733657837 0.02080000936985016 0.05224299430847168
