0 0.9849065542221069 0.7355200052261353 0.030186891555786133 0.10897195339202881
0 0.7214699983596802 0.6179689764976501 0.11926126480102539 0.12496602535247803
0 0.06977374851703644 0.8285970091819763 0.1239599883556366 0.11526596546173096
0 0.11110749840736389 0.6043319702148438 0.12257248163223267 0.11631894111633301
0 0.3471450209617615 0.4502379894256592 0.09403502941131592 0.1040489673614502
0 0.02534593641757965 0.6692969799041748 0.0506918728351593 0.10086202621459961
0 0.2768000066280365 0.5274019837379456 0.1024712324142456 0.09979298710823059
0 0.610807478427887 0.4606519937515259 0.12830126285552979 0.12476003170013428
0 0.6279087066650391 0.598235011100769 0.10432994365692139 0.11588096618652344
0 0.0029434412717819214 0.5796210169792175 0.005886882543563843 0.11642098426818848
0 0.24380123615264893 0.6164159774780273 0.08791249990463257 0.08078694343566895
0 0.16091999411582947 0.6889349818229675 0.09478874504566193 0.09103202819824219
0 0.7775787711143494 0.4974380135536194 0.08955621719360352 0.109375
0 0.06586501002311707 0.48052000999450684 0.1221349835395813 0.12362697720527649
