2 0.6754437685012817 0.6448829770088196 0.09657752513885498 0.1014089584350586
0 0.36349624395370483 0.9365699887275696 0.14830374717712402 0.12685894966125488
0 0.3548325300216675 0.7687749862670898 0.1551087200641632 0.1536790132522583
2 0.8509774804115295 0.7077990174293518 0.14131247997283936 0.13609302043914795
0 0.25120627880096436 0.4959059953689575 0.16506874561309814 0.1506359875202179
2 0.6279100179672241 0.9641429781913757 0.11035120487213135 0.07171297073364258
2 0.15764376521110535 0.6275699734687805 0.14552123844623566 0.1440269947052002
0 0.5466000437736511 0.724166989326477 0.14018750190734863 0.13897395133972168
2 0.7230987548828125 0.9245709776878357 0.14721500873565674 0.1421220302581787
2 0.5481087565422058 0.7205169796943665 0.14101004600524902 0.14205801486968994
2 0.3765212893486023 0.4387050271034241 0.15019750595092773 0.13913002610206604
0 0.7275512218475342 0.9266830086708069 0.15529251098632812 0.13858795166015625
0 0.6364837884902954 0.18178799748420715 0.12796998023986816 0.1649959832429886
