2 0.5387549996376038 0.3060950040817261 0.08591246604919434 0.09647601842880249
0 0.44946497678756714 0.07550500333309174 0.08109498023986816 0.0781010091304779
0 0.5148600339889526 0.9202269911766052 0.07917618751525879 0.078590989112854
2 0.7797062397003174 0.45712900161743164 0.08105003833770752 0.08319199085235596
2 0.640892505645752 0.379393994808197 0.07495129108428955 0.08107298612594604
0 0.002424687147140503 0.9243289828300476 0.004849374294281006 0.12375104427337646
0 0.1401587426662445 0.691402018070221 0.08969374001026154 0.08755195140838623
0 0.42342495918273926 0.7539089918136597 0.08390378952026367 0.0815589427947998
0 0.05664999783039093 0.6862180233001709 0.09821251034736633 0.09945595264434814
2 0.4976475238800049 0.4973059892654419 0.08297252655029297 0.08033597469329834
0 0.3956637382507324 0.930961012840271 0.07894250750541687 0.07993602752685547
2 0.5966162085533142 0.448403000831604 0.07692122459411621 0.0785219669342041
0 0.5105974674224854 0.6247400045394897 0.0803074836730957 0.07860100269317627
0 0.4523324966430664 0.9327690005302429 0.06763744354248047 0.07437503337860107
