2 0.058492511510849 0.7242810130119324 0.09384125471115112 0.10188698768615723
2 0.9014136791229248 0.4888610243797302 0.08596998453140259 0.0899060070514679
2 0.7762787938117981 0.5776349902153015 0.083282470703125 0.08447599411010742
2 0.26268500089645386 0.7477160096168518 0.09214001893997192 0.09507095813751221
2 0.3924574851989746 0.7162529826164246 0.08042871952056885 0.08471596240997314
2 0.13522249460220337 0.6372330188751221 0.10134124755859375 0.1042250394821167
2 0.8561475276947021 0.28971099853515625 0.08487868309020996 0.08981001377105713
2 0.001961246132850647 0.6467409729957581 0.003922492265701294 0.10649001598358154
2 0.7077574729919434 0.5089020133018494 0.08635127544403076 0.08712998032569885
2 0.25064751505851746 0.39633798599243164 0.08481746912002563 0.0943719744682312
2 0.6530449986457825 0.30062198638916016 0.08392369747161865 0.08708000183105469
2 0.5933399796485901 0.44050800800323486 0.08875870704650879 0.09011697769165039
2 0.33726873993873596 0.5753600001335144 0.0967150330543518 0.10037803649902344
2 0.7929237484931946 0.502331018447876 0.08267378807067871 0.07868698239326477
2 0.050213128328323364 0.523904025554657 0.10042625665664673 0.10070201754570007
2 0.024256251752376556 0.8183050155639648 0.04851250350475311 0.10146701335906982
2 0.5501675009727478 0.1829569935798645 0.08722245693206787 0.08724799752235413
2 0.43362873792648315 0.39642098546028137 0.0802837610244751 0.09048700332641602
2 0.5401012897491455 0.5090889930725098 0.0867612361907959 0.09038302302360535
2 0.7865850329399109 0.2710759937763214 0.07765746116638184 0.0807269960641861
2 0.12929749488830566 0.9751080274581909 0.08375126123428345 0.049783945083618164
2 0.04450874775648117 0.9706779718399048 0.08901749551296234 0.05796194076538086
2 0.5024962425231934 0.39489200711250305 0.08600246906280518 0.09693998098373413
2 0.20456498861312866 0.45009198784828186 0.08639252185821533 0.09310197830200195
2 0.7916712164878845 0.4477449953556061 0.07575750350952148 0.07054698467254639
2 0.7754324674606323 0.38843101263046265 0.08081245422363281 0.07502198219299316
2 0.24994376301765442 0.6682220101356506 0.07208502292633057 0.07655894756317139
2 0.745919942855835 0.24499300122261047 0.07588624954223633 0.08683900535106659
2 0.3119712471961975 0.46486300230026245 0.07978624105453491 0.08713901042938232
1 0.5834924578666687 0.32353100180625916 0.0776524543762207 0.07973897457122803
