0 0.04755999147891998 0.2936510145664215 0.08123248815536499 0.06848698854446411
0 0.17946124076843262 0.21688798069953918 0.06744372844696045 0.07045899331569672
0 0.23801374435424805 0.3825739920139313 0.06991750001907349 0.06654101610183716
0 0.5355300307273865 0.47091200947761536 0.06556129455566406 0.06376498937606812
0 0.044871240854263306 0.3944700062274933 0.07669249176979065 0.06554800271987915
0 0.5685887932777405 0.3615649938583374 0.06646871566772461 0.06339800357818604
0 0.009959064424037933 0.2358199954032898 0.019918128848075867 0.06850898265838623
0 0.5029036998748779 0.37465301156044006 0.0801687240600586 0.07256698608398438
0 0.20331624150276184 0.47333499789237976 0.07058876752853394 0.06709402799606323
0 0.1176762506365776 0.3269540071487427 0.06730999052524567 0.0678110122680664
0 0.3785575032234192 0.2363629937171936 0.08611249923706055 0.08749900758266449
0 0.7818799614906311 0.03288799896836281 0.07579004764556885 0.06260599941015244
0 0.26577502489089966 0.19501599669456482 0.06422752141952515 0.0703670084476471
0 0.05043375492095947 0.21572400629520416 0.07503998279571533 0.06864401698112488
0 0.10879124701023102 0.22937500476837158 0.07442501187324524 0.0762929916381836
0 0.008853748440742493 0.2912600040435791 0.017707496881484985 0.058807969093322754
