2 0.2132049798965454 0.6301199793815613 0.09731125831604004 0.1020050048828125
2 0.10428375005722046 0.7465140223503113 0.1033174991607666 0.12090194225311279
2 0.038208432495594025 0.9205639958381653 0.07641686499118805 0.1163100004196167
2 0.6787350177764893 0.5519229769706726 0.09316623210906982 0.09833598136901855
2 0.621996283531189 0.6282719969749451 0.09620749950408936 0.09940600395202637
2 0.10897373408079147 0.9534297585487366 0.09469874203205109 0.09314048290252686
2 0.5715487599372864 0.5386000275611877 0.1343212127685547 0.11622896790504456
2 0.3023812472820282 0.5980169773101807 0.09137248992919922 0.10059595108032227
2 0.5539524555206299 0.6654980182647705 0.07811248302459717 0.1012430191040039
2 0.6894375085830688 0.8815330266952515 0.10733246803283691 0.1220170259475708
2 0.6528949737548828 0.9413759708404541 0.10550129413604736 0.0789799690246582
2 0.967812180519104 0.926472008228302 0.06437563896179199 0.10785806179046631
2 0.8432149887084961 0.9443060159683228 0.08793878555297852 0.10871601104736328
2 0.25436872243881226 0.9751620292663574 0.11755377054214478 0.04804801940917969
2 0.18125125765800476 0.9776110053062439 0.0945887565612793 0.0407639741897583
2 0.23600250482559204 0.975816011428833 0.1710912585258484 0.04480302333831787
