2 0.9221537113189697 0.6965829730033875 0.0868525505065918 0.09611904621124268
2 0.5771737694740295 0.11417599767446518 0.10883128643035889 0.11866800487041473
2 0.5027737617492676 0.4198009967803955 0.10932004451751709 0.11625200510025024
2 0.6771599650382996 0.10112199932336807 0.0972524881362915 0.12273500859737396
2 0.4719874858856201 0.2793489992618561 0.1136937141418457 0.11211501061916351
1 0.802926242351532 0.5435130000114441 0.1002274751663208 0.10376501083374023
2 0.8545987606048584 0.7579650282859802 0.0971187949180603 0.09087896347045898
2 0.43590497970581055 0.16509200632572174 0.10290873050689697 0.11170599609613419
1 0.9924099445343018 0.2018129825592041 0.015180110931396484 0.10169099271297455
2 0.18132999539375305 0.3945170044898987 0.09032124280929565 0.10555201768875122
2 0.8329012393951416 0.6508939862251282 0.09412878751754761 0.09974002838134766
2 0.9155924320220947 0.5946509838104248 0.09464377164840698 0.09110593795776367
1 0.8081799745559692 0.3064649999141693 0.10842001438140869 0.09819501638412476
2 0.97479248046875 0.314393013715744 0.0504150390625 0.07257503271102905
2 0.9023300409317017 0.8807029724121094 0.06983375549316406 0.07841897010803223
2 0.6012637615203857 0.03179524838924408 0.08864247798919678 0.06359049677848816
2 0.8046737909317017 0.30632999539375305 0.10455870628356934 0.099698007106781
2 0.9106261730194092 0.43025100231170654 0.04981255531311035 0.09647101163864136
2 0.732200026512146 0.7249630093574524 0.08431375026702881 0.07099294662475586
1 0.6004475355148315 0.029696999117732048 0.09045255184173584 0.059393998235464096
1 0.47537124156951904 0.6421629786491394 0.10109126567840576 0.06782996654510498
