1 0.11652249842882156 0.738968014717102 0.1571112722158432 0.14993000030517578
1 0.2546774744987488 0.5538269877433777 0.14388376474380493 0.14050301909446716
1 0.5204787254333496 0.42690902948379517 0.15869498252868652 0.15116801857948303
1 0.4835125207901001 0.6587679982185364 0.11635744571685791 0.10837399959564209
1 0.9857168793678284 0.927603006362915 0.02856624126434326 0.10633301734924316
1 0.5982850193977356 0.21795201301574707 0.15344250202178955 0.14808501303195953
1 0.43405747413635254 0.7548720240592957 0.13854002952575684 0.1291259527206421
2 0.43376004695892334 0.7532250285148621 0.1397237777709961 0.1287519931793213
2 0.5600212812423706 0.770334005355835 0.13513875007629395 0.1303499937057495
2 0.98500657081604 0.9256550073623657 0.029986858367919922 0.10679996013641357
1 0.5571637749671936 0.7710790038108826 0.13304245471954346 0.13009893894195557
2 0.015659064054489136 0.048128001391887665 0.03131812810897827 0.09625498950481415
