2 0.003787815570831299 0.21978799998760223 0.007575631141662598 0.08740201592445374
2 0.6291974782943726 0.2178020030260086 0.08894503116607666 0.09096398949623108
2 0.29022377729415894 0.9129610061645508 0.08842253684997559 0.09346699714660645
2 0.36829623579978943 0.8085780143737793 0.08697503805160522 0.09007501602172852
2 0.31036248803138733 0.19659100472927094 0.07984375953674316 0.07868599891662598
2 0.5030287504196167 0.6081979870796204 0.09317374229431152 0.09586000442504883
2 0.8174650073051453 0.5473660230636597 0.10195505619049072 0.11658799648284912
2 0.5928212404251099 0.38830798864364624 0.0884861946105957 0.09297400712966919
2 0.4701074957847595 0.814752995967865 0.08171749114990234 0.08242595195770264
2 0.6479600667953491 0.5789719820022583 0.09925627708435059 0.09303402900695801
2 0.8731549978256226 0.31754401326179504 0.07861876487731934 0.08044099807739258
2 0.48342251777648926 0.6898840069770813 0.07808494567871094 0.08061099052429199
2 0.9389387369155884 0.6589409708976746 0.07979869842529297 0.07641804218292236
2 0.9934015274047852 0.2990790009498596 0.013196945190429688 0.08416301012039185
2 0.9694059491157532 0.19358700513839722 0.06118810176849365 0.08668500185012817
2 0.8893512487411499 0.10369600355625153 0.0885612964630127 0.07898300886154175
2 0.6014537215232849 0.7892370223999023 0.09004628658294678 0.08703398704528809
2 0.9326125383377075 0.3642849922180176 0.07693624496459961 0.07748401165008545
2 0.8858050107955933 0.039170004427433014 0.1344599723815918 0.07745499908924103
2 0.5938124656677246 0.6252310276031494 0.0728374719619751 0.07129597663879395
2 0.8581087589263916 0.914322018623352 0.07434749603271484 0.07833003997802734
2 0.7550787329673767 0.7477179765701294 0.07533872127532959 0.07585704326629639
2 0.5630874633789062 0.6940060257911682 0.08933746814727783 0.08836603164672852
2 0.635409951210022 0.35738199949264526 0.07690000534057617 0.08066797256469727
2 0.9331674575805664 0.14333400130271912 0.06718134880065918 0.0722149908542633
2 0.772648811340332 0.46570998430252075 0.09232878684997559 0.0927099883556366
2 0.7874000072479248 0.30864500999450684 0.06164252758026123 0.0740010142326355
