0 0.21591126918792725 0.2224929928779602 0.12898248434066772 0.12392199039459229
0 0.27885499596595764 0.35406699776649475 0.11932498216629028 0.11700600385665894
0 0.3768775463104248 0.5914869904518127 0.09345376491546631 0.09739899635314941
0 0.5649937391281128 0.3633880019187927 0.11820876598358154 0.113677978515625
0 0.025129683315753937 0.13480299711227417 0.050259366631507874 0.12432599067687988
0 0.1019349992275238 0.20043200254440308 0.12046998739242554 0.12255199253559113
0 0.14761877059936523 0.7100710272789001 0.0946512371301651 0.09641098976135254
0 0.04403093457221985 0.41455700993537903 0.0880618691444397 0.09747397899627686
0 0.3465162515640259 0.2281540036201477 0.1205899715423584 0.11935001611709595
0 0.6388912796974182 0.07071799039840698 0.13182127475738525 0.1262969970703125
0 0.7838525176048279 0.24827900528907776 0.08226251602172852 0.09559899568557739
0 0.16990125179290771 0.04337424784898758 0.13608624041080475 0.08674849569797516
0 0.6094887256622314 0.20338201522827148 0.11564993858337402 0.11497600376605988
0 0.4626474976539612 0.6104639768600464 0.08315753936767578 0.08797001838684082
0 0.8542887568473816 0.2732889950275421 0.08946001529693604 0.1123179942369461
0 0.044050008058547974 0.9324650168418884 0.08543750643730164 0.08896005153656006
0 0.11565999686717987 0.9096119999885559 0.08599749207496643 0.09079599380493164
0 0.5319424867630005 0.10763800144195557 0.10184252262115479 0.12593698501586914
0 0.9591875076293945 0.04177524894475937 0.08162498474121094 0.08355049788951874
0 0.13912373781204224 0.3076690137386322 0.08977998793125153 0.09190499782562256
0 0.400332510471344 0.049792997539043427 0.09351250529289246 0.09724999964237213
0 0.06795376539230347 0.5448179841041565 0.0863099992275238 0.07742798328399658
0 0.04755374789237976 0.052131250500679016 0.09510749578475952 0.10426250100135803
0 0.7214537858963013 0.034304000437259674 0.08483743667602539 0.06813700497150421
0 0.44090622663497925 0.5394300222396851 0.07924377918243408 0.09579703211784363
0 0.03865624964237213 0.6871640086174011 0.07731249928474426 0.09691894054412842
0 0.866061270236969 0.28203099966049194 0.11108505725860596 0.12499700486660004
0 0.8835537433624268 0.314765989780426 0.09279996156692505 0.0875210165977478
0 0.9110437631607056 0.1518229991197586 0.0794062614440918 0.09834101051092148
0 0.7868950366973877 0.3838280141353607 0.08508002758026123 0.11567598581314087
0 0.9939486980438232 0.9882157444953918 0.012102603912353516 0.02356851100921631
0 0.7597662806510925 0.1348000019788742 0.08482623100280762 0.10956498980522156
0 0.2996149957180023 0.6703799962997437 0.07798123359680176 0.08405399322509766
1 0.05582624673843384 0.32659998536109924 0.0858287513256073 0.09114199876785278
1 0.04762624204158783 0.05269625037908554 0.09275373816490173 0.10539250075817108
