2 0.6759649515151978 0.861611008644104 0.07791244983673096 0.0850369930267334
2 0.205246239900589 0.6278979778289795 0.08338373899459839 0.08791494369506836
2 0.7077749967575073 0.962348997592926 0.07684755325317383 0.07462894916534424
2 0.593373715877533 0.5531060099601746 0.06789505481719971 0.07779204845428467
2 0.6389987468719482 0.5999069809913635 0.06427502632141113 0.06335198879241943
2 0.654981255531311 0.6850529909133911 0.07815122604370117 0.08492004871368408
2 0.5898450016975403 0.6902649998664856 0.07917499542236328 0.07900893688201904
2 0.10597126185894012 0.5841190218925476 0.06766626238822937 0.08221197128295898
2 0.781288743019104 0.9621149897575378 0.08270001411437988 0.07577002048492432
2 0.5226462483406067 0.6014360189437866 0.078163743019104 0.0676870346069336
2 0.688001275062561 0.028627999126911163 0.04511129856109619 0.05393199622631073
2 0.7336711883544922 0.0266060009598732 0.0538637638092041 0.04810500144958496
2 0.7559912204742432 0.9610120058059692 0.14404630661010742 0.07715499401092529
