0 0.6710025072097778 0.6905900239944458 0.10877871513366699 0.11011600494384766
0 0.6285162568092346 0.38961300253868103 0.13468623161315918 0.14271801710128784
0 0.7167562246322632 0.5024769902229309 0.1549924612045288 0.15265703201293945
0 0.6848574876785278 0.8408259749412537 0.09213995933532715 0.08783602714538574
0 0.5685262680053711 0.08054499328136444 0.1364574432373047 0.13945099711418152
0 0.028849691152572632 0.114656001329422 0.057699382305145264 0.15184301137924194
0 0.9107824563980103 0.7145839929580688 0.15139126777648926 0.16625797748565674
0 0.5192937254905701 0.5591530203819275 0.10622870922088623 0.10168004035949707
0 0.9680665135383606 0.5800250172615051 0.06386697292327881 0.15465402603149414
0 0.6845787763595581 0.28243398666381836 0.1273050308227539 0.132673978805542
1 0.24651876091957092 0.39445799589157104 0.108162522315979 0.10412698984146118
0 0.15226751565933228 0.24007199704647064 0.12594997882843018 0.12942001223564148
0 0.9578205943107605 0.9749789834022522 0.084358811378479 0.04980194568634033
0 0.5788288116455078 0.031422000378370285 0.14115750789642334 0.06284300237894058
0 0.5414350032806396 0.37161099910736084 0.09954380989074707 0.12440097332000732
2 0.8645862340927124 0.8767790198326111 0.07889127731323242 0.10184597969055176
0 0.13683250546455383 0.33608898520469666 0.12341874837875366 0.10140997171401978
0 0.019641876220703125 0.6421170234680176 0.03928375244140625 0.09831595420837402
