0 0.5052300095558167 0.8592380285263062 0.0894249677658081 0.09034502506256104
0 0.34118250012397766 0.1701669991016388 0.10400372743606567 0.10705100744962692
2 0.701259970664978 0.0752200037240982 0.0959174633026123 0.10457298904657364
0 0.22558125853538513 0.6126000285148621 0.1185537576675415 0.11989200115203857
0 0.39681875705718994 0.4273749887943268 0.10860374569892883 0.11079198122024536
2 0.7617712020874023 0.14254499971866608 0.10619246959686279 0.1321990191936493
0 0.8667762279510498 0.5180749893188477 0.11291748285293579 0.1014690101146698
2 0.8605949878692627 0.17778800427913666 0.09996002912521362 0.0909540057182312
2 0.4971975088119507 0.10898099839687347 0.07454502582550049 0.07148599624633789
2 0.010578125715255737 0.604358971118927 0.021156251430511475 0.09372901916503906
0 0.37427377700805664 0.5734859704971313 0.10780751705169678 0.10847902297973633
0 0.6134487390518188 0.887457013130188 0.10421252250671387 0.10403001308441162
0 0.5030875205993652 0.7529270052909851 0.11663877964019775 0.11406600475311279
0 0.01840405911207199 0.7258219718933105 0.03680811822414398 0.10999405384063721
2 0.8005775213241577 0.41247299313545227 0.09213125705718994 0.09297102689743042
0 0.3875162601470947 0.7131569981575012 0.10187247395515442 0.10534501075744629
0 0.9723312854766846 0.24479299783706665 0.05533742904663086 0.11171199381351471
2 0.8527849912643433 0.09753599762916565 0.09759122133255005 0.09254300594329834
0 0.5627975463867188 0.6677029728889465 0.09271502494812012 0.09087896347045898
2 0.06985874474048615 0.4914340376853943 0.10355499386787415 0.09516802430152893
0 0.20825999975204468 0.3515639901161194 0.11904752254486084 0.11470901966094971
0 0.7630574703216553 0.13204200565814972 0.10383498668670654 0.11338800191879272
2 0.3851425051689148 0.7134580016136169 0.10485124588012695 0.10027801990509033
