2 0.3592280149459839 0.861611008644104 0.06233000010251999 0.085037000477314
2 0.7358030080795288 0.6278979778289795 0.06670700013637543 0.08791500329971313
2 0.3337799906730652 0.962348997592926 0.06147800013422966 0.07462900131940842
2 0.4253010153770447 0.5531060099601746 0.054315999150276184 0.07779199630022049
2 0.3888009786605835 0.5999069809913635 0.051419999450445175 0.06335200369358063
2 0.3760150074958801 0.6850529909133911 0.06252100318670273 0.0849199965596199
2 0.42812401056289673 0.6902649998664856 0.06334000080823898 0.07900899648666382
2 0.815222978591919 0.5841190218925476 0.05413300171494484 0.08221200108528137
2 0.2749689817428589 0.9621149897575378 0.06616000086069107 0.07576999813318253
2 0.4818829894065857 0.6014360189437866 0.0625310018658638 0.06768699735403061
2 0.3495990037918091 0.028627999126911163 0.03608899936079979 0.05393199995160103
2 0.31306302547454834 0.02660599909722805 0.043090999126434326 0.04810500144958496
2 0.29520702362060547 0.9610120058059692 0.11523699760437012 0.07715500146150589
