0 0.1907150149345398 0.6469299793243408 0.08630099892616272 0.10900100320577621
0 0.42483800649642944 0.4604929983615875 0.0988439992070198 0.12264899909496307
0 0.2779340147972107 0.6396750211715698 0.09549199789762497 0.12372300028800964
0 0.8089659810066223 0.05826599895954132 0.09591600298881531 0.11562000215053558
0 0.1243320107460022 0.6853950023651123 0.07895299792289734 0.10297200083732605
0 0.4549829959869385 0.6590539813041687 0.09073399752378464 0.11617500334978104
0 0.09185397624969482 0.785319983959198 0.08469100296497345 0.10845500230789185
0 0.8349699974060059 0.7100600004196167 0.07077299803495407 0.08437199890613556
0 0.7858499884605408 0.7760189771652222 0.07092300057411194 0.0932530015707016
0 0.04480099678039551 0.05285099893808365 0.08778099715709686 0.1056009978055954
0 0.07150900363922119 0.3793179988861084 0.08167800307273865 0.09930700063705444
0 0.5422019958496094 0.60732102394104 0.10000500082969666 0.11498100310564041
0 0.8583630323410034 0.05963499844074249 0.08614800125360489 0.1129089966416359
0 0.21839702129364014 0.8310449719429016 0.1087149977684021 0.13364900648593903
0 0.6122150421142578 0.1578740030527115 0.06241400167346001 0.09718199819326401
0 0.027526021003723145 0.11119399964809418 0.05281800031661987 0.08202499896287918
0 0.563107967376709 0.05077600106596947 0.08597400039434433 0.10155300050973892
0 0.2944759726524353 0.8127679824829102 0.07044100016355515 0.11421599984169006
0 0.5499849915504456 0.9626070261001587 0.08760300278663635 0.07478500157594681
0 0.8995000123977661 0.9077939987182617 0.07912000268697739 0.09558799862861633
0 0.18677300214767456 0.9386339783668518 0.08920799940824509 0.10675399750471115
0 0.869845986366272 0.9695889949798584 0.07812999933958054 0.06082199886441231
0 0.1333479881286621 0.9820579886436462 0.08276800066232681 0.03588499873876572
0 0.9320409893989563 0.9858459830284119 0.06792400032281876 0.027744000777602196
