0 0.6790280342102051 0.13512100279331207 0.08119100332260132 0.10397599637508392
0 0.8634780049324036 0.49359598755836487 0.07653400301933289 0.09468799829483032
0 0.028302013874053955 0.5504819750785828 0.056602999567985535 0.09206400066614151
0 0.7488349676132202 0.5546209812164307 0.07050599902868271 0.10094299912452698
0 0.9801989793777466 0.34330201148986816 0.03955800086259842 0.07392200082540512
0 0.610385000705719 0.16450099647045135 0.08006799966096878 0.10779599845409393
0 0.46261000633239746 0.35800600051879883 0.08181700110435486 0.09520000219345093
0 0.4123619794845581 0.3916420042514801 0.060488998889923096 0.0763619989156723
2 0.6961350440979004 0.3260740041732788 0.07747899740934372 0.09910000115633011
0 0.9744020104408264 0.20402100682258606 0.0497639998793602 0.10138099640607834
2 0.9443550109863281 0.4815869927406311 0.07296700030565262 0.09207099676132202
2 0.8078460097312927 0.5290449857711792 0.07830599695444107 0.09741000086069107
0 0.56666100025177 0.04142799973487854 0.07983099669218063 0.0826679989695549
0 0.0701640248298645 0.454569011926651 0.07689700275659561 0.09612999856472015
2 0.7176200151443481 0.22431300580501556 0.0712599977850914 0.09634499996900558
0 0.9011589884757996 0.5478389859199524 0.06918799877166748 0.09154900163412094
2 0.7011480331420898 0.9320160150527954 0.06468400359153748 0.09109099954366684
