2 0.8765770196914673 0.5457990169525146 0.08699599653482437 0.10864999890327454
2 0.7497769594192505 0.2161940038204193 0.08968900144100189 0.1221269965171814
2 0.3142300248146057 0.0513949990272522 0.09668300300836563 0.10111899673938751
2 0.5451630353927612 0.5212900042533875 0.0795150026679039 0.10263899713754654
2 0.6210479736328125 0.4090780019760132 0.07635799795389175 0.10067500174045563
2 0.33598798513412476 0.3715749979019165 0.07683300226926804 0.09861300140619278
2 0.08581000566482544 0.3717769980430603 0.08319299668073654 0.1013529971241951
2 0.8913469910621643 0.08598600327968597 0.11816699802875519 0.1395680010318756
2 0.3770449757575989 0.11473499983549118 0.08403299748897552 0.11156400293111801
2 0.48784101009368896 0.07840199768543243 0.08405999839305878 0.10284300148487091
2 0.7422360181808472 0.34897100925445557 0.12013199925422668 0.13840900361537933
2 0.06074202060699463 0.04154900088906288 0.10087200254201889 0.08309900015592575
2 0.4445599913597107 0.17364400625228882 0.06308899819850922 0.09359300136566162
2 0.3895930051803589 0.45111799240112305 0.08533299714326859 0.11312899738550186
2 0.6538729667663574 0.27049800753593445 0.10248400270938873 0.13945600390434265
2 0.5854629874229431 0.23201100528240204 0.10102500021457672 0.12582500278949738
2 0.9691219925880432 0.08082100003957748 0.06175599992275238 0.12389200180768967
2 0.47443801164627075 0.43357399106025696 0.08776699751615524 0.11286699771881104
2 0.7590240240097046 0.3589789867401123 0.08807499706745148 0.11822500079870224
