0 0.47938501834869385 0.6419050097465515 0.07235399633646011 0.10435999929904938
0 0.7125470042228699 0.5507090091705322 0.09678400307893753 0.11932899802923203
0 0.8172149658203125 0.4037669897079468 0.10227099806070328 0.11723800003528595
0 0.4371209740638733 0.5246430039405823 0.08602400124073029 0.10764499753713608
0 0.9847970008850098 0.4278320074081421 0.03040499985218048 0.10105700045824051
0 0.7804089784622192 0.5448259711265564 0.08196199685335159 0.10872799903154373
0 0.6737979650497437 0.4286099970340729 0.07670000195503235 0.11710699647665024
0 0.26532799005508423 0.9012069702148438 0.08785200119018555 0.11175499856472015
0 0.9830949902534485 0.41322100162506104 0.03237299993634224 0.09830600023269653
0 0.055872976779937744 0.047596998512744904 0.06875800341367722 0.09519399702548981
