2 0.36233997344970703 0.6881229877471924 0.08752699941396713 0.10763700306415558
2 0.3077579736709595 0.9557099938392639 0.08382300287485123 0.08857999742031097
2 0.7097699642181396 0.1580819934606552 0.06108599901199341 0.08575999736785889
2 0.596796989440918 0.48617300391197205 0.04420299828052521 0.0594400018453598
2 0.6275280117988586 0.13978099822998047 0.06000500172376633 0.07952699810266495
2 0.8595709800720215 0.5918779969215393 0.03634199872612953 0.043820999562740326
2 0.6117860078811646 0.02726699970662594 0.07022000104188919 0.05453399941325188
2 0.6632019877433777 0.1819249987602234 0.0565899983048439 0.07200799882411957
2 0.8874220252037048 0.5775039792060852 0.03824099898338318 0.04787899926304817
2 0.8473820090293884 0.4614869952201843 0.04130899906158447 0.05546199902892113
