0 0.28932100534439087 0.29754799604415894 0.07230599969625473 0.08969400078058243
0 0.8041319847106934 0.3828060030937195 0.06571000069379807 0.09064199775457382
2 0.48195701837539673 0.7012979984283447 0.06408300250768661 0.08939000219106674
0 0.6756809949874878 0.529833972454071 0.0757099986076355 0.09501300007104874
2 0.41928398609161377 0.7169870138168335 0.0675709992647171 0.09690500050783157
0 0.7657380104064941 0.675599992275238 0.07089100033044815 0.09795299917459488
0 0.7901009917259216 0.5565109848976135 0.0799890011548996 0.08497799932956696
2 0.32265597581863403 0.23249900341033936 0.0757879987359047 0.1053989976644516
0 0.9681439995765686 0.3169179856777191 0.061096999794244766 0.07412099838256836
0 0.8380709886550903 0.9892640113830566 0.06802400201559067 0.02147199958562851
2 0.30304598808288574 0.13672199845314026 0.07262100279331207 0.1063079982995987
2 0.39778900146484375 0.628557026386261 0.05691000074148178 0.07852599769830704
2 0.22046899795532227 0.21417400240898132 0.08095800131559372 0.10600899904966354
1 0.4975280165672302 0.49680399894714355 0.07325100153684616 0.09790000319480896
0 0.7881380319595337 0.5719929933547974 0.0884770005941391 0.1083960011601448
