2 0.5976200103759766 0.4425030052661896 0.06808999925851822 0.09116300195455551
2 0.5644980072975159 0.3637450039386749 0.0682549998164177 0.08310899883508682
2 0.1069449782371521 0.1472720056772232 0.06030799821019173 0.07599999755620956
2 0.4273120164871216 0.4019469916820526 0.06350500136613846 0.07640799880027771
2 0.4508259892463684 0.4619790017604828 0.06349299848079681 0.08651500195264816
2 0.4020940065383911 0.5242710113525391 0.07767999917268753 0.09272599965333939
2 0.2336300015449524 0.17714600265026093 0.06468299776315689 0.08046399801969528
1 0.9020529985427856 0.6631559729576111 0.06256899982690811 0.08382300287485123
2 0.07163900136947632 0.6621119976043701 0.05335500091314316 0.06727900356054306
2 0.5175740122795105 0.5384179949760437 0.06681299954652786 0.07955700159072876
2 0.1695600152015686 0.67849200963974 0.052111998200416565 0.06684499979019165
2 0.14992201328277588 0.19531099498271942 0.06605599820613861 0.08153700083494186
1 0.5606390237808228 0.6255239844322205 0.06554500013589859 0.08682599663734436
2 0.5603740215301514 0.6245669722557068 0.06633400171995163 0.08809799700975418
2 0.1658419966697693 0.08926399797201157 0.0634709969162941 0.08251599967479706
2 0.31828397512435913 0.594539999961853 0.05078800022602081 0.07581300288438797
2 0.19270598888397217 0.7203699946403503 0.04693499952554703 0.06650499999523163
1 0.8387010097503662 0.22610600292682648 0.07480499893426895 0.09297200292348862
2 0.6403039693832397 0.5891780257225037 0.055668000131845474 0.07526499778032303
1 0.8012180328369141 0.6286240220069885 0.05468500033020973 0.07338199764490128
2 0.454662024974823 0.5882419943809509 0.0642160028219223 0.0961259976029396
2 0.1145319938659668 0.043460000306367874 0.062073998153209686 0.07671599835157394
1 0.4144039750099182 0.7957410216331482 0.0659710019826889 0.06874299794435501
2 0.029323995113372803 0.5147110223770142 0.0496940016746521 0.057778000831604004
1 0.18772602081298828 0.017371999099850655 0.07395199686288834 0.03384599834680557
2 0.6364449858665466 0.7012220025062561 0.06493599712848663 0.08372899889945984
1 0.6361260414123535 0.7025020122528076 0.06405699998140335 0.08813299983739853
2 0.8379479646682739 0.22724699974060059 0.07758399844169617 0.09271399676799774
1 0.11859601736068726 0.7468860149383545 0.05007199943065643 0.06254799664020538
1 0.11811399459838867 0.38822001218795776 0.06241599842905998 0.07465600222349167
2 0.18498200178146362 0.01812100037932396 0.07147400081157684 0.03624099865555763
2 0.11489498615264893 0.38709500432014465 0.05595900118350983 0.07234500348567963
1 0.13145798444747925 0.40547099709510803 0.04672500118613243 0.05044100061058998
2 0.9487240314483643 0.017149999737739563 0.05571800097823143 0.03340800106525421
