2 0.4216960072517395 0.5489310026168823 0.07042200118303299 0.0898749977350235
2 0.5097230076789856 0.48539999127388 0.065652996301651 0.08077099919319153
2 0.47770702838897705 0.5918880105018616 0.06402400135993958 0.0805319994688034
2 0.8868849873542786 0.7905229926109314 0.06432799994945526 0.08342599868774414
2 0.7916790246963501 0.2249229997396469 0.06970799714326859 0.09082800149917603
2 0.36310601234436035 0.20217999815940857 0.06355900317430496 0.08585400134325027
1 0.03280198574066162 0.7451149821281433 0.05638999864459038 0.07229799777269363
2 0.42903202772140503 0.31019699573516846 0.07150600105524063 0.08737999945878983
1 0.904466986656189 0.9109910130500793 0.06754600256681442 0.09262199699878693
1 0.1283389925956726 0.6175000071525574 0.0625850036740303 0.0738689973950386
1 0.9478170275688171 0.8482599854469299 0.07144699990749359 0.09134799987077713
1 0.8188959956169128 0.10497000068426132 0.06704699993133545 0.08298999816179276
1 0.7671999931335449 0.14556099474430084 0.06617599725723267 0.0839809998869896
1 0.3405359983444214 0.10546000301837921 0.0758809968829155 0.09127400070428848
1 0.36288100481033325 0.7835540175437927 0.058281999081373215 0.06537800282239914
2 0.9471319913864136 0.8486940264701843 0.07235399633646011 0.08917500078678131
1 0.17512798309326172 0.9680950045585632 0.056127000600099564 0.06206100061535835
1 0.972262978553772 0.9597179889678955 0.05484800040721893 0.0805630013346672
2 0.8454779982566833 0.9119430184364319 0.060224998742341995 0.08623100072145462
2 0.41621798276901245 0.4794600009918213 0.04529700055718422 0.05727199837565422
1 0.7556290030479431 0.4280639886856079 0.06613200157880783 0.07329100370407104
1 0.8460260033607483 0.9115859866142273 0.06307400017976761 0.08872999995946884
2 0.44875097274780273 0.444938987493515 0.0665069967508316 0.08763399720191956
1 0.5345360040664673 0.38488900661468506 0.06732600182294846 0.08481299877166748
1 0.6973209977149963 0.9475629925727844 0.05416100099682808 0.06669099628925323
1 0.3106740117073059 0.7749469876289368 0.052060000598430634 0.06945499777793884
2 0.7665860056877136 0.1452299952507019 0.06922300159931183 0.0865359976887703
2 0.5350669622421265 0.3867810070514679 0.06713700294494629 0.08392799645662308
1 0.533939003944397 0.5539739727973938 0.05366399884223938 0.06585600227117538
1 0.6406520009040833 0.9014120101928711 0.047015998512506485 0.056779999285936356
1 0.9223200082778931 0.9813460111618042 0.05948900058865547 0.030889000743627548
1 0.22728800773620605 0.9761649966239929 0.050436001271009445 0.04766999930143356
2 0.5347080230712891 0.5535169839859009 0.0541049987077713 0.06817799806594849
1 0.3253129720687866 0.9137309789657593 0.05047199875116348 0.05663299933075905
1 0.8246369957923889 0.028147999197244644 0.07191599905490875 0.05620000138878822
1 0.18273001909255981 0.9062020182609558 0.04442400112748146 0.05604499951004982
1 0.10321700572967529 0.8919619917869568 0.05070500075817108 0.07342399656772614
0 0.02060997486114502 0.8064090013504028 0.036956001073122025 0.05140300095081329
2 0.18237102031707764 0.9069640040397644 0.043862998485565186 0.056846000254154205
1 0.8693109750747681 0.9837250113487244 0.049754999577999115 0.030565999448299408
2 0.08658498525619507 0.9678469896316528 0.06263399869203568 0.06149100139737129
1 0.9426810145378113 0.1873130053281784 0.044436998665332794 0.07583700120449066
