0 0.21064800024032593 0.438167005777359 0.0954279974102974 0.11311200261116028
0 0.33915501832962036 0.5637140274047852 0.08891099691390991 0.11198099702596664
0 0.13433998823165894 0.4071179926395416 0.07771799713373184 0.10606399923563004
0 0.05466097593307495 0.40920498967170715 0.08166400343179703 0.10454700142145157
0 0.6562440395355225 0.4861980080604553 0.07001399993896484 0.08129099756479263
0 0.6133739948272705 0.4004729986190796 0.07290299981832504 0.08825699985027313
0 0.5385389924049377 0.5235090255737305 0.06993000209331512 0.09104999899864197
0 0.609486997127533 0.543811023235321 0.06918700039386749 0.08012499660253525
0 0.04874700307846069 0.8751029968261719 0.07157199829816818 0.08448900282382965
0 0.5895160436630249 0.6372050046920776 0.07081799954175949 0.08858100324869156
0 0.2661780118942261 0.508525013923645 0.06590999662876129 0.10457299649715424
