2 0.4067689776420593 0.8459830284118652 0.04793599992990494 0.05847100168466568
2 0.20216798782348633 0.42323198914527893 0.04742500185966492 0.056926000863313675
2 0.27969497442245483 0.5147809982299805 0.0476359985768795 0.060019999742507935
2 0.18620502948760986 0.26421499252319336 0.046174999326467514 0.056814998388290405
2 0.0186079740524292 0.09621000289916992 0.037018999457359314 0.05889099836349487
2 0.2121880054473877 0.5693010091781616 0.05977899953722954 0.07120200246572495
2 0.1424890160560608 0.17912499606609344 0.04906199872493744 0.06247600167989731
2 0.1091570258140564 0.024886999279260635 0.049150001257658005 0.04977500066161156
2 0.24119800329208374 0.3928709924221039 0.04354399815201759 0.05350600183010101
2 0.5266389846801758 0.611365020275116 0.036896001547575 0.0470380000770092
2 0.43981999158859253 0.8836320042610168 0.03983300179243088 0.0582600012421608
2 0.1570039987564087 0.23272299766540527 0.0480789989233017 0.06232500076293945
2 0.30768299102783203 0.2557399868965149 0.03938300162553787 0.05324599891901016
2 0.3410789966583252 0.8679019808769226 0.036511000245809555 0.05252299830317497
2 0.41114097833633423 0.7717049717903137 0.04439400136470795 0.06330999732017517
2 0.09786301851272583 0.8601890206336975 0.031867001205682755 0.04384699836373329
2 0.0713300108909607 0.8543000221252441 0.03315600007772446 0.040585000067949295
2 0.11744600534439087 0.2786250114440918 0.041085999459028244 0.047449998557567596
