1 0.45260298252105713 0.8989310264587402 0.12580500543117523 0.12922799587249756
1 0.7670379877090454 0.6775820255279541 0.12900899350643158 0.15664899349212646
1 0.40405797958374023 0.7718960046768188 0.13961200416088104 0.15824200212955475
2 0.5988569855690002 0.8500099778175354 0.11176799982786179 0.17982099950313568
2 0.049458980560302734 0.6502360105514526 0.09891699999570847 0.1652349978685379
2 0.6549800038337708 0.23246000707149506 0.12708300352096558 0.1255439966917038
1 0.5487030148506165 0.29941800236701965 0.13276800513267517 0.15759000182151794
1 0.04817700386047363 0.6573420166969299 0.09146899729967117 0.16060400009155273
2 0.5467810034751892 0.30170100927352905 0.1307770013809204 0.15173299610614777
1 0.4240880012512207 0.9753050208091736 0.11863700300455093 0.04897100105881691
1 0.6560199856758118 0.23364900052547455 0.12774600088596344 0.1363070011138916
