0 0.6494569778442383 0.9053850173950195 0.08398299664258957 0.10468000173568726
0 0.26187199354171753 0.5538769960403442 0.08596400171518326 0.10664500296115875
0 0.36136502027511597 0.791778028011322 0.07082299888134003 0.09548400342464447
0 0.036993980407714844 0.4336169958114624 0.07398899644613266 0.12861000001430511
0 0.9629729986190796 0.4909600019454956 0.07405500113964081 0.09876599907875061
0 0.29308801889419556 0.7786759734153748 0.072393998503685 0.0980760008096695
0 0.9803320169448853 0.5945010185241699 0.038408998399972916 0.09888199716806412
0 0.3683509826660156 0.20389500260353088 0.08783099800348282 0.10712999850511551
0 0.8125579953193665 0.571956992149353 0.07663600146770477 0.09425900131464005
0 0.38109898567199707 0.517113983631134 0.07736700028181076 0.10100100189447403
2 0.07884597778320312 0.09101299941539764 0.07363799959421158 0.1022619977593422
0 0.8367930054664612 0.666638970375061 0.056095000356435776 0.08419100195169449
0 0.33827900886535645 0.3565309941768646 0.07762199640274048 0.09155000001192093
0 0.2366129755973816 0.11422300338745117 0.11608800292015076 0.15828900039196014
0 0.3372589945793152 0.5366700291633606 0.06383500248193741 0.09642700105905533
2 0.18042302131652832 0.4040369987487793 0.0648069977760315 0.09121300280094147
0 0.29248297214508057 0.017777999863028526 0.10162600129842758 0.033629998564720154
0 0.16779500246047974 0.020055999979376793 0.08089900016784668 0.038221001625061035
0 0.09607702493667603 0.5229099988937378 0.07620199769735336 0.0972450003027916
0 0.878150999546051 0.2644140124320984 0.0911720022559166 0.10330700129270554
0 0.24305301904678345 0.1310330033302307 0.09978199750185013 0.11758899688720703
