0 0.17836302518844604 0.12104900181293488 0.08037800341844559 0.09752599895000458
0 0.380653977394104 0.9172710180282593 0.07199899852275848 0.0899989977478981
0 0.7495200037956238 0.7252470254898071 0.06453099846839905 0.07770700007677078
0 0.3273259997367859 0.8063349723815918 0.06911999732255936 0.0870010033249855
0 0.32285600900650024 0.1644359976053238 0.07603199779987335 0.09524799883365631
0 0.7812920212745667 0.7813050150871277 0.07188200205564499 0.08834800124168396
0 0.7590290307998657 0.8685190081596375 0.06668099761009216 0.08419899642467499
0 0.41409802436828613 0.8171989917755127 0.07343599945306778 0.09151200205087662
0 0.2794889807701111 0.3246549963951111 0.0822639986872673 0.09369699656963348
0 0.74167400598526 0.6542209982872009 0.06969700008630753 0.08256100118160248
0 0.8712440133094788 0.2220029979944229 0.08844900131225586 0.11383900046348572
0 0.28181201219558716 0.676518976688385 0.0737759992480278 0.09018599987030029
0 0.11502200365066528 0.2609289884567261 0.06545399874448776 0.07740899920463562
0 0.18538200855255127 0.2617979943752289 0.07528000324964523 0.09118299931287766
0 0.8491529822349548 0.7560179829597473 0.060325998812913895 0.09546399861574173
0 0.4683939814567566 0.7441189885139465 0.0688759982585907 0.08634000271558762
0 0.17817598581314087 0.39384400844573975 0.07531499862670898 0.08179499953985214
0 0.2477329969406128 0.4440250098705292 0.07176700234413147 0.09434100240468979
0 0.2510070204734802 0.24741700291633606 0.07491300255060196 0.09218399971723557
0 0.2745410203933716 0.12077599763870239 0.06684699654579163 0.09724400192499161
0 0.8413479924201965 0.9874870181083679 0.07735700160264969 0.025025999173521996
0 0.8203669786453247 0.9140620231628418 0.06539399921894073 0.09085100144147873
0 0.8320319652557373 0.9856640100479126 0.09090100228786469 0.028672000393271446
0 0.35274702310562134 0.6797969937324524 0.06135199964046478 0.0771310031414032
0 0.8170109987258911 0.9866430163383484 0.08635299652814865 0.02671400085091591
