2 0.3573169708251953 0.8449779748916626 0.062118999660015106 0.07958699762821198
2 0.5465589761734009 0.775642991065979 0.06723000109195709 0.08465000241994858
2 0.3862699866294861 0.05618099868297577 0.05766100063920021 0.07066299766302109
2 0.43409299850463867 0.40611401200294495 0.0631290003657341 0.08041699975728989
2 0.3383600115776062 0.04864500090479851 0.06815899908542633 0.09630999714136124
2 0.43280601501464844 0.5337129831314087 0.059863001108169556 0.08004499971866608
2 0.3845840096473694 0.7656480073928833 0.06706999987363815 0.08072099834680557
2 0.5701420307159424 0.4809899926185608 0.06482400000095367 0.0798339992761612
2 0.23580098152160645 0.8744919896125793 0.05906800180673599 0.0758180022239685
1 0.08710998296737671 0.7052879929542542 0.06989800184965134 0.08844699710607529
2 0.4334620237350464 0.7227209806442261 0.061051998287439346 0.07848600298166275
2 0.4825260043144226 0.4928399920463562 0.06586399674415588 0.0805480033159256
2 0.39962100982666016 0.4809719920158386 0.06950599700212479 0.085316002368927
2 0.4565510153770447 0.6312819719314575 0.05845800042152405 0.07246900349855423
2 0.028504014015197754 0.6048880219459534 0.0565200001001358 0.08582700043916702
2 0.17340099811553955 0.48278799653053284 0.0669580027461052 0.08028499782085419
1 0.17333197593688965 0.4824199974536896 0.06618700176477432 0.08103299885988235
2 0.46753597259521484 0.5626760125160217 0.043613001704216 0.061845000833272934
1 0.016740024089813232 0.6999499797821045 0.03075600042939186 0.10972099751234055
