2 0.8532059788703918 0.7242810130119324 0.0750729963183403 0.10188700258731842
2 0.17886900901794434 0.48886099457740784 0.06877599656581879 0.0899059996008873
2 0.2789769768714905 0.5776349902153015 0.06662599742412567 0.08447600156068802
2 0.6898519992828369 0.7477160096168518 0.07371199876070023 0.09507100284099579
2 0.5860339999198914 0.7162529826164246 0.06434299796819687 0.08471599966287613
2 0.7918220162391663 0.6372330188751221 0.08107300102710724 0.10422500222921371
2 0.21508198976516724 0.28971099853515625 0.06790299713611603 0.08980999886989594
2 0.9386860132217407 0.6467409729957581 0.08364800363779068 0.10649000108242035
2 0.3337939977645874 0.5089020133018494 0.06908100098371506 0.08713000267744064
2 0.6994819641113281 0.39633798599243164 0.06785400211811066 0.09437199681997299
2 0.377564013004303 0.30062198638916016 0.06713899970054626 0.08708000183105469
2 0.42532801628112793 0.44050800800323486 0.07100699841976166 0.09011700004339218
2 0.6301850080490112 0.5753600001335144 0.0773719996213913 0.10037799924612045
2 0.26566100120544434 0.502331018447876 0.06613899767398834 0.07868699729442596
2 0.8635129928588867 0.523904025554657 0.0877079963684082 0.10070200264453888
2 0.898751974105835 0.8183050155639648 0.07512400299310684 0.10146699845790863
2 0.4598659873008728 0.1829569935798645 0.06977800279855728 0.08724799752235413
2 0.5530970096588135 0.39642098546028137 0.06422699987888336 0.09048700332641602
2 0.4679189920425415 0.5090889930725098 0.06940899789333344 0.09038300067186356
2 0.27073198556900024 0.2710759937763214 0.062125999480485916 0.0807270035147667
2 0.7965620160102844 0.9751080274581909 0.06700100004673004 0.04978400096297264
2 0.868461012840271 0.9706779718399048 0.07935000211000443 0.057962000370025635
2 0.4980030059814453 0.39489200711250305 0.06880199909210205 0.09694000333547592
2 0.736348032951355 0.45009198784828186 0.06911399960517883 0.09310200065374374
2 0.2666630148887634 0.4477449953556061 0.06060599908232689 0.07054699957370758
2 0.27965402603149414 0.38843101263046265 0.06464999914169312 0.07502199709415436
2 0.7000449895858765 0.6682220101356506 0.05766800045967102 0.07655899971723557
2 0.3032640218734741 0.24499300122261047 0.06070899963378906 0.08683899790048599
2 0.650422990322113 0.46486300230026245 0.06382899731397629 0.08713900297880173
1 0.4332060217857361 0.32353100180625916 0.06212199851870537 0.07973899692296982
2 0.9725300073623657 0.9740779995918274 0.05494000017642975 0.051844000816345215
2 0.9874719977378845 0.6284949779510498 0.023708999156951904 0.09805899858474731
