2 0.11197501420974731 0.8932340145111084 0.03365499898791313 0.04162700101733208
2 0.2507709860801697 0.025171000510454178 0.0328110009431839 0.04104200005531311
2 0.22902899980545044 0.210099995136261 0.03153900057077408 0.040265001356601715
2 0.10272997617721558 0.8562300205230713 0.03897700086236 0.04764999821782112
2 0.6646089553833008 0.24285799264907837 0.02853200025856495 0.03482000157237053
2 0.6723690032958984 0.17529800534248352 0.029258999973535538 0.037223998457193375
2 0.41231298446655273 0.3202579915523529 0.03361000120639801 0.03964700177311897
2 0.21333199739456177 0.1449349969625473 0.030494000762701035 0.0414309985935688
2 0.5943830013275146 0.0795150026679039 0.025968000292778015 0.0325080007314682
2 0.09059000015258789 0.8075199723243713 0.03982599824666977 0.054336998611688614
2 0.7037479877471924 0.13355900347232819 0.027899999171495438 0.034612998366355896
2 0.5669969916343689 0.09550199657678604 0.02774599939584732 0.03283099830150604
2 0.614683985710144 0.05521399900317192 0.027620000764727592 0.03610900044441223
2 0.4528520107269287 0.24968299269676208 0.029510000720620155 0.03994499891996384
2 0.5274319648742676 0.14208799600601196 0.027482999488711357 0.035100001841783524
2 0.14672398567199707 0.05654099956154823 0.034175001084804535 0.04229800030589104
2 0.5799280405044556 0.09604500234127045 0.02225399948656559 0.0317239984869957
2 0.5918270349502563 0.016224000602960587 0.03304100036621094 0.02978700026869774
2 0.42530500888824463 0.2185859978199005 0.030962999910116196 0.03689499944448471
2 0.23722398281097412 0.13492600619792938 0.026034999638795853 0.03439899906516075
2 0.35712701082229614 0.20430099964141846 0.03115900047123432 0.04143200069665909
2 0.5225149989128113 0.18525800108909607 0.027421999722719193 0.033438000828027725
2 0.4525529742240906 0.09932000190019608 0.032903000712394714 0.03843199834227562
2 0.17527800798416138 0.08072499930858612 0.029906999319791794 0.03782200068235397
2 0.39226698875427246 0.1909569948911667 0.027334000915288925 0.039184000343084335
