2 0.7506719827651978 0.37669798731803894 0.08718399703502655 0.12324199825525284
2 0.6753970384597778 0.20416000485420227 0.08749700337648392 0.1271049976348877
2 0.672104001045227 0.5877529978752136 0.09398200362920761 0.12189900130033493
2 0.2907950282096863 0.4680500030517578 0.09091900289058685 0.11220300197601318
2 0.4584310054779053 0.8281099796295166 0.08116000145673752 0.10957799851894379
2 0.2777460217475891 0.5777559876441956 0.09321600198745728 0.11212199926376343
2 0.5133609771728516 0.9470369815826416 0.06962600350379944 0.09984900057315826
2 0.289667010307312 0.8377950191497803 0.08002100139856339 0.1058730036020279
2 0.4582909941673279 0.7223309874534607 0.09481000155210495 0.12395600229501724
2 0.13135498762130737 0.38038501143455505 0.06515199691057205 0.07607199996709824
2 0.5696539878845215 0.7046830058097839 0.10472899675369263 0.12757299840450287
2 0.6424750089645386 0.6859300136566162 0.07804399728775024 0.1077990010380745
2 0.6424170136451721 0.019370999187231064 0.08531700074672699 0.03689799830317497
2 0.5423470139503479 0.018163999542593956 0.0874520018696785 0.03557800129055977
2 0.41903799772262573 0.016526000574231148 0.07591500133275986 0.03206599876284599
2 0.34224599599838257 0.9723730087280273 0.06556499749422073 0.05345999822020531
0 0.031059980392456055 0.815434992313385 0.06175300106406212 0.10763200372457504
2 0.41415297985076904 0.013012000359594822 0.0706000030040741 0.025445999577641487
2 0.40872901678085327 0.9560120105743408 0.047899000346660614 0.07342000305652618
