2 0.6635110378265381 0.059011999517679214 0.08534800261259079 0.10183600336313248
2 0.25399601459503174 0.8531190156936646 0.08015800267457962 0.10507500171661377
2 0.3705980181694031 0.5253940224647522 0.09051299840211868 0.10810200124979019
2 0.05448198318481445 0.7995070219039917 0.07663500308990479 0.10067100077867508
2 0.1921520233154297 0.5068079829216003 0.0711980015039444 0.10669399797916412
2 0.02163100242614746 0.8818989992141724 0.03819900006055832 0.08272399753332138
2 0.2737659811973572 0.34814000129699707 0.09237299859523773 0.11443500220775604
2 0.42878901958465576 0.07609900087118149 0.09182000160217285 0.1388850063085556
2 0.6497780084609985 0.8324440121650696 0.10176999866962433 0.11662600189447403
2 0.5819729566574097 0.4586150050163269 0.06963799893856049 0.11521399766206741
0 0.8408169746398926 0.1575070023536682 0.12496399879455566 0.14907699823379517
2 0.7495110034942627 0.9427700042724609 0.08545999974012375 0.11108899861574173
2 0.9581509828567505 0.7182210087776184 0.08369699865579605 0.14697100222110748
2 0.367654025554657 0.1746940016746521 0.11175700277090073 0.18504999577999115
2 0.2796580195426941 0.11355700343847275 0.0918779969215393 0.1133980005979538
0 0.32141101360321045 0.6647530198097229 0.10593300312757492 0.12987999618053436
2 0.27624398469924927 0.2165050059556961 0.0937580019235611 0.1035119965672493
0 0.8082250356674194 0.5539150238037109 0.12880900502204895 0.16209599375724792
0 0.9793199896812439 0.28870201110839844 0.040709998458623886 0.10392899811267853
2 0.3801569938659668 0.21429499983787537 0.08720099925994873 0.10467399656772614
2 0.00786501169204712 0.9469599723815918 0.015730999410152435 0.07685499638319016
2 0.6308490037918091 0.9445120096206665 0.07140100002288818 0.1059890016913414
2 0.7547879815101624 0.1551470011472702 0.06369899958372116 0.08723700046539307
2 0.960614025592804 0.6983129978179932 0.07829699665307999 0.11060900241136551
