1 0.9438719749450684 0.5616199970245361 0.1122559979557991 0.14341199398040771
1 0.739425003528595 0.5135980248451233 0.08814399689435959 0.09236299991607666
1 0.7855690121650696 0.5974289774894714 0.1268330067396164 0.1416960060596466
1 0.9502109885215759 0.8074020147323608 0.08943500369787216 0.14312100410461426
1 0.8844490051269531 0.7211740016937256 0.09830500185489655 0.12077099829912186
1 0.6818469762802124 0.6394370198249817 0.12376300245523453 0.1314059942960739
1 0.48194098472595215 0.5908480286598206 0.060896001756191254 0.07749500125646591
1 0.9862250089645386 0.6680859923362732 0.027549000456929207 0.12247499823570251
1 0.42991501092910767 0.5877090096473694 0.054322998970746994 0.06867700070142746
2 0.40453600883483887 0.27727898955345154 0.06750799715518951 0.13018199801445007
