0 0.1739479899406433 0.665365993976593 0.0783429965376854 0.10596899688243866
0 0.059683024883270264 0.4900040030479431 0.045917000621557236 0.06977000087499619
0 0.39761602878570557 0.5942779779434204 0.047033000737428665 0.06359600275754929
0 0.424111008644104 0.5733759999275208 0.05857599899172783 0.07093899697065353
0 0.3325660228729248 0.5910710096359253 0.07410600036382675 0.08680199831724167
0 0.2132989764213562 0.4917669892311096 0.04684700071811676 0.06342499703168869
0 0.4644169807434082 0.6170499920845032 0.05031200125813484 0.07661999762058258
0 0.22063499689102173 0.07439900189638138 0.03576499968767166 0.041395001113414764
0 0.24691098928451538 0.22960400581359863 0.05040999874472618 0.06818900257349014
0 0.5192149877548218 0.527783989906311 0.06063299998641014 0.07285299897193909
