2 0.46899598836898804 0.3060950040817261 0.06872999668121338 0.0964760035276413
0 0.5404280424118042 0.07550500333309174 0.0648759976029396 0.07810100167989731
0 0.4881119728088379 0.9202269911766052 0.06334099918603897 0.0785909965634346
2 0.0286409854888916 0.7418040037155151 0.057280998677015305 0.07880400121212006
2 0.2762349843978882 0.45712900161743164 0.06483999639749527 0.08319199830293655
2 0.3872860074043274 0.379393994808197 0.059960998594760895 0.08107300102710724
0 0.9438689947128296 0.9243289828300476 0.0954969972372055 0.12375099956989288
0 0.7878730297088623 0.691402018070221 0.07175499945878983 0.08755200356245041
0 0.5612599849700928 0.7539089918136597 0.06712300330400467 0.08155900239944458
0 0.8546800017356873 0.6862180233001709 0.07857000082731247 0.09945599734783173
2 0.5018819570541382 0.4973059892654419 0.06637799739837646 0.08033599704504013
0 0.583469033241272 0.930961012840271 0.06315399706363678 0.07993599772453308
2 0.4227070212364197 0.448403000831604 0.0615370012819767 0.07852199673652649
0 0.49152201414108276 0.6247400045394897 0.06424599885940552 0.07860100269317627
0 0.538133978843689 0.9327690005302429 0.054110001772642136 0.07437500357627869
