0 0.6541579961776733 0.7805629968643188 0.07601799815893173 0.09568999707698822
0 0.9549580216407776 0.37217798829078674 0.0900849997997284 0.12732599675655365
0 0.8635939955711365 0.46317699551582336 0.10093499720096588 0.12964099645614624
0 0.8429250121116638 0.9235929846763611 0.07715599983930588 0.0981760025024414
0 0.7666729688644409 0.4849109947681427 0.10461799800395966 0.13727900385856628
0 0.49015098810195923 0.6067339777946472 0.0969650000333786 0.11305300146341324
0 0.9262449741363525 0.63127601146698 0.07861699908971786 0.10028000175952911
0 0.5162230134010315 0.33553799986839294 0.08232399821281433 0.11570200324058533
0 0.4226459860801697 0.3131040036678314 0.10315600037574768 0.11918099969625473
0 0.6567980051040649 0.4922949969768524 0.10224000364542007 0.12522700428962708
0 0.45007097721099854 0.4529019892215729 0.09259899705648422 0.11514200270175934
0 0.04548299312591553 0.3994959890842438 0.09096600115299225 0.12705400586128235
0 0.6698290109634399 0.2057349979877472 0.10060200095176697 0.12143100053071976
0 0.7172139883041382 0.6193659901618958 0.09928900003433228 0.12745000422000885
0 0.5841889977455139 0.7983009815216064 0.06067299842834473 0.08026699721813202
0 0.8042290210723877 0.27772900462150574 0.11229699850082397 0.13338600099086761
0 0.037564992904663086 0.23159299790859222 0.07131899893283844 0.11112900078296661
0 0.32318800687789917 0.42697200179100037 0.06226599961519241 0.10047399997711182
0 0.9318410158157349 0.2698430120944977 0.10078500211238861 0.12584400177001953
0 0.25676602125167847 0.46919700503349304 0.0890209972858429 0.11894199997186661
0 0.9217259883880615 0.11067900061607361 0.07713399827480316 0.1074099987745285
1 0.9153410196304321 0.5374770164489746 0.0703829973936081 0.08954200148582458
0 0.9900519847869873 0.12130600214004517 0.019884999841451645 0.0817210003733635
0 0.9389330148696899 0.9120110273361206 0.09123499691486359 0.10000500082969666
0 0.8660340309143066 0.20589399337768555 0.0816119983792305 0.11685200035572052
0 0.9893389940261841 0.10391700267791748 0.018247999250888824 0.10301700234413147
0 0.718209981918335 0.8551309704780579 0.06030600145459175 0.08244600147008896
0 0.3192669749259949 0.5676019787788391 0.06915900111198425 0.1117829978466034
0 0.6007040143013 0.7279360294342041 0.06160899996757507 0.0975399985909462
0 0.15714502334594727 0.045444998890161514 0.1103539988398552 0.08504199981689453
0 0.9063990116119385 0.758961021900177 0.07006700336933136 0.07851599901914597
0 0.8545129895210266 0.18964000046253204 0.09799399971961975 0.10362300276756287
0 0.9123929738998413 0.9122120141983032 0.05929499864578247 0.0970740020275116
