2 0.9111419916152954 0.5939030051231384 0.07824099808931351 0.12047600001096725
1 0.30234700441360474 0.47528499364852905 0.09199900180101395 0.10962200164794922
1 0.315883994102478 0.3038400113582611 0.1004130020737648 0.11458099633455276
1 0.2901340126991272 0.9199720025062561 0.05839100107550621 0.08748999983072281
2 0.7795729637145996 0.5139610171318054 0.10004699975252151 0.11454299837350845
2 0.5513800382614136 0.3659430146217346 0.10012300312519073 0.13301900029182434
1 0.6063989996910095 0.9034759998321533 0.07057499885559082 0.09350600093603134
1 0.5527349710464478 0.365539014339447 0.10261499881744385 0.13263100385665894
1 0.9100599884986877 0.16992700099945068 0.10173200070858002 0.11484599858522415
1 0.139972984790802 0.9739770293235779 0.1054690033197403 0.05131300166249275
1 0.8008459806442261 0.6161820292472839 0.10018999874591827 0.10425999760627747
1 0.6930789947509766 0.5581570267677307 0.07940900325775146 0.10945899784564972
1 0.6449260115623474 0.9771019816398621 0.07909999787807465 0.045795999467372894
2 0.03447699546813965 0.5978220105171204 0.06715700030326843 0.11499500274658203
1 0.7652119994163513 0.708853006362915 0.0842370018362999 0.10074400156736374
2 0.9717100262641907 0.1355780065059662 0.05657999962568283 0.09681999683380127
