0 0.861952006816864 0.2936510145664215 0.06498599797487259 0.0684870034456253
0 0.756430983543396 0.21688799560070038 0.05395499989390373 0.07045900076627731
0 0.7095890045166016 0.3825739920139313 0.05593400076031685 0.06654100120067596
0 0.4715759754180908 0.47091200947761536 0.052448999136686325 0.06376499682664871
0 0.8641030192375183 0.3944700062274933 0.06135400012135506 0.06554800271987915
0 0.4451289772987366 0.3615649938583374 0.05317499861121178 0.06339800357818604
0 0.9138759970664978 0.2358199954032898 0.05962099879980087 0.06850899755954742
0 0.4976770281791687 0.37465301156044006 0.06413500010967255 0.07256700098514557
0 0.7373470067977905 0.47333499789237976 0.056471001356840134 0.06709399819374084
0 0.8058589696884155 0.3269540071487427 0.05384799838066101 0.06781099736690521
0 0.5971540212631226 0.2363629937171936 0.06888999789953232 0.08749900013208389
0 0.9535589814186096 0.17680400609970093 0.05817599967122078 0.06786999851465225
0 0.27449601888656616 0.03288799896836281 0.06063200160861015 0.06260599941015244
0 0.6873799562454224 0.19501599669456482 0.051382001489400864 0.0703670009970665
0 0.8596529960632324 0.21572400629520416 0.06003199890255928 0.06864400207996368
0 0.8129670023918152 0.22937500476837158 0.059539999812841415 0.07629299908876419
0 0.913739025592804 0.2912600040435791 0.055810000747442245 0.05880799889564514
