0 0.2368360161781311 0.45992299914360046 0.1092509999871254 0.1281220018863678
0 0.49717801809310913 0.7874850034713745 0.10378800332546234 0.12421800196170807
0 0.9101129770278931 0.671019971370697 0.08303499966859818 0.10796999931335449
0 0.9691889882087708 0.9450920224189758 0.06162299960851669 0.0968099981546402
0 0.13744699954986572 0.1648699939250946 0.09175900369882584 0.1361680030822754
1 0.6744309663772583 0.9550229907035828 0.09645400196313858 0.08995400369167328
0 0.01660001277923584 0.6071640253067017 0.031259000301361084 0.11946199834346771
0 0.6423419713973999 0.5936179757118225 0.07959699630737305 0.10997399687767029
0 0.9451559782028198 0.7728850245475769 0.07283099740743637 0.10352600365877151
0 0.012414991855621338 0.6068829894065857 0.02483000047504902 0.11151500046253204
