0 0.6750609874725342 0.7763109803199768 0.09258899837732315 0.11717099696397781
0 0.21492499113082886 0.44341498613357544 0.09039600193500519 0.1170549988746643
0 0.4571790099143982 0.9504799842834473 0.07782900333404541 0.09808400273323059
0 0.9742050170898438 0.28830400109291077 0.051589999347925186 0.11408499628305435
0 0.5359370112419128 0.9437029957771301 0.08671800047159195 0.11259499937295914
0 0.8158490061759949 0.38464298844337463 0.08570600301027298 0.11087899655103683
0 0.8586080074310303 0.49106699228286743 0.061455000191926956 0.08827199786901474
0 0.26968199014663696 0.04790300130844116 0.10165999829769135 0.09580600261688232
0 0.34662002325057983 0.6913149952888489 0.07896099984645844 0.09759200364351273
0 0.33431100845336914 0.38752299547195435 0.0848739966750145 0.10904700309038162
0 0.2964410185813904 0.42069700360298157 0.07745499908924103 0.10226500034332275
2 0.1222270131111145 0.30940499901771545 0.06583300232887268 0.09828899800777435
0 0.26872098445892334 0.20746800303459167 0.08054699748754501 0.09748400002717972
0 0.6950429677963257 0.9516119956970215 0.08460500091314316 0.09677600115537643
0 0.37905997037887573 0.9637150168418884 0.09856300055980682 0.07224299758672714
0 0.7854880094528198 0.9143580198287964 0.08253899961709976 0.10698900371789932
0 0.05239999294281006 0.4423559904098511 0.08009800314903259 0.08352299779653549
0 0.042082011699676514 0.1723400056362152 0.07836800068616867 0.11000899970531464
