2 0.7536109685897827 0.6874920129776001 0.07644599676132202 0.10378099977970123
2 0.42414599657058716 0.5702630281448364 0.09290599822998047 0.11875999718904495
2 0.23006600141525269 0.9065899848937988 0.07158199697732925 0.09958299994468689
2 0.7813270092010498 0.09845899790525436 0.06880299746990204 0.09608100354671478
2 0.39085400104522705 0.7035719752311707 0.0725800022482872 0.10629499703645706
2 0.4776189923286438 0.3296099901199341 0.07717499881982803 0.10893800109624863
2 0.2848140001296997 0.7557269930839539 0.07084400206804276 0.11017300188541412
2 0.9790400266647339 0.461993008852005 0.041776999831199646 0.09482499957084656
2 0.7355340123176575 0.04718400165438652 0.06920500099658966 0.09405799955129623
2 0.7357549667358398 0.7955350279808044 0.07916700094938278 0.09692200273275375
2 0.20954900979995728 0.7432259917259216 0.07686000317335129 0.1023309975862503
2 0.9705740213394165 0.11114399880170822 0.058851998299360275 0.09448099881410599
2 0.8080309629440308 0.15753300487995148 0.05545999854803085 0.07779300212860107
2 0.15757900476455688 0.8043659925460815 0.07032199949026108 0.09401199966669083
2 0.29996198415756226 0.6019089818000793 0.060676999390125275 0.11341699957847595
2 0.13744598627090454 0.685204029083252 0.0721689984202385 0.08260899782180786
2 0.23972100019454956 0.5934159755706787 0.06458400189876556 0.10146799683570862
2 0.1429169774055481 0.6300510168075562 0.07269400358200073 0.08920200169086456
2 0.45996999740600586 0.26897498965263367 0.06851399689912796 0.0739390030503273
2 0.8171129822731018 0.041095998138189316 0.07819999754428864 0.08219099789857864
2 0.5454440116882324 0.3381659984588623 0.0725490003824234 0.0979750007390976
2 0.667477011680603 0.28606799244880676 0.06824900209903717 0.07942599803209305
2 0.41516101360321045 0.9864500164985657 0.08291299641132355 0.026763999834656715
2 0.6657600402832031 0.3575890064239502 0.059487998485565186 0.09293399751186371
