0 0.6753280162811279 0.9124389886856079 0.07374399900436401 0.09419599920511246
0 0.3461899757385254 0.4527539908885956 0.06962200254201889 0.08650700002908707
2 0.560368001461029 0.23971900343894958 0.07945500314235687 0.11580699682235718
2 0.5302870273590088 0.1404549926519394 0.07115600258111954 0.09249400347471237
2 0.6308519840240479 0.21243999898433685 0.07297399640083313 0.09536299854516983
2 0.6086350083351135 0.09651400148868561 0.06968999654054642 0.10175400227308273
0 0.31867897510528564 0.3704630136489868 0.0749329999089241 0.08731099963188171
0 0.3891100287437439 0.9827629923820496 0.07536300271749496 0.0344729982316494
0 0.8884720206260681 0.0703359991312027 0.09366700053215027 0.11785200238227844
2 0.8882589936256409 0.07114800065755844 0.09246200323104858 0.1115180030465126
