2 0.7836589813232422 0.44071799516677856 0.06746699661016464 0.09194999933242798
2 0.449271023273468 0.513276994228363 0.06676200032234192 0.09355799853801727
2 0.7189329862594604 0.46938300132751465 0.0656299963593483 0.11828400194644928
2 0.499845027923584 0.5929470062255859 0.07687900215387344 0.0922740027308464
2 0.7665510177612305 0.1665779948234558 0.08109399676322937 0.11185000091791153
2 0.6848770380020142 0.371271014213562 0.07126700133085251 0.095551997423172
2 0.7603750228881836 0.33365899324417114 0.06346400082111359 0.08952700346708298
2 0.3971490263938904 0.6990399956703186 0.07935299724340439 0.09773000329732895
2 0.9546440243721008 0.16903699934482574 0.08431199938058853 0.10772600024938583
1 0.7654520273208618 0.1680939942598343 0.0835999995470047 0.11049400269985199
0 0.9556980133056641 0.16868199408054352 0.08222399652004242 0.10589200258255005
1 0.6921219825744629 0.25965800881385803 0.11813200265169144 0.09877199679613113
1 0.7173830270767212 0.12244699895381927 0.06369999796152115 0.08548499643802643
2 0.8365190029144287 0.11875399947166443 0.08010099828243256 0.1125119999051094
