2 0.6262019872665405 0.7521970272064209 0.07242900133132935 0.0974539965391159
2 0.770700991153717 0.8831130266189575 0.06743200123310089 0.08487199991941452
2 0.7185419797897339 0.8289279937744141 0.07463499903678894 0.08952599763870239
2 0.7031289935112 0.7758209705352783 0.07334599643945694 0.08466000109910965
2 0.9214439988136292 0.12316600233316422 0.05166799947619438 0.06286399811506271
1 0.030146002769470215 0.45176100730895996 0.06029300019145012 0.08628600090742111
1 0.21361297369003296 0.8030740022659302 0.06464599817991257 0.07780200242996216
1 0.13744497299194336 0.6706420183181763 0.07646399736404419 0.08645900338888168
2 0.22089701890945435 0.49000999331474304 0.058726001530885696 0.09119699895381927
2 0.23160701990127563 0.6744920015335083 0.07025499641895294 0.09030599892139435
1 0.16935497522354126 0.5514029860496521 0.06762699782848358 0.0857819989323616
1 0.19474202394485474 0.8735520243644714 0.06660900264978409 0.07415200024843216
1 0.1857050061225891 0.9528189897537231 0.060527000576257706 0.06773500144481659
2 0.9053499698638916 0.17858299612998962 0.048980001360177994 0.061361998319625854
1 0.11049497127532959 0.5095270276069641 0.07142399996519089 0.07305099815130234
2 0.9724609851837158 0.6711199879646301 0.05507799983024597 0.07170499861240387
2 0.19432199001312256 0.8737329840660095 0.06478500366210938 0.0756170004606247
1 0.2748050093650818 0.7835149765014648 0.0608379989862442 0.07241199910640717
2 0.13660699129104614 0.6715409755706787 0.07429499924182892 0.08685000240802765
1 0.1739640235900879 0.701416015625 0.05268999934196472 0.07090499997138977
2 0.7228609919548035 0.7179039716720581 0.06318800151348114 0.0696130022406578
2 0.8374109864234924 0.7780659794807434 0.04241799935698509 0.08239199966192245
2 0.30935800075531006 0.8844190239906311 0.05820000171661377 0.07753600180149078
