0 0.5263999700546265 0.22679300606250763 0.08406399935483932 0.10699799656867981
0 0.607338011264801 0.23509900271892548 0.1091499999165535 0.12618699669837952
0 0.7422109842300415 0.37971800565719604 0.10509800165891647 0.1262349933385849
0 0.44359397888183594 0.22676700353622437 0.08678500354290009 0.11278700083494186
0 0.13334399461746216 0.6268029808998108 0.0817129984498024 0.10294199734926224
0 0.09797900915145874 0.4986189901828766 0.07696899771690369 0.1000949963927269
0 0.955357015132904 0.3978550136089325 0.08443699777126312 0.10715799778699875
0 0.2749210000038147 0.5525389909744263 0.07781799882650375 0.09787599742412567
0 0.6628760099411011 0.35791298747062683 0.07653500139713287 0.1054069995880127
0 0.027280986309051514 0.6662359833717346 0.053596001118421555 0.09491299837827682
0 0.9844679832458496 0.5188429951667786 0.031063999980688095 0.09718599915504456
0 0.08072197437286377 0.6512429714202881 0.06875000149011612 0.10318399965763092
0 0.10571002960205078 0.7628250122070312 0.07966899871826172 0.09819900244474411
0 0.422976016998291 0.7363619804382324 0.06371600180864334 0.07858099788427353
