2 0.9606040120124817 0.17256200313568115 0.07490299642086029 0.12157200276851654
2 0.49146902561187744 0.8114619851112366 0.07868000119924545 0.10389800369739532
2 0.7192809581756592 0.468315988779068 0.08024399727582932 0.09663999825716019
2 0.950872004032135 0.3521519899368286 0.06766100227832794 0.08640100061893463
2 0.39520198106765747 0.7058510184288025 0.08012799918651581 0.10284899920225143
2 0.4477970004081726 0.7263659834861755 0.0628879964351654 0.08750899881124496
2 0.44516199827194214 0.6473559737205505 0.04602799937129021 0.06459499895572662
2 0.44677501916885376 0.8596590161323547 0.050078000873327255 0.0619329996407032
2 0.33515501022338867 0.8148800134658813 0.04801600053906441 0.0609310008585453
2 0.22272199392318726 0.8596829771995544 0.05855000019073486 0.08626999706029892
2 0.3861539959907532 0.9682329893112183 0.0634479969739914 0.06353399902582169
