2 0.3737980127334595 0.2478029727935791 0.07242900133132935 0.0974539965391159
2 0.22929899394512177 0.11688697338104248 0.06743200123310089 0.08487199991941452
2 0.2814579904079437 0.17107200622558594 0.07463499903678894 0.08952599763870239
2 0.29687100648880005 0.22417902946472168 0.07334599643945694 0.08466000109910965
2 0.07855600118637085 0.876833975315094 0.05166799947619438 0.06286399811506271
1 0.9698539972305298 0.54823899269104 0.06029300019145012 0.08628600090742111
1 0.786387026309967 0.19692599773406982 0.06464599817991257 0.07780200242996216
1 0.8625550270080566 0.32935798168182373 0.07646399736404419 0.08645900338888168
2 0.7791029810905457 0.5099899768829346 0.058726001530885696 0.09119699895381927
2 0.7683929800987244 0.3255079984664917 0.07025499641895294 0.09030599892139435
1 0.8306450247764587 0.4485970139503479 0.06762699782848358 0.0857819989323616
1 0.8052579760551453 0.12644797563552856 0.06660900264978409 0.07415200024843216
1 0.8142949938774109 0.047181010246276855 0.060527000576257706 0.06773500144481659
2 0.09465000033378601 0.821416974067688 0.048980001360177994 0.061361998319625854
1 0.8895050287246704 0.4904729723930359 0.07142399996519089 0.07305099815130234
2 0.027538999915122986 0.3288800120353699 0.05507799983024597 0.07170499861240387
2 0.8056780099868774 0.12626701593399048 0.06478500366210938 0.0756170004606247
1 0.7251949906349182 0.21648502349853516 0.0608379989862442 0.07241199910640717
2 0.8633930087089539 0.3284590244293213 0.07429499924182892 0.08685000240802765
1 0.8260359764099121 0.298583984375 0.05268999934196472 0.07090499997138977
2 0.27713900804519653 0.2820960283279419 0.06318800151348114 0.0696130022406578
2 0.16258899867534637 0.2219340205192566 0.04241799935698509 0.08239199966192245
2 0.6906419992446899 0.1155809760093689 0.05820000171661377 0.07753600180149078
