2 0.1285109966993332 0.6099849939346313 0.07577399909496307 0.10759399831295013
2 0.6410109996795654 0.15197598934173584 0.07188600301742554 0.10389699786901474
2 0.26402199268341064 0.5914340019226074 0.06933800131082535 0.09213200211524963
2 0.22887900471687317 0.6628519892692566 0.08796700090169907 0.09848199784755707
2 0.49414199590682983 0.6308820247650146 0.06909699738025665 0.0925849974155426
2 0.4539160132408142 0.8705199956893921 0.05700799822807312 0.07505399733781815
2 0.5006809830665588 0.8052970170974731 0.05899300053715706 0.07053100317716599
2 0.6420810222625732 0.5279749631881714 0.06344900280237198 0.06722500175237656
2 0.03264499828219414 0.022734999656677246 0.06529100239276886 0.04245699942111969
2 0.048156000673770905 0.07219898700714111 0.07743000239133835 0.08723899722099304
