0 0.5041840076446533 0.14076197147369385 0.0715399980545044 0.09034500271081924
0 0.37294599413871765 0.8298330307006836 0.08320300281047821 0.10705099999904633
2 0.6610080003738403 0.924780011177063 0.07673399895429611 0.10457299649715424
0 0.2804650068283081 0.38739997148513794 0.09484300017356873 0.11989200115203857
0 0.4174549877643585 0.5726250410079956 0.08688300102949142 0.11079200357198715
2 0.7094169855117798 0.8574550151824951 0.08495400100946426 0.1321990042924881
0 0.05766899883747101 0.03734701871871948 0.08346299827098846 0.07469400018453598
0 0.7934209704399109 0.48192501068115234 0.09033399820327759 0.1014690026640892
2 0.7884759902954102 0.8222119808197021 0.07996799796819687 0.0909539982676506
2 0.49775800108909607 0.8910189867019653 0.05963600054383278 0.07148600369691849
2 0.03147299960255623 0.20172297954559326 0.06294699758291245 0.11185699701309204
2 0.0783969983458519 0.395641028881073 0.07705599814653397 0.09372899681329727
0 0.39941900968551636 0.42651402950286865 0.08624599874019623 0.10847900062799454
0 0.5907589793205261 0.11254298686981201 0.08337000012397766 0.10402999818325043
0 0.5024700164794922 0.2470729947090149 0.09331099689006805 0.1140659973025322
0 0.08475899696350098 0.27417802810668945 0.08937499672174454 0.10999400168657303
2 0.7404620051383972 0.5875270366668701 0.07370500266551971 0.09297099709510803
0 0.41001299023628235 0.2868430018424988 0.08149799704551697 0.10534500330686569
0 0.9001970291137695 0.7552070021629333 0.08893399685621262 0.1117120012640953
2 0.7822279930114746 0.9024640321731567 0.07807300239801407 0.09254299849271774
0 0.5502380132675171 0.33229702711105347 0.0741719976067543 0.09087900072336197
2 0.15588699281215668 0.5085660219192505 0.08284399658441544 0.09516800194978714
0 0.26660799980163574 0.6484360098838806 0.09523800015449524 0.11470899730920792
0 0.7104460000991821 0.8679580092430115 0.08306799829006195 0.11338800191879272
2 0.4081139862537384 0.28654199838638306 0.08388099819421768 0.10027799755334854
