0 0.26622098684310913 0.59654301404953 0.07671099901199341 0.09736599773168564
0 0.07244899868965149 0.6982640027999878 0.08758500218391418 0.1100429967045784
0 0.5306940078735352 0.9279320240020752 0.08259899914264679 0.11526700109243393
0 0.3815099895000458 0.5320580005645752 0.07223600149154663 0.09934700280427933
0 0.45995399355888367 0.9544450044631958 0.08179699629545212 0.09110900014638901
0 0.033100999891757965 0.5601490139961243 0.06620100140571594 0.10982199758291245
0 0.022724999114871025 0.3350980281829834 0.045118000358343124 0.09273800253868103
0 0.6741529703140259 0.7249100208282471 0.08868599683046341 0.10217999666929245
0 0.6577000021934509 0.8144490122795105 0.08655700087547302 0.10476599633693695
0 0.13540300726890564 0.892316997051239 0.09369699656963348 0.11104100197553635
0 0.22264300286769867 0.54441899061203 0.07060399651527405 0.10190799832344055
0 0.7239869832992554 0.6876640319824219 0.061468999832868576 0.07580199837684631
0 0.4380730092525482 0.7620840072631836 0.07887700200080872 0.10293199867010117
1 0.03962099924683571 0.4674919843673706 0.07245399802923203 0.07584500312805176
2 0.4168669879436493 0.1399800181388855 0.07173299789428711 0.09380199760198593
0 0.13285699486732483 0.7618750333786011 0.06701900064945221 0.08888600021600723
0 0.34589099884033203 0.36576300859451294 0.06979300081729889 0.08410400152206421
0 0.6096180081367493 0.7521359920501709 0.06704799830913544 0.10195200145244598
0 0.5731130242347717 0.9076340198516846 0.06095900014042854 0.09384699910879135
0 0.6610000133514404 0.9149180054664612 0.0641850009560585 0.10339599847793579
