2 0.07013999670743942 0.3630800247192383 0.07873400300741196 0.1250690072774887
1 0.6712520122528076 0.44850701093673706 0.08602999895811081 0.10347100347280502
1 0.6573759913444519 0.6104600429534912 0.09564600139856339 0.11539500206708908
1 0.27612000703811646 0.38729697465896606 0.07085199654102325 0.1019349992275238
2 0.45052799582481384 0.5615819692611694 0.09963200241327286 0.1279670000076294
1 0.09251700341701508 0.7746579647064209 0.10034599900245667 0.1151920035481453
1 0.9119120240211487 0.3202130198478699 0.0809670016169548 0.0892070010304451
1 0.2072409987449646 0.24233198165893555 0.0849590003490448 0.09614100307226181
1 0.6645849943161011 0.030164003372192383 0.05774199962615967 0.060329001396894455
1 0.3452329933643341 0.04831200838088989 0.07396899908781052 0.08909399807453156
1 0.20610299706459045 0.43228399753570557 0.09997899830341339 0.11491099745035172
2 0.20548699796199799 0.43345797061920166 0.09864199906587601 0.11223399639129639
2 0.18029700219631195 0.33734601736068726 0.09149099886417389 0.09871900081634521
1 0.44958600401878357 0.5616199970245361 0.10011500120162964 0.12592799961566925
1 0.1787630021572113 0.33746397495269775 0.09623400121927261 0.09886900335550308
1 0.02892499975860119 0.8164359927177429 0.05784999951720238 0.09654399752616882
