2 0.39371201395988464 0.4075400233268738 0.07610400021076202 0.09906700253486633
2 0.6094229817390442 0.32663100957870483 0.07315599918365479 0.09397400170564651
2 0.494282990694046 0.700069010257721 0.07493399828672409 0.10896100103855133
2 0.43482398986816406 0.7516610026359558 0.07249300181865692 0.09392700344324112
2 0.32103100419044495 0.776498019695282 0.07652000337839127 0.09962300211191177
2 0.8135859966278076 0.7761039733886719 0.08003900200128555 0.09247100353240967
2 0.5139139890670776 0.7920550107955933 0.07903899997472763 0.09598500281572342
2 0.5504140257835388 0.4343540072441101 0.07829800248146057 0.09685099869966507
2 0.9768279790878296 0.639831006526947 0.04623999819159508 0.10698100179433823
2 0.48364099860191345 0.8689410090446472 0.07190199941396713 0.09092900156974792
2 0.7808520197868347 0.2764589786529541 0.06950099766254425 0.08650500327348709
2 0.8991649746894836 0.5366309881210327 0.08917900174856186 0.11215700209140778
2 0.508230984210968 0.5559890270233154 0.06090499833226204 0.08296900242567062
2 0.5111640095710754 0.47478097677230835 0.052698999643325806 0.07532200217247009
2 0.48594599962234497 0.6874949932098389 0.08864200115203857 0.120619997382164
