2 0.8856790065765381 0.6220430135726929 0.06623800098896027 0.10195799916982651
2 0.3531230092048645 0.6529489755630493 0.08822400122880936 0.10954099893569946
2 0.11729899793863297 0.5647000074386597 0.08697400242090225 0.11044900119304657
2 0.6865329742431641 0.5015299916267395 0.07163800299167633 0.10258600115776062
2 0.27442100644111633 0.7027490139007568 0.08598300069570541 0.12219099700450897
2 0.28977298736572266 0.9505590200424194 0.08683300018310547 0.0988830029964447
2 0.6270589828491211 0.6943129897117615 0.08935800194740295 0.1097249984741211
2 0.3113900125026703 0.5741959810256958 0.08659999817609787 0.1119690015912056
2 0.270673006772995 0.5031629800796509 0.08340500295162201 0.11803200095891953
2 0.9908120036125183 0.7137689590454102 0.018376000225543976 0.12823599576950073
2 0.2729269862174988 0.48214197158813477 0.06668999791145325 0.1028200015425682
2 0.9861069917678833 0.7117289900779724 0.026991000398993492 0.14557600021362305
2 0.9914789795875549 0.7200720310211182 0.01704300008714199 0.09392499923706055
2 0.0783350020647049 0.8434209823608398 0.054104000329971313 0.07785599678754807
