2 0.45660799741744995 0.04370701313018799 0.06897599995136261 0.0873349979519844
2 0.3608730137348175 0.12341398000717163 0.06178100034594536 0.09327699989080429
2 0.08508399873971939 0.48596400022506714 0.037710998207330704 0.04934199899435043
2 0.3078410029411316 0.041719019412994385 0.06836099922657013 0.08343800157308578
2 0.14840400218963623 0.8503069877624512 0.04385700076818466 0.05059799924492836
2 0.43439099192619324 0.1279730200767517 0.07225300371646881 0.09335199743509293
2 0.2684119939804077 0.5875810384750366 0.04679900035262108 0.0572969987988472
2 0.1393660008907318 0.931771993637085 0.03737499937415123 0.04831299930810928
2 0.09940099716186523 0.9517149925231934 0.04347899928689003 0.050631001591682434
2 0.3288689851760864 0.20292699337005615 0.06353999674320221 0.081045001745224
2 0.14437100291252136 0.5734189748764038 0.04878399893641472 0.06414899975061417
2 0.044387999922037125 0.5747129917144775 0.037709999829530716 0.04516499862074852
2 0.022597000002861023 0.7908999919891357 0.043967001140117645 0.061567001044750214
2 0.27112600207328796 0.5275579690933228 0.05046499893069267 0.06792300194501877
2 0.06120999902486801 0.8299480080604553 0.038892000913619995 0.05042700096964836
2 0.0549979992210865 0.5075429677963257 0.03585600107908249 0.042447999119758606
2 0.7730420231819153 0.030049026012420654 0.051954999566078186 0.05804700031876564
2 0.28277701139450073 0.6292189955711365 0.03711999952793121 0.05332700163125992
2 0.025995999574661255 0.6490119695663452 0.0333780013024807 0.04044099897146225
2 0.5139099955558777 0.5774999856948853 0.03730800002813339 0.05280600115656853
2 0.018851999193429947 0.6865110397338867 0.034352000802755356 0.03963499888777733
2 0.23671899735927582 0.5141860246658325 0.03995399922132492 0.05348199978470802
2 0.3710620105266571 0.5443249940872192 0.03819600120186806 0.05677200108766556
2 0.30837398767471313 0.42399102449417114 0.0525050014257431 0.07014500349760056
2 0.1464720070362091 0.4084320068359375 0.038795001804828644 0.05389900133013725
2 0.40453800559043884 0.07667297124862671 0.05017999932169914 0.060054998844861984
2 0.47485798597335815 0.558830976486206 0.033027999103069305 0.04646800085902214
2 0.512965977191925 0.852400004863739 0.031697001308202744 0.04075999930500984
2 0.15162299573421478 0.5082739591598511 0.03613299876451492 0.04823699966073036
2 0.3687170147895813 0.5516780018806458 0.03946800157427788 0.06194600090384483
