2 0.9006549715995789 0.8709869980812073 0.0560000017285347 0.06542900204658508
2 0.4817270040512085 0.36750298738479614 0.05096700042486191 0.06328599900007248
2 0.6718969941139221 0.1689620018005371 0.049531999975442886 0.06730300188064575
2 0.11367999762296677 0.20114201307296753 0.0654049962759018 0.07662300020456314
2 0.06723900139331818 0.05849498510360718 0.06086700037121773 0.08555199950933456
2 0.017273999750614166 0.3950729966163635 0.034286998212337494 0.07426600158214569
2 0.9415580034255981 0.9336270093917847 0.052418000996112823 0.06484399735927582
2 0.07251299917697906 0.24577701091766357 0.06581000238656998 0.0831419974565506
2 0.36705198884010315 0.21419298648834229 0.056703999638557434 0.06607799977064133
2 0.9815840125083923 0.5854730010032654 0.03683200106024742 0.057999998331069946
2 0.486625999212265 0.2243480086326599 0.052003998309373856 0.0686739981174469
2 0.242249995470047 0.03421300649642944 0.05978100001811981 0.06842699646949768
2 0.026794999837875366 0.07346600294113159 0.053589001297950745 0.07708899676799774
2 0.6305390000343323 0.3022480010986328 0.05192599818110466 0.06685099750757217
2 0.5714179873466492 0.1464400291442871 0.05033300071954727 0.06394600123167038
2 0.2807939946651459 0.1195489764213562 0.05890100076794624 0.07426200062036514
2 0.6109809875488281 0.10133999586105347 0.0483659990131855 0.05935100093483925
2 0.4347740113735199 0.09685301780700684 0.055296000093221664 0.07093799859285355
2 0.16404500603675842 0.031304001808166504 0.054405998438596725 0.06232500076293945
2 0.5369030237197876 0.2006329894065857 0.05181799829006195 0.06464499980211258
2 0.9611340165138245 0.9743800163269043 0.048670001327991486 0.051238998770713806
2 0.5156329870223999 0.14753901958465576 0.04911300167441368 0.061820000410079956
2 0.1159299984574318 0.05299699306488037 0.06242400035262108 0.08334200084209442
2 0.623071014881134 0.15364599227905273 0.04879600182175636 0.05612799897789955
2 0.9719809889793396 0.6430859565734863 0.044551998376846313 0.057284001260995865
2 0.33451101183891296 0.047209978103637695 0.05894999951124191 0.07526499778032303
2 0.5374270081520081 0.2901560068130493 0.04888699948787689 0.06522499769926071
2 0.9845960140228271 0.7362940311431885 0.029312999919056892 0.05129700154066086
2 0.979354977607727 0.7021200060844421 0.039351001381874084 0.05081100016832352
2 0.6129109859466553 0.1830899715423584 0.04705600067973137 0.06317199766635895
2 0.6681920289993286 0.5857570171356201 0.04301600158214569 0.06663300096988678
