2 0.7789729833602905 0.6604880094528198 0.07413599640130997 0.09895700216293335
2 0.8608300089836121 0.5472840070724487 0.07177600264549255 0.08886600285768509
2 0.8212050199508667 0.7439079880714417 0.07629700005054474 0.0902630016207695
2 0.8051360249519348 0.4612540006637573 0.07146800309419632 0.09307499974966049
2 0.938139021396637 0.6288770437240601 0.07135400176048279 0.09344299882650375
2 0.9648990035057068 0.6909570097923279 0.06462299823760986 0.0785909965634346
2 0.969211995601654 0.5582749843597412 0.06021599844098091 0.09531600028276443
2 0.7181919813156128 0.5085079669952393 0.06446199864149094 0.08042600005865097
1 0.4445270001888275 0.465129017829895 0.06876999884843826 0.09138499945402145
1 0.22807499766349792 0.7535200119018555 0.06270500272512436 0.08117199689149857
1 0.5381519794464111 0.9107140302658081 0.07851400226354599 0.09811899811029434
2 0.717523992061615 0.39338797330856323 0.06924500316381454 0.08758699893951416
1 0.5496090054512024 0.48970097303390503 0.05723699927330017 0.07492099702358246
2 0.919202983379364 0.4933040142059326 0.06788799911737442 0.09341300278902054
2 0.549347996711731 0.489251971244812 0.055858999490737915 0.07536199688911438
1 0.7180230021476746 0.38932502269744873 0.06564100086688995 0.09060999751091003
