0 0.7583119869232178 0.7786290049552917 0.08839999884366989 0.1102679967880249
0 0.5442500114440918 0.2824789881706238 0.08273699879646301 0.11329499632120132
0 0.8191109895706177 0.674813985824585 0.08008400350809097 0.11718899756669998
0 0.4556410014629364 0.26954102516174316 0.09150800108909607 0.11709299683570862
0 0.16199399530887604 0.08587300777435303 0.06323999911546707 0.08087500184774399
0 0.09553799778223038 0.28235000371932983 0.07077500224113464 0.08613499999046326
0 0.6699029803276062 0.3241090178489685 0.08107800036668777 0.10350500047206879
0 0.3621009886264801 0.07425999641418457 0.07298099994659424 0.09711799770593643
0 0.19057799875736237 0.48444998264312744 0.07691799849271774 0.09226500242948532
0 0.34379899501800537 0.288178026676178 0.06404999643564224 0.08474300056695938
2 0.763375997543335 0.20198899507522583 0.07623700052499771 0.10756199806928635
0 0.40977200865745544 0.2781820297241211 0.08350100368261337 0.10413099825382233
2 0.36277899146080017 0.07369601726531982 0.0724020004272461 0.09711699932813644
0 0.48513901233673096 0.03186899423599243 0.08957699686288834 0.06304100155830383
0 0.8485350012779236 0.2267799973487854 0.0822490006685257 0.10687500238418579
0 0.2936060130596161 0.39598000049591064 0.0687209963798523 0.09727899730205536
