0 0.7631639838218689 0.5400769710540771 0.1092509999871254 0.1281220018863678
0 0.5028219819068909 0.2125149965286255 0.10378800332546234 0.12421800196170807
0 0.08988700062036514 0.328980028629303 0.08303499966859818 0.10796999931335449
0 0.030811000615358353 0.05490797758102417 0.06162299960851669 0.0968099981546402
0 0.8625530004501343 0.835129976272583 0.09175900369882584 0.1361680030822754
1 0.3255690038204193 0.044977009296417236 0.09645400196313858 0.08995400369167328
0 0.9833999872207642 0.39283597469329834 0.031259000301361084 0.11946199834346771
0 0.3576579988002777 0.4063820242881775 0.07959699630737305 0.10997399687767029
0 0.054843999445438385 0.2271149754524231 0.07283099740743637 0.10352600365877151
0 0.9875850081443787 0.3931170105934143 0.02483000047504902 0.11151500046253204
