2 0.4408870041370392 0.5321370363235474 0.08212500065565109 0.10595399886369705
1 0.13527600467205048 0.8142639994621277 0.09798000007867813 0.11517400294542313
1 0.40753600001335144 0.7247419953346252 0.08116000145673752 0.10788200050592422
2 0.12850899994373322 0.04282599687576294 0.07833900302648544 0.08565200120210648
2 0.04578299820423126 0.08388698101043701 0.08796899765729904 0.12088599801063538
2 0.11499100178480148 0.2165120244026184 0.09702999889850616 0.11727999895811081
2 0.32984599471092224 0.7221440076828003 0.07576999813318253 0.09922300279140472
2 0.04408799856901169 0.22398197650909424 0.07841899991035461 0.11145699769258499
1 0.26850900053977966 0.9633409976959229 0.10057000070810318 0.07002700120210648
1 0.4248420000076294 0.6376540064811707 0.08247800171375275 0.09603399783372879
1 0.8858129978179932 0.0355839729309082 0.0959869995713234 0.07116799801588058
2 0.32404500246047974 0.9315750002861023 0.06267700344324112 0.08226799964904785
1 0.4569990038871765 0.32247400283813477 0.06844300031661987 0.09454300254583359
1 0.5052559971809387 0.6840839982032776 0.08360899984836578 0.10387600213289261
1 0.6397780179977417 0.04771500825881958 0.07434199750423431 0.09226100146770477
1 0.38631901144981384 0.8733850121498108 0.08584000170230865 0.10597000271081924
1 0.16799700260162354 0.6934599876403809 0.08794599771499634 0.11266099661588669
2 0.16757699847221375 0.6916570067405701 0.08889800310134888 0.1151219978928566
1 0.18786899745464325 0.9760130047798157 0.09805700182914734 0.04608200117945671
2 0.6389769911766052 0.04651302099227905 0.07342399656772614 0.09223700314760208
