1 0.8932250142097473 0.30987197160720825 0.12636099755764008 0.13436900079250336
1 0.43184301257133484 0.5563809871673584 0.09352599829435349 0.11629699915647507
1 0.9010199904441833 0.16637998819351196 0.11806900054216385 0.1324400007724762
1 0.42486101388931274 0.6717660427093506 0.09117099642753601 0.11454199999570847
0 0.536558985710144 0.897508978843689 0.13034799695014954 0.1655389964580536
1 0.2075899988412857 0.4831330180168152 0.07151100039482117 0.10402899980545044
1 0.6388729810714722 0.15899401903152466 0.09433700144290924 0.11916399747133255
0 0.7451729774475098 0.4732130169868469 0.1540440022945404 0.16706499457359314
1 0.4401020109653473 0.8979489803314209 0.08263500034809113 0.12838099896907806
0 0.7412739992141724 0.6623600125312805 0.16829200088977814 0.22593200206756592
1 0.7437610030174255 0.47824597358703613 0.14628799259662628 0.1793069988489151
