2 0.06267400085926056 0.22753500938415527 0.07154999673366547 0.09142299741506577
2 0.6538010239601135 0.4021199941635132 0.07686100155115128 0.100102998316288
2 0.7452309727668762 0.30531901121139526 0.07185500115156174 0.09377600252628326
2 0.5664870142936707 0.2921929955482483 0.08047399669885635 0.10286500304937363
2 0.17881399393081665 0.6463639736175537 0.07264800369739532 0.08948499709367752
2 0.6947150230407715 0.32790499925613403 0.06655599921941757 0.0920030027627945
2 0.18096700310707092 0.49282801151275635 0.07089799642562866 0.08960200101137161
2 0.4911389946937561 0.5513399839401245 0.07584399729967117 0.09112600237131119
2 0.4384070038795471 0.11079901456832886 0.06736499816179276 0.08591599762439728
2 0.19975000619888306 0.2862120270729065 0.07197099924087524 0.08400200307369232
2 0.28220099210739136 0.14262902736663818 0.07138799875974655 0.09061899781227112
2 0.9363309741020203 0.09688800573348999 0.06829400360584259 0.08532600104808807
2 0.12504899501800537 0.5467419624328613 0.07282999902963638 0.08772599697113037
2 0.023101000115275383 0.5610129833221436 0.04620100185275078 0.07637099921703339
2 0.8391180038452148 0.7170479893684387 0.0623910017311573 0.07164400070905685
2 0.2077690064907074 0.5587440133094788 0.08247499912977219 0.10101699829101562
2 0.18588200211524963 0.3936529755592346 0.06498300284147263 0.07803300023078918
1 0.23312899470329285 0.2279530167579651 0.07766400277614594 0.0936959981918335
1 0.18646599352359772 0.39274799823760986 0.06644599884748459 0.07903499901294708
2 0.23318900167942047 0.22812402248382568 0.07848600298166275 0.09158399701118469
1 0.20785799622535706 0.5582250356674194 0.08195900171995163 0.10184399783611298
2 0.9810400009155273 0.11742198467254639 0.03705200180411339 0.1411529928445816
