2 0.07211499661207199 0.7802119851112366 0.06789100170135498 0.08740200102329254
2 0.6033579707145691 0.7821980118751526 0.07115600258111954 0.09096399694681168
2 0.3321790099143982 0.08703899383544922 0.07073800265789032 0.09346699714660645
2 0.39463698863983154 0.1914219856262207 0.06958000361919403 0.09007500112056732
2 0.34828999638557434 0.8034089803695679 0.0638749971985817 0.07868599891662598
2 0.5024229884147644 0.39180201292037964 0.07453899830579758 0.09585999697446823
2 0.7539719939231873 0.45263397693634033 0.08156400173902512 0.11658799648284912
2 0.5742570161819458 0.6116920113563538 0.07078900188207626 0.09297399967908859
2 0.47608599066734314 0.185247004032135 0.06537400186061859 0.08242599666118622
2 0.6183680295944214 0.4210280179977417 0.07940500229597092 0.09303399920463562
2 0.798524022102356 0.6824560165405273 0.06289499998092651 0.08044099807739258
2 0.486737996339798 0.3101159930229187 0.06246799975633621 0.08061099797487259
2 0.8511509895324707 0.34105902910232544 0.06383900344371796 0.07641799747943878
2 0.9215009808540344 0.7009209990501404 0.06411699950695038 0.08416300266981125
2 0.8865960240364075 0.8064129948616028 0.07109300047159195 0.08668500185012817
2 0.8114809989929199 0.8963040113449097 0.07084900140762329 0.07898300141096115
2 0.5811629891395569 0.21076297760009766 0.0720369964838028 0.08703400194644928
2 0.8460900187492371 0.6357150077819824 0.061549000442028046 0.07748399674892426
2 0.8086439967155457 0.9608299732208252 0.10756800323724747 0.07745499908924103
2 0.5750499963760376 0.3747689723968506 0.05826999992132187 0.07129599899053574
2 0.7864869832992554 0.08567798137664795 0.059477999806404114 0.07833000272512436
2 0.7040629982948303 0.2522820234298706 0.0602709986269474 0.0758569985628128
2 0.5504699945449829 0.3059939742088318 0.0714699998497963 0.08836600184440613
2 0.6083279848098755 0.6426180005073547 0.06151999905705452 0.08066800236701965
2 0.846534013748169 0.8566659688949585 0.053745001554489136 0.0722149983048439
2 0.7181190252304077 0.5342899560928345 0.07386299967765808 0.09271000325679779
2 0.7299200296401978 0.6913549900054932 0.049313999712467194 0.0740009993314743
