0 0.5015050172805786 0.12230801582336426 0.06827399879693985 0.09914799779653549
0 0.37964800000190735 0.19673800468444824 0.07481200248003006 0.09784799814224243
0 0.5876359939575195 0.5751439929008484 0.08706200122833252 0.11085300147533417
0 0.1251479983329773 0.13207101821899414 0.09224899858236313 0.1264999955892563
0 0.7085710167884827 0.6780949831008911 0.08729100227355957 0.09781099855899811
2 0.28252899646759033 0.2238839864730835 0.07470700144767761 0.09440899640321732
0 0.05000999942421913 0.1776520013809204 0.07621899992227554 0.11340100318193436
0 0.1749819964170456 0.2992979884147644 0.08784600347280502 0.11281900107860565
0 0.6632590293884277 0.5432959794998169 0.08352699875831604 0.11546199768781662
0 0.8098520040512085 0.3459230065345764 0.09233599901199341 0.10315900295972824
0 0.4661340117454529 0.0132560133934021 0.08428400009870529 0.025673000141978264
0 0.2348800003528595 0.38084501028060913 0.0701180025935173 0.08964599668979645
0 0.12312900274991989 0.02619999647140503 0.06830500066280365 0.05090799927711487
0 0.7934759855270386 0.4408619999885559 0.0907289981842041 0.11799699813127518
0 0.8643739819526672 0.317795991897583 0.05737999826669693 0.07978499680757523
2 0.5354390144348145 0.48873597383499146 0.07528399676084518 0.10695099830627441
2 0.5620729923248291 0.3771290183067322 0.08310700207948685 0.10809600353240967
0 0.32618799805641174 0.1470869779586792 0.07032299786806107 0.10342100262641907
0 0.2412019968032837 0.5049160122871399 0.09486400336027145 0.10628800094127655
