0 0.3149789869785309 0.5658910274505615 0.08438199758529663 0.10562500357627869
0 0.17297500371932983 0.2983289957046509 0.08237999677658081 0.10488100349903107
0 0.5748909711837769 0.35455501079559326 0.08283600211143494 0.10532300174236298
0 0.5632129907608032 0.09620100259780884 0.0864730030298233 0.1131879985332489
0 0.26923900842666626 0.06844198703765869 0.07504700124263763 0.0970660001039505
0 0.5048750042915344 0.47959500551223755 0.0763079971075058 0.10676500201225281
0 0.7182250022888184 0.35785001516342163 0.07957000285387039 0.10408700257539749
1 0.9574260115623474 0.36759400367736816 0.08129700273275375 0.11352299898862839
1 0.5723320245742798 0.21506500244140625 0.07624100148677826 0.09705200046300888
1 0.886650025844574 0.38281601667404175 0.08692000061273575 0.12486100196838379
1 0.12844300270080566 0.14647597074508667 0.052962999790906906 0.07927499711513519
0 0.8108360171318054 0.3586469888687134 0.11489500105381012 0.14368000626564026
1 0.38390499353408813 0.6081600189208984 0.07949899882078171 0.09916699677705765
1 0.9692059755325317 0.200128972530365 0.06158800050616264 0.11309300363063812
