0 0.16029499471187592 0.22500401735305786 0.0763159990310669 0.09883599728345871
0 0.08141700178384781 0.21468102931976318 0.08807499706745148 0.11227700114250183
0 0.3206619918346405 0.7270339727401733 0.08165699988603592 0.10215499997138977
0 0.5144100189208984 0.8344129920005798 0.08449800312519073 0.1117819994688034
0 0.5892050266265869 0.8053929805755615 0.07007300108671188 0.09314800053834915
0 0.5799620151519775 0.8942090272903442 0.0770450010895729 0.102012999355793
0 0.22911299765110016 0.48440098762512207 0.06868100166320801 0.09021999686956406
0 0.2213740050792694 0.21324098110198975 0.06752000004053116 0.09999000281095505
0 0.15993499755859375 0.058439016342163086 0.0911720022559166 0.11247800290584564
0 0.3568600118160248 0.15819799900054932 0.0631449967622757 0.08212999999523163
0 0.287990003824234 0.5016120076179504 0.0681850016117096 0.09651099890470505
0 0.25874701142311096 0.13892102241516113 0.07472699880599976 0.0888959988951683
0 0.09149999916553497 0.06200098991394043 0.06726100295782089 0.10552400350570679
0 0.21225300431251526 0.7652119994163513 0.07612200081348419 0.0972450003027916
0 0.4410359859466553 0.7409000396728516 0.06723599880933762 0.09059800207614899
0 0.24015499651432037 0.7414770126342773 0.07906600087881088 0.10252799838781357
0 0.2600660026073456 0.9359880089759827 0.07506400346755981 0.08933000266551971
2 0.3729090094566345 0.8616250157356262 0.06178399920463562 0.0925540030002594
1 0.3473460078239441 0.2784990072250366 0.08120699971914291 0.10126899927854538
