2 0.3108679950237274 0.5577369928359985 0.10259799659252167 0.12547999620437622
2 0.7491130232810974 0.27122700214385986 0.10768099874258041 0.1260479986667633
2 0.5079659819602966 0.634456992149353 0.08098199963569641 0.10090599954128265
2 0.8207409977912903 0.038378000259399414 0.06782999634742737 0.07675699889659882
2 0.9324859976768494 0.46146899461746216 0.098921999335289 0.09883199632167816
1 0.6627349853515625 0.5709260106086731 0.08432599902153015 0.12989400327205658
0 0.6404770016670227 0.024706006050109863 0.08930300176143646 0.04941200092434883
2 0.6660900115966797 0.5716260075569153 0.0819540023803711 0.13224199414253235
2 0.5203490257263184 0.635962963104248 0.06574399769306183 0.09614399820566177
2 0.7311620116233826 0.0557209849357605 0.06807500123977661 0.08843100070953369
2 0.4736289978027344 0.6343730092048645 0.06546200066804886 0.09615299850702286
2 0.8556200265884399 0.6777299642562866 0.06658700108528137 0.10109400004148483
2 0.8037520051002502 0.45753997564315796 0.11346100270748138 0.13072699308395386
