2 0.33563899993896484 0.4182779788970947 0.08027099817991257 0.11229199916124344
2 0.5597590208053589 0.17310798168182373 0.09176699817180634 0.11456800252199173
2 0.3692519962787628 0.7104380130767822 0.07640299946069717 0.11231900006532669
2 0.53814697265625 0.49895697832107544 0.07281199842691422 0.09942899644374847
2 0.6050829887390137 0.6236400008201599 0.07272099703550339 0.09715399891138077
2 0.3177489936351776 0.929186999797821 0.10082799941301346 0.1348399966955185
2 0.47461798787117004 0.6766899824142456 0.07292100042104721 0.11550299823284149
2 0.5535079836845398 0.6881840229034424 0.07769200205802917 0.10378599911928177
2 0.8104450106620789 0.88823002576828 0.07856699824333191 0.10075400024652481
2 0.4654429852962494 0.8172569870948792 0.06722000241279602 0.12075600028038025
2 0.6311929821968079 0.7418960332870483 0.07486499845981598 0.11487899720668793
2 0.5188609957695007 0.8356689810752869 0.06906700134277344 0.10585799813270569
2 0.011745000258088112 0.748429000377655 0.022878000512719154 0.10335999727249146
2 0.8255019783973694 0.7526450157165527 0.07154899835586548 0.09641200304031372
2 0.023930000141263008 0.606253981590271 0.047860000282526016 0.07259500026702881
2 0.6301779747009277 0.7615039944648743 0.07570900022983551 0.1064779981970787
2 0.01269499957561493 0.7659159898757935 0.02538999915122986 0.10068199783563614
2 0.818153977394104 0.7386449575424194 0.06991399824619293 0.10430999845266342
