2 0.3364889919757843 0.9409880042076111 0.08534800261259079 0.10183600336313248
2 0.7460039854049683 0.14688098430633545 0.08015800267457962 0.10507500171661377
2 0.6294019818305969 0.4746059775352478 0.09051299840211868 0.10810200124979019
2 0.9455180168151855 0.2004929780960083 0.07663500308990479 0.10067100077867508
2 0.8078479766845703 0.49319201707839966 0.0711980015039444 0.10669399797916412
2 0.9783689975738525 0.11810100078582764 0.03819900006055832 0.08272399753332138
2 0.7262340188026428 0.6518599987030029 0.09237299859523773 0.11443500220775604
2 0.5712109804153442 0.9239010214805603 0.09182000160217285 0.1388850063085556
2 0.35022199153900146 0.16755598783493042 0.10176999866962433 0.11662600189447403
2 0.41802701354026794 0.5413849949836731 0.06963799893856049 0.11521399766206741
0 0.15918299555778503 0.8424929976463318 0.12496399879455566 0.14907699823379517
2 0.2504889965057373 0.05722999572753906 0.08545999974012375 0.11108899861574173
2 0.04184899851679802 0.2817789912223816 0.08369699865579605 0.14697100222110748
2 0.632345974445343 0.8253059983253479 0.11175700277090073 0.18504999577999115
2 0.7203419804573059 0.886443018913269 0.0918779969215393 0.1133980005979538
0 0.6785889863967896 0.3352469801902771 0.10593300312757492 0.12987999618053436
2 0.7237560153007507 0.7834950089454651 0.0937580019235611 0.1035119965672493
0 0.19177499413490295 0.44608497619628906 0.12880900502204895 0.16209599375724792
0 0.020679999142885208 0.7112979888916016 0.040709998458623886 0.10392899811267853
2 0.6198430061340332 0.7857049703598022 0.08720099925994873 0.10467399656772614
2 0.9921349883079529 0.0530400276184082 0.015730999410152435 0.07685499638319016
2 0.3691509962081909 0.055487990379333496 0.07140100002288818 0.1059890016913414
2 0.24521200358867645 0.8448529839515686 0.06369899958372116 0.08723700046539307
2 0.039386000484228134 0.30168700218200684 0.07829699665307999 0.11060900241136551
