1 0.21858200430870056 0.8115010261535645 0.07889900356531143 0.09931900352239609
1 0.15401600301265717 0.8277919888496399 0.06946799904108047 0.09739299863576889
1 0.11739599704742432 0.9115179777145386 0.09464100003242493 0.12426800280809402
1 0.10670000314712524 0.7429100275039673 0.07462599873542786 0.09791900217533112
1 0.1715400069952011 0.9570429921150208 0.0704369992017746 0.08325199782848358
1 0.04406899958848953 0.9509369730949402 0.08362600207328796 0.09327200055122375
2 0.08221500366926193 0.6213600039482117 0.07712999731302261 0.09849599748849869
0 0.6762710213661194 0.32143497467041016 0.06933499872684479 0.10976199805736542
1 0.4078179895877838 0.436585009098053 0.08153899759054184 0.10200099647045135
1 0.18963800370693207 0.6966730356216431 0.06951099634170532 0.0974470004439354
2 0.16029499471187592 0.5916489958763123 0.08876000344753265 0.11846199631690979
1 0.38131800293922424 0.3530910015106201 0.07543200254440308 0.09129100292921066
1 0.19505800306797028 0.4083629846572876 0.07396399974822998 0.08299999684095383
2 0.18805499374866486 0.6963549852371216 0.06786400079727173 0.09109900146722794
2 0.20073600113391876 0.47351300716400146 0.07567200064659119 0.08444900065660477
1 0.08083199709653854 0.6213560104370117 0.07485800236463547 0.09728799760341644
1 0.2009110003709793 0.474606990814209 0.07409100234508514 0.08055900037288666
2 0.8418759703636169 0.654600977897644 0.08313599973917007 0.10702800005674362
