0 0.8938130140304565 0.8456239700317383 0.08420799672603607 0.1073639988899231
0 0.31066998839378357 0.6400740146636963 0.07003100216388702 0.0926709994673729
0 0.95762699842453 0.7979140281677246 0.0784280002117157 0.10894999653100967
0 0.22332000732421875 0.4432179927825928 0.07731900364160538 0.09696400165557861
0 0.8081160187721252 0.8428750038146973 0.09683000296354294 0.12072999775409698
0 0.6483039855957031 0.4212369918823242 0.07660999894142151 0.09837000072002411
0 0.860867977142334 0.682433009147644 0.108303003013134 0.12585300207138062
0 0.530921995639801 0.4744880199432373 0.08161299675703049 0.10311900079250336
0 0.93681401014328 0.4727749824523926 0.08792900294065475 0.11436499655246735
0 0.6342340111732483 0.8068169951438904 0.08816199749708176 0.11276199668645859
0 0.5581480264663696 0.3176339864730835 0.08990699797868729 0.10424699634313583
0 0.5462170243263245 0.8550289869308472 0.08801300078630447 0.12285199761390686
0 0.8820120096206665 0.5737019777297974 0.11107899993658066 0.12249699980020523
0 0.24220000207424164 0.6269170045852661 0.07526999711990356 0.09956099838018417
0 0.9704269766807556 0.697039008140564 0.05614300072193146 0.11776699870824814
0 0.592930018901825 0.43331199884414673 0.06899599730968475 0.10400799661874771
0 0.1680079996585846 0.4200109839439392 0.06896200031042099 0.09294900298118591
0 0.20323599874973297 0.5239920020103455 0.08613400161266327 0.08779300004243851
0 0.8901129961013794 0.272616982460022 0.09759800136089325 0.11593399941921234
0 0.2670249938964844 0.7200230360031128 0.06943800300359726 0.08162199705839157
0 0.18605099618434906 0.025480985641479492 0.0737140029668808 0.05096200108528137
0 0.5968070030212402 0.8775380253791809 0.08240900188684464 0.11894399672746658
0 0.7915809750556946 0.6632050275802612 0.06818000227212906 0.11762899905443192
0 0.6695240139961243 0.9763699769973755 0.10012499988079071 0.04726000130176544
0 0.11326900124549866 0.027184009552001953 0.07310300320386887 0.05316000059247017
0 0.9517499804496765 0.5878689885139465 0.08297300338745117 0.14184699952602386
0 0.968783974647522 0.2640969753265381 0.05950700119137764 0.10316800326108932
