0 0.09991999715566635 0.8779730200767517 0.07578100264072418 0.09736599773168564
0 0.42359501123428345 0.9003269672393799 0.07840300351381302 0.10809800028800964
0 0.33816298842430115 0.602586030960083 0.07262100279331207 0.10318200290203094
1 0.36580100655555725 0.22263097763061523 0.0871099978685379 0.11190199851989746
1 0.6040520071983337 0.5800859928131104 0.09054800122976303 0.12156199663877487
1 0.890155017375946 0.5453659892082214 0.0865510031580925 0.10568100214004517
1 0.6785069704055786 0.20027697086334229 0.06994500011205673 0.08497799932956696
1 0.8893269896507263 0.3890089988708496 0.10061600059270859 0.10773400217294693
1 0.7093250155448914 0.09751498699188232 0.06884100288152695 0.09665799885988235
1 0.849407970905304 0.8230479955673218 0.09826099872589111 0.12125100195407867
2 0.8905760049819946 0.3894219994544983 0.10266199707984924 0.1078680008649826
0 0.8506579995155334 0.821029007434845 0.10002800077199936 0.1239589974284172
1 0.5984050035476685 0.23568099737167358 0.06269100308418274 0.07924900203943253
2 0.3575640022754669 0.7667080163955688 0.09030400216579437 0.11432699859142303
1 0.3364599943161011 0.33639901876449585 0.07232599705457687 0.09087800234556198
