0 0.866096019744873 0.31457698345184326 0.08107700198888779 0.10303299874067307
0 0.9432740211486816 0.3148120045661926 0.0732479989528656 0.0918549969792366
0 0.2903920114040375 0.8988869786262512 0.08113999664783478 0.10417000204324722
0 0.60418701171875 0.7867100238800049 0.074754998087883 0.0926159992814064
0 0.4104680120944977 0.8607890009880066 0.06733299791812897 0.09474799782037735
0 0.627223014831543 0.31971001625061035 0.07189100235700607 0.09463600069284439
0 0.13291500508785248 0.8692060112953186 0.06608500331640244 0.08829499781131744
0 0.7384229898452759 0.4507169723510742 0.07890299707651138 0.10194999724626541
0 0.3740909993648529 0.765379011631012 0.07974900305271149 0.10326399654150009
0 0.02993199974298477 0.6652120351791382 0.05986399948596954 0.10096900165081024
0 0.07610099762678146 0.7131119966506958 0.06715299934148788 0.07382000237703323
0 0.5668320059776306 0.6891709566116333 0.06225999817252159 0.08743900060653687
0 0.09499599784612656 0.7938209772109985 0.07151299715042114 0.084647998213768
0 0.6981009840965271 0.3076559901237488 0.10003499686717987 0.11874199658632278
0 0.9400920271873474 0.1629120111465454 0.09087800234556198 0.11405099928379059
0 0.3185980021953583 0.7645289897918701 0.07113300263881683 0.09877900034189224
0 0.3315350115299225 0.19989502429962158 0.05969399958848953 0.06837199628353119
0 0.6271359920501709 0.026112020015716553 0.08931300044059753 0.05222399905323982
0 0.9801610112190247 0.2833629846572876 0.038554999977350235 0.08388300240039825
0 0.3128739893436432 0.12911897897720337 0.06803400069475174 0.08270300179719925
0 0.8633170127868652 0.1720460057258606 0.063680000603199 0.09144599735736847
0 0.7213709950447083 0.88189297914505 0.07746399939060211 0.11204700171947479
0 0.2757669985294342 0.03545999526977539 0.06690800189971924 0.06852900236845016
0 0.6889950037002563 0.3166840076446533 0.07988999783992767 0.10691399872303009
0 0.9645730257034302 0.07538598775863647 0.06529500335454941 0.08228100091218948
0 0.708844006061554 0.28554201126098633 0.08015000075101852 0.09963899850845337
