0 0.138047993183136 0.7063490152359009 0.06498599797487259 0.0684870034456253
0 0.2435690015554428 0.7831119894981384 0.05395499989390373 0.07045900076627731
0 0.29041099548339844 0.6174260377883911 0.05593400076031685 0.06654100120067596
0 0.5284240245819092 0.529088020324707 0.052448999136686325 0.06376499682664871
0 0.13589699566364288 0.6055300235748291 0.06135400012135506 0.06554800271987915
0 0.5548710227012634 0.6384350061416626 0.05317499861121178 0.06339800357818604
0 0.0861240029335022 0.7641800045967102 0.05962099879980087 0.06850899755954742
0 0.5023229718208313 0.6253470182418823 0.06413500010967255 0.07256700098514557
0 0.2626529932022095 0.5266649723052979 0.056471001356840134 0.06709399819374084
0 0.19414100050926208 0.6730459928512573 0.05384799838066101 0.06781099736690521
0 0.40284600853919983 0.7636370062828064 0.06888999789953232 0.08749900013208389
0 0.04644099995493889 0.8231959939002991 0.05817599967122078 0.06786999851465225
0 0.7255039811134338 0.9671120047569275 0.06063200160861015 0.06260599941015244
0 0.31262001395225525 0.8049839735031128 0.051382001489400864 0.0703670009970665
0 0.14034700393676758 0.784276008605957 0.06003199890255928 0.06864400207996368
0 0.18703299760818481 0.7706249952316284 0.059539999812841415 0.07629299908876419
0 0.08626099675893784 0.7087399959564209 0.055810000747442245 0.05880799889564514
