2 0.637660026550293 0.3118770122528076 0.08752699941396713 0.10763700306415558
2 0.6922420263290405 0.044290006160736084 0.08382300287485123 0.08857999742031097
2 0.29023000597953796 0.8419179916381836 0.06108599901199341 0.08575999736785889
2 0.40320301055908203 0.5138269662857056 0.04420299828052521 0.0594400018453598
2 0.37247198820114136 0.8602190017700195 0.06000500172376633 0.07952699810266495
2 0.14042900502681732 0.4081220030784607 0.03634199872612953 0.043820999562740326
2 0.38821399211883545 0.9727330207824707 0.07022000104188919 0.05453399941325188
2 0.3367980122566223 0.8180750012397766 0.0565899983048439 0.07200799882411957
2 0.11257799714803696 0.4224960207939148 0.03824099898338318 0.04787899926304817
2 0.15261800587177277 0.5385130047798157 0.04130899906158447 0.05546199902892113
