0 0.8312979936599731 0.3252059817314148 0.07736100256443024 0.10079199820756912
0 0.6448389887809753 0.31975799798965454 0.07840999960899353 0.09587299823760986
0 0.35049501061439514 0.7478710412979126 0.07813099771738052 0.1074569970369339
0 0.6479889750480652 0.15813398361206055 0.07806699723005295 0.09840100258588791
1 0.2513140141963959 0.8020620346069336 0.09815099835395813 0.1282690018415451
0 0.3564620018005371 0.5900319814682007 0.08565100282430649 0.10784699767827988
0 0.27145901322364807 0.6858839988708496 0.08501499891281128 0.10471600294113159
0 0.8814060091972351 0.5910890102386475 0.08603200316429138 0.10685300081968307
0 0.79134601354599 0.5226930379867554 0.07770200073719025 0.09967900067567825
0 0.8658850193023682 0.4511929750442505 0.06264500319957733 0.08614599704742432
