2 0.21318799257278442 0.8408250212669373 0.06847699731588364 0.09153799712657928
2 0.18546199798583984 0.9582549929618835 0.07242300361394882 0.08348999917507172
2 0.5649510025978088 0.8359040021896362 0.07229399681091309 0.09580600261688232
2 0.6797059774398804 0.8918430209159851 0.06851900368928909 0.08874700218439102
2 0.40456101298332214 0.9490749835968018 0.07916399836540222 0.10185100138187408
2 0.14006200432777405 0.6041569709777832 0.06902600079774857 0.09048300236463547
2 0.8306540250778198 0.9580739736557007 0.07368999719619751 0.08241599798202515
2 0.07586000114679337 0.6893270015716553 0.06499599665403366 0.08288899809122086
2 0.3096199929714203 0.9243559837341309 0.07513099908828735 0.09639400243759155
2 0.1812880039215088 0.6616590023040771 0.052170999348163605 0.06379500031471252
2 0.2400750070810318 0.9170730113983154 0.0680529996752739 0.07921300083398819
2 0.3685329854488373 0.8622639775276184 0.0681689977645874 0.08332899957895279
2 0.6687870025634766 0.9818339943885803 0.06791699677705765 0.035406000912189484
2 0.5205889940261841 0.9845070242881775 0.10538999736309052 0.02848299965262413
2 0.5120459794998169 0.9877570271492004 0.07821299880743027 0.023440999910235405
2 0.44190898537635803 0.9195929765701294 0.045441001653671265 0.07677700370550156
2 0.44381099939346313 0.9819650053977966 0.05644499883055687 0.03164700046181679
