2 0.39371201395988464 0.5924599766731262 0.07610400021076202 0.09906700253486633
2 0.6094229817390442 0.6733689904212952 0.07315599918365479 0.09397400170564651
2 0.494282990694046 0.29993098974227905 0.07493399828672409 0.10896100103855133
2 0.43482398986816406 0.2483389973640442 0.07249300181865692 0.09392700344324112
2 0.32103100419044495 0.2235019952058792 0.07652000337839127 0.09962300211191177
2 0.8135859966278076 0.22389599680900574 0.08003900200128555 0.09247100353240967
2 0.5139139890670776 0.20794500410556793 0.07903899997472763 0.09598500281572342
2 0.5504140257835388 0.5656459927558899 0.07829800248146057 0.09685099869966507
2 0.9768279790878296 0.360168993473053 0.04623999819159508 0.10698100179433823
2 0.48364099860191345 0.13105900585651398 0.07190199941396713 0.09092900156974792
2 0.7808520197868347 0.7235410213470459 0.06950099766254425 0.08650500327348709
2 0.8991649746894836 0.4633690118789673 0.08917900174856186 0.11215700209140778
2 0.508230984210968 0.44401100277900696 0.06090499833226204 0.08296900242567062
2 0.5111640095710754 0.5252190232276917 0.052698999643325806 0.07532200217247009
2 0.48594599962234497 0.31250500679016113 0.08864200115203857 0.120619997382164
