1 0.4138210117816925 0.2371480017900467 0.07892200350761414 0.09216500073671341
1 0.7524359822273254 0.6155369877815247 0.07891599833965302 0.08402299880981445
1 0.8999670147895813 0.08539000153541565 0.07676099985837936 0.0757950022816658
1 0.5925080180168152 0.34508800506591797 0.06316199898719788 0.07949700206518173
2 0.4802590012550354 0.2852709889411926 0.07476799935102463 0.10152900218963623
0 0.19184599816799164 0.7515040040016174 0.049952998757362366 0.051364000886678696
1 0.41839098930358887 0.34807100892066956 0.08219599723815918 0.09991800040006638
1 0.5624880194664001 0.49411699175834656 0.06258100271224976 0.0926470011472702
1 0.7197420001029968 0.7601519823074341 0.07168900221586227 0.08025199919939041
1 0.06848300248384476 0.9464269876480103 0.06070699915289879 0.07190299779176712
2 0.3171730041503906 0.3359839916229248 0.06776800006628036 0.08800899982452393
1 0.36621299386024475 0.4289360046386719 0.05826999992132187 0.08177799731492996
2 0.8760250210762024 0.15671299397945404 0.0658549964427948 0.08512700349092484
1 0.7726439833641052 0.4407140016555786 0.07436800003051758 0.09004999697208405
1 0.5832319855690002 0.72154301404953 0.07002100348472595 0.08792299777269363
1 0.4795120060443878 0.28390800952911377 0.0764169991016388 0.09875500202178955
2 0.26208099722862244 0.3838469982147217 0.07477899640798569 0.09047699719667435
1 0.3031899929046631 0.43752801418304443 0.0674000009894371 0.0832659974694252
1 0.43817099928855896 0.4711729884147644 0.07433000206947327 0.09418399631977081
1 0.8306379914283752 0.08296199887990952 0.05911000072956085 0.06463800370693207
1 0.8756129741668701 0.15700900554656982 0.06690599769353867 0.08160900324583054
1 0.6192659735679626 0.47469601035118103 0.06620600074529648 0.08241599798202515
2 0.4389689862728119 0.4717549979686737 0.07403899729251862 0.0976170003414154
1 0.7183619737625122 0.6822019815444946 0.06363999843597412 0.0702119991183281
2 0.5626130104064941 0.4933460056781769 0.06263799965381622 0.09557200223207474
1 0.37822601199150085 0.6400179862976074 0.060582999140024185 0.07870599627494812
1 0.20765000581741333 0.5278940200805664 0.07396300137042999 0.09067899733781815
1 0.5877789855003357 0.9557610154151917 0.05565499886870384 0.07413800060749054
1 0.03209500014781952 0.708968997001648 0.04425400123000145 0.06901399791240692
1 0.3266179859638214 0.7289019823074341 0.05709899961948395 0.06412699818611145
1 0.03873400017619133 0.9813129901885986 0.05104000121355057 0.036309998482465744
1 0.8970440030097961 0.016036000102758408 0.07346899807453156 0.030900999903678894
0 0.20741300284862518 0.5270619988441467 0.07307299971580505 0.09051399677991867
