2 0.531004011631012 0.3060950040817261 0.06872999668121338 0.0964760035276413
0 0.4595719873905182 0.07550500333309174 0.0648759976029396 0.07810100167989731
0 0.5118880271911621 0.9202269911766052 0.06334099918603897 0.0785909965634346
2 0.9713590145111084 0.7418040037155151 0.057280998677015305 0.07880400121212006
2 0.7237650156021118 0.45712900161743164 0.06483999639749527 0.08319199830293655
2 0.6127139925956726 0.379393994808197 0.059960998594760895 0.08107300102710724
0 0.05613100156188011 0.9243289828300476 0.0954969972372055 0.12375099956989288
0 0.21212700009346008 0.691402018070221 0.07175499945878983 0.08755200356245041
0 0.43873998522758484 0.7539089918136597 0.06712300330400467 0.08155900239944458
0 0.14531999826431274 0.6862180233001709 0.07857000082731247 0.09945599734783173
2 0.49811801314353943 0.4973059892654419 0.06637799739837646 0.08033599704504013
0 0.4165309965610504 0.930961012840271 0.06315399706363678 0.07993599772453308
2 0.5772929787635803 0.448403000831604 0.0615370012819767 0.07852199673652649
0 0.5084779858589172 0.6247400045394897 0.06424599885940552 0.07860100269317627
0 0.46186599135398865 0.9327690005302429 0.054110001772642136 0.07437500357627869
