1 0.9517049789428711 0.9147840142250061 0.08949799835681915 0.1242929995059967
1 0.8655869960784912 0.5892559885978699 0.11951900273561478 0.1395680010318756
1 0.9021540284156799 0.7755119800567627 0.11157900094985962 0.12933599948883057
1 0.13340799510478973 0.1306149959564209 0.09849999845027924 0.12806199491024017
1 0.5898900032043457 0.18367399275302887 0.09296999871730804 0.11672600358724594
1 0.6041269898414612 0.3889549970626831 0.11125600337982178 0.11329499632120132
1 0.5469710230827332 0.6559839844703674 0.09645400196313858 0.12463700026273727
1 0.6278600096702576 0.5381770133972168 0.12594500184059143 0.14365999400615692
1 0.9606810212135315 0.6121309995651245 0.07398100197315216 0.1254419982433319
1 0.03482799977064133 0.14243200421333313 0.06965500116348267 0.1358100026845932
2 0.322627991437912 0.4700169861316681 0.09114599972963333 0.11691799759864807
2 0.08331000059843063 0.4632419943809509 0.08344099670648575 0.10957899689674377
2 0.5486559867858887 0.6580619812011719 0.09422300010919571 0.12402500212192535
1 0.08392699807882309 0.4611490070819855 0.08076400309801102 0.11059200018644333
0 0.5092549920082092 0.9723079800605774 0.08568400144577026 0.051920998841524124
2 0.590382993221283 0.18174299597740173 0.09015700221061707 0.11686599999666214
1 0.9730889797210693 0.786607027053833 0.052331000566482544 0.1312370002269745
2 0.0157880000770092 0.5639989972114563 0.0315760001540184 0.12309099733829498
1 0.6466019749641418 0.10220000147819519 0.1123260036110878 0.11786899715662003
1 0.3234489858150482 0.4675869941711426 0.0957299992442131 0.11753500252962112
1 0.569549024105072 0.8971800208091736 0.08129099756479263 0.09569399803876877
1 0.016087999567389488 0.040748998522758484 0.03217500075697899 0.08149900287389755
