0 0.17571799457073212 0.6912530064582825 0.0749870017170906 0.0913430005311966
0 0.5473549962043762 0.506928026676178 0.06790199875831604 0.09351799637079239
0 0.4331839978694916 0.4396609961986542 0.07644899934530258 0.09444800019264221
0 0.20090900361537933 0.46980801224708557 0.0863099992275238 0.10918799787759781
0 0.10724599659442902 0.6649990081787109 0.08216399699449539 0.09622900187969208
0 0.6354920268058777 0.0817210003733635 0.08131100237369537 0.10158900171518326
0 0.24767400324344635 0.3359920084476471 0.08610799908638 0.10654500126838684
0 0.13755199313163757 0.7438079714775085 0.062300000339746475 0.08153700083494186
0 0.13406799733638763 0.43246200680732727 0.0757720023393631 0.10345300287008286
0 0.7039650082588196 0.11370600014925003 0.08039899915456772 0.1085909977555275
0 0.8435260057449341 0.32177799940109253 0.08966200053691864 0.10547199845314026
0 0.3142400085926056 0.14736899733543396 0.08974500000476837 0.10600599646568298
0 0.3904210031032562 0.49127599596977234 0.06764800101518631 0.09750200062990189
0 0.3077020049095154 0.2781969904899597 0.0669810026884079 0.08359300345182419
0 0.893447995185852 0.3588699996471405 0.05845800042152405 0.07623700052499771
0 0.508355975151062 0.6714640259742737 0.06611700356006622 0.08222699910402298
0 0.6074150204658508 0.2786189913749695 0.07811799645423889 0.10268600285053253
2 0.5750139951705933 0.9008049964904785 0.06782300025224686 0.09995199739933014
0 0.7768300175666809 0.29193800687789917 0.06535899639129639 0.10722900182008743
0 0.20958800613880157 0.5602999925613403 0.07019200176000595 0.0739239975810051
0 0.8283039927482605 0.2313999980688095 0.08951099961996078 0.10946399718523026
0 0.48279398679733276 0.4784260094165802 0.075314000248909 0.10420800000429153
2 0.3479030132293701 0.42942100763320923 0.07064999639987946 0.09331700205802917
