0 0.8807790279388428 0.6650859713554382 0.08395200222730637 0.10468100011348724
0 0.723455011844635 0.7263789772987366 0.07386399805545807 0.09087999910116196
0 0.7776970267295837 0.6501169800758362 0.07187099754810333 0.09551600366830826
0 0.8024960160255432 0.7922430038452148 0.0684640035033226 0.09801500290632248
0 0.12268900126218796 0.7562689781188965 0.09205000102519989 0.1152459979057312
0 0.8648139834403992 0.8068490028381348 0.07022300362586975 0.08881799876689911
0 0.9562889933586121 0.809444010257721 0.08450700342655182 0.08995400369167328
0 0.8757010102272034 0.9553790092468262 0.07562600076198578 0.08538799732923508
0 0.7635999917984009 0.8852419853210449 0.08635500073432922 0.11383199691772461
0 0.7950369715690613 0.9719210267066956 0.13791699707508087 0.052494000643491745
