2 0.41848498582839966 0.39958900213241577 0.10348699986934662 0.13672800362110138
2 0.8614240288734436 0.5690420269966125 0.13835600018501282 0.1752309948205948
2 0.9793180227279663 0.5723819732666016 0.0374940000474453 0.10455600172281265
2 0.04131900146603584 0.6724249720573425 0.06511899828910828 0.08138500154018402
2 0.5379649996757507 0.019075000658631325 0.08716800063848495 0.03713399916887283
2 0.07581999897956848 0.8609330058097839 0.05306899920105934 0.06724099814891815
2 0.052319999784231186 0.9025539755821228 0.05178400129079819 0.05544999986886978
2 0.02775299921631813 0.40401598811149597 0.05550700053572655 0.10056500136852264
2 0.15222500264644623 0.6555349826812744 0.0874129980802536 0.11999499797821045
0 0.011106999590992928 0.07941299676895142 0.022214999422430992 0.08154600113630295
0 0.13064999878406525 0.3970879912376404 0.08316399902105331 0.10575199872255325
2 0.3445090055465698 0.3905960023403168 0.08276700228452682 0.11657299846410751
