2 0.1898840069770813 0.5073059797286987 0.07262600213289261 0.08582700043916702
2 0.08663800358772278 0.5264289975166321 0.06617199629545212 0.07993099838495255
2 0.21427500247955322 0.2699179947376251 0.06994999945163727 0.08943600207567215
2 0.1210319995880127 0.33274900913238525 0.07731799781322479 0.09526500105857849
2 0.1960880011320114 0.37907201051712036 0.07091300189495087 0.09171299636363983
2 0.2836039960384369 0.11256100237369537 0.07649300247430801 0.10259100049734116
2 0.1452450007200241 0.048062000423669815 0.07615099847316742 0.09244299679994583
2 0.10310699790716171 0.4235830008983612 0.0704130008816719 0.08832699805498123
2 0.07480199635028839 0.2469249963760376 0.0736669972538948 0.0955910012125969
2 0.020795000717043877 0.5264970064163208 0.04152499884366989 0.08899799734354019
2 0.3951599895954132 0.35374200344085693 0.05685099959373474 0.07908900082111359
2 0.42412298917770386 0.695114016532898 0.060697998851537704 0.07568799704313278
2 0.22068700194358826 0.10780099779367447 0.0662430003285408 0.08443699777126312
2 0.22982199490070343 0.34117498993873596 0.05278699845075607 0.07796099781990051
2 0.43129101395606995 0.12406200170516968 0.060155000537633896 0.07502800226211548
2 0.41613999009132385 0.38703200221061707 0.05380899831652641 0.05978899821639061
2 0.36240699887275696 0.27030399441719055 0.06196200102567673 0.07756800204515457
2 0.4304499924182892 0.5481380224227905 0.05323899909853935 0.07345899939537048
1 0.36262500286102295 0.27095499634742737 0.06556999683380127 0.07654000073671341
2 0.48473700881004333 0.44275298714637756 0.06622599810361862 0.06956499814987183
1 0.4860660135746002 0.44305700063705444 0.0650859996676445 0.06904400140047073
2 0.36890798807144165 0.5780109763145447 0.06121499836444855 0.06774500012397766
