2 0.8546079993247986 0.4023590087890625 0.1056400015950203 0.13850900530815125
2 0.3660210072994232 0.6282250285148621 0.11431899666786194 0.14612799882888794
2 0.9650980234146118 0.3315829932689667 0.06895700097084045 0.13679100573062897
2 0.5007659792900085 0.9227039813995361 0.10621900111436844 0.13592900335788727
1 0.780692994594574 0.23697899281978607 0.1258309930562973 0.1571120023727417
1 0.9498400092124939 0.03058999963104725 0.1003199964761734 0.06117900088429451
2 0.39428800344467163 0.9505130052566528 0.10518000274896622 0.09897299855947495
2 0.03475100174546242 0.9029520153999329 0.06030699983239174 0.07572399824857712
2 0.03757200017571449 0.7449979782104492 0.06214899942278862 0.07835900038480759
2 0.9831219911575317 0.12411800026893616 0.03375500068068504 0.12006500363349915
1 0.8472980260848999 0.022904999554157257 0.1364859938621521 0.04503199830651283
1 0.8074560165405273 0.9845330119132996 0.11327899992465973 0.03093400038778782
1 0.33779799938201904 0.9629510045051575 0.10516399890184402 0.07377800345420837
2 0.776557981967926 0.2408760040998459 0.12812000513076782 0.15105099976062775
2 0.2873550057411194 0.9064229726791382 0.044968001544475555 0.06457900255918503
