0 0.3249390125274658 0.7763109803199768 0.09258899837732315 0.11717099696397781
0 0.7850750088691711 0.44341498613357544 0.09039600193500519 0.1170549988746643
0 0.5428209900856018 0.9504799842834473 0.07782900333404541 0.09808400273323059
0 0.025794999673962593 0.28830400109291077 0.051589999347925186 0.11408499628305435
0 0.46406298875808716 0.9437029957771301 0.08671800047159195 0.11259499937295914
0 0.18415099382400513 0.38464298844337463 0.08570600301027298 0.11087899655103683
0 0.14139199256896973 0.49106699228286743 0.061455000191926956 0.08827199786901474
0 0.730318009853363 0.04790300130844116 0.10165999829769135 0.09580600261688232
0 0.6533799767494202 0.6913149952888489 0.07896099984645844 0.09759200364351273
0 0.6656889915466309 0.38752299547195435 0.0848739966750145 0.10904700309038162
0 0.7035589814186096 0.42069700360298157 0.07745499908924103 0.10226500034332275
2 0.8777729868888855 0.30940499901771545 0.06583300232887268 0.09828899800777435
0 0.7312790155410767 0.20746800303459167 0.08054699748754501 0.09748400002717972
0 0.30495700240135193 0.9516119956970215 0.08460500091314316 0.09677600115537643
0 0.6209400296211243 0.9637150168418884 0.09856300055980682 0.07224299758672714
0 0.21451200544834137 0.9143580198287964 0.08253899961709976 0.10698900371789932
0 0.9476000070571899 0.4423559904098511 0.08009800314903259 0.08352299779653549
0 0.9579179883003235 0.1723400056362152 0.07836800068616867 0.11000899970531464
