2 0.5334380269050598 0.3906469941139221 0.07152699679136276 0.0955670028924942
2 0.5706539750099182 0.19180899858474731 0.11253699660301208 0.13145600259304047
2 0.9179099798202515 0.0611019991338253 0.10618399828672409 0.1222039982676506
2 0.043074000626802444 0.784633994102478 0.08133900165557861 0.11461400240659714
2 0.22736500203609467 0.13226699829101562 0.1079540029168129 0.15207399427890778
2 0.4568279981613159 0.3418619930744171 0.0694269984960556 0.09509900212287903
2 0.5328270196914673 0.26608601212501526 0.07109499722719193 0.09040000289678574
2 0.34726399183273315 0.044009000062942505 0.09213999658823013 0.08801700174808502
2 0.6223210096359253 0.09856999665498734 0.09909500181674957 0.13674399256706238
2 0.03274000063538551 0.7205280065536499 0.06548000127077103 0.08076199889183044
2 0.9810919761657715 0.229543998837471 0.03701600059866905 0.142985001206398
2 0.5763880014419556 0.018936999142169952 0.07507500052452087 0.03787299990653992
2 0.9822459816932678 0.2016109973192215 0.03158099949359894 0.14320799708366394
2 0.9825400114059448 0.2558780014514923 0.031908001750707626 0.08924999833106995
