2 0.3948490023612976 0.6952700018882751 0.07487999647855759 0.09469400346279144
2 0.4745410084724426 0.6820899844169617 0.07586800307035446 0.10090900212526321
2 0.33845001459121704 0.26182299852371216 0.0883990004658699 0.10925000160932541
2 0.40887099504470825 0.18972599506378174 0.07497700303792953 0.1007080003619194
2 0.5322520136833191 0.5129719972610474 0.08030500262975693 0.10386700183153152
2 0.2857440114021301 0.1837249994277954 0.08282600343227386 0.10372799634933472
2 0.36622700095176697 0.06885600090026855 0.07139900326728821 0.08527299761772156
2 0.4892460107803345 0.12650400400161743 0.058726999908685684 0.09154800325632095
2 0.3425930142402649 0.3396170139312744 0.06797199696302414 0.06770999729633331
0 0.2638689875602722 0.023625999689102173 0.06262300163507462 0.04725300148129463
