2 0.5170360207557678 0.6039739847183228 0.09101100265979767 0.12049499899148941
2 0.4614439904689789 0.4815090000629425 0.08235900104045868 0.11239299923181534
2 0.33742401003837585 0.66668301820755 0.08468300104141235 0.10850200057029724
2 0.37289199233055115 0.5254369974136353 0.07831399887800217 0.11709199845790863
2 0.44154199957847595 0.577996015548706 0.06284400075674057 0.08875899761915207
2 0.06492500007152557 0.943988025188446 0.09122899919748306 0.11202400177717209
2 0.5520740151405334 0.9556710124015808 0.08641500025987625 0.08865900337696075
2 0.9436150193214417 0.7090380191802979 0.06815899908542633 0.07829400151968002
2 0.4640910029411316 0.7879170179367065 0.05276399850845337 0.07153800129890442
2 0.1834769994020462 0.14819400012493134 0.04539699852466583 0.05865800008177757
2 0.21507400274276733 0.10792899876832962 0.041404999792575836 0.054719001054763794
2 0.8415089845657349 0.4422380030155182 0.03494599834084511 0.07240500301122665
2 0.32803699374198914 0.44510599970817566 0.061841998249292374 0.08723200112581253
2 0.7326779961585999 0.9759269952774048 0.037999000400304794 0.04717100039124489
2 0.2349119931459427 0.6175969839096069 0.07535599917173386 0.08027199655771255
2 0.2906680107116699 0.5948889851570129 0.06528999656438828 0.08550500124692917
2 0.29093000292778015 0.031241999939084053 0.04485899955034256 0.05286199972033501
2 0.3812279999256134 0.26392099261283875 0.04920399934053421 0.07232999801635742
