2 0.11306600272655487 0.22755500674247742 0.07202699780464172 0.09589699655771255
2 0.22958700358867645 0.4886719882488251 0.07376699894666672 0.0873359963297844
2 0.04950400069355965 0.5099179744720459 0.06636200100183487 0.08938100188970566
2 0.15970100462436676 0.3135029971599579 0.07930099964141846 0.09647499769926071
2 0.2513029873371124 0.24977999925613403 0.07421799749135971 0.09239400178194046
2 0.2573640048503876 0.08512900024652481 0.07043299823999405 0.0887949988245964
2 0.32207798957824707 0.09370700269937515 0.07867199927568436 0.11043699830770493
2 0.1268800050020218 0.5095610022544861 0.06515400111675262 0.07906199991703033
2 0.14367400109767914 0.40720200538635254 0.0675790011882782 0.08423800021409988
2 0.4657909870147705 0.6781830191612244 0.05794199928641319 0.0751589983701706
2 0.18394100666046143 0.03725000098347664 0.07822100073099136 0.07280600070953369
2 0.23686499893665314 0.35875698924064636 0.06980299949645996 0.09384799748659134
2 0.47029998898506165 0.10232800245285034 0.06417600065469742 0.07525999844074249
2 0.40441301465034485 0.25265300273895264 0.06325600296258926 0.07932499796152115
2 0.4328260123729706 0.3286980092525482 0.05616699904203415 0.08049499988555908
2 0.2677859961986542 0.31995201110839844 0.056070998311042786 0.07502199709415436
2 0.5249410271644592 0.42703500390052795 0.06121499836444855 0.07219500094652176
1 0.5839160084724426 0.07063400000333786 0.058827999979257584 0.06858000159263611
2 0.5851269960403442 0.0695519968867302 0.05648599937558174 0.07309400290250778
2 0.4047670066356659 0.5572190284729004 0.06463299691677094 0.0698309987783432
