2 0.5512279868125916 0.7358930110931396 0.08777999877929688 0.11239399760961533
2 0.4442099928855896 0.5239859819412231 0.08357399702072144 0.10471999645233154
2 0.4881350100040436 0.6644610166549683 0.0737219974398613 0.09984900057315826
2 0.42601698637008667 0.3221839964389801 0.07475999742746353 0.12981300055980682
2 0.36518099904060364 0.3092229962348938 0.07687599956989288 0.0981770008802414
2 0.3709540069103241 0.14525200426578522 0.06169300153851509 0.09422200173139572
2 0.5775359869003296 0.8277440071105957 0.07329899817705154 0.06781499832868576
2 0.5599390268325806 0.652754008769989 0.07953900098800659 0.08906099945306778
2 0.30103999376296997 0.2081349939107895 0.07657600194215775 0.08736799657344818
2 0.42011699080467224 0.20280100405216217 0.0576540008187294 0.06703799962997437
