1 0.05612799897789955 0.5616199970245361 0.1122559979557991 0.14341199398040771
1 0.26057499647140503 0.5135980248451233 0.08814399689435959 0.09236299991607666
1 0.2144310027360916 0.5974289774894714 0.1268330067396164 0.1416960060596466
1 0.04978900030255318 0.8074020147323608 0.08943500369787216 0.14312100410461426
1 0.11555100232362747 0.7211740016937256 0.09830500185489655 0.12077099829912186
1 0.3181529939174652 0.6394370198249817 0.12376300245523453 0.1314059942960739
1 0.5180590152740479 0.5908480286598206 0.060896001756191254 0.07749500125646591
1 0.013775000348687172 0.6680859923362732 0.027549000456929207 0.12247499823570251
1 0.5700849890708923 0.5877090096473694 0.054322998970746994 0.06867700070142746
2 0.5954639911651611 0.27727898955345154 0.06750799715518951 0.13018199801445007
