0 0.8045849800109863 0.8228129744529724 0.0872109979391098 0.11291799694299698
0 0.3991070091724396 0.6526749730110168 0.08246500045061111 0.10025200247764587
0 0.31235000491142273 0.6384660005569458 0.08567599952220917 0.10095299780368805
0 0.3853380084037781 0.5334600210189819 0.08755599707365036 0.11921100318431854
0 0.42484501004219055 0.38426700234413147 0.09991800040006638 0.1126750037074089
0 0.9813079833984375 0.6681280136108398 0.03504600003361702 0.10486499965190887
0 0.08098900318145752 0.5935389995574951 0.09471999853849411 0.11864899843931198
0 0.24053600430488586 0.022748999297618866 0.06870900094509125 0.045184001326560974
0 0.4683949947357178 0.6698060035705566 0.08406099677085876 0.11378899961709976
0 0.746222972869873 0.8821380138397217 0.07806099951267242 0.13566899299621582
0 0.9784610271453857 0.9262369871139526 0.04154700040817261 0.09676700085401535
0 0.34716498851776123 0.7545269727706909 0.10660699754953384 0.12797799706459045
0 0.9831219911575317 0.653207004070282 0.03375500068068504 0.12753400206565857
0 0.7857779860496521 0.6904069781303406 0.08538100123405457 0.11320199817419052
0 0.7236359715461731 0.7113059759140015 0.10297100245952606 0.13772399723529816
