2 0.28130900859832764 0.1620279997587204 0.09012199938297272 0.11884299665689468
2 0.8185619711875916 0.26688000559806824 0.08048500120639801 0.10194999724626541
2 0.619159996509552 0.17395399510860443 0.07471200078725815 0.09671500325202942
2 0.47322899103164673 0.0905039981007576 0.07942699640989304 0.09062600135803223
0 0.968163013458252 0.5816609859466553 0.06367400288581848 0.12749500572681427
0 0.5906839966773987 0.9108390212059021 0.11668500304222107 0.14525799453258514
2 0.8810099959373474 0.7118239998817444 0.06235000118613243 0.078063003718853
1 0.6162570118904114 0.7004870176315308 0.06469099968671799 0.07719399780035019
1 0.4166730046272278 0.49401700496673584 0.10728900134563446 0.14584100246429443
0 0.7296440005302429 0.2594720125198364 0.09126300364732742 0.11792299896478653
2 0.46728700399398804 0.09315100312232971 0.0659089982509613 0.07618699967861176
0 0.6765459775924683 0.4220449924468994 0.0851769968867302 0.11051800101995468
0 0.22138699889183044 0.23311300575733185 0.06589200347661972 0.08164499700069427
