1 0.19321799278259277 0.738968014717102 0.12568899989128113 0.14993000030517578
1 0.303741991519928 0.5538269877433777 0.11510699987411499 0.14050300419330597
1 0.5163829922676086 0.4269089996814728 0.1269560009241104 0.15116800367832184
1 0.48680999875068665 0.6587679982185364 0.09308599680662155 0.10837399959564209
1 0.9193300008773804 0.927603006362915 0.08436600118875504 0.10633300244808197
1 0.5786280035972595 0.21795199811458588 0.12275400012731552 0.14808499813079834
1 0.4472459852695465 0.7548720240592957 0.11083199828863144 0.12912599742412567
2 0.44700801372528076 0.7532250285148621 0.11177899688482285 0.1287519931793213
2 0.024320999160408974 0.10579299926757812 0.04864199832081795 0.15160900354385376
2 0.5480170249938965 0.770334005355835 0.10811100155115128 0.1303499937057495
2 0.918658971786499 0.9256550073623657 0.08529700338840485 0.10679999738931656
1 0.5457310080528259 0.7710790038108826 0.10643400251865387 0.13009899854660034
2 0.06869299709796906 0.048128001391887665 0.11272300034761429 0.09625499695539474
2 0.022729000076651573 0.13034699857234955 0.045458998531103134 0.17242899537086487
