0 0.5181760191917419 0.7794950008392334 0.08956100046634674 0.11629900336265564
0 0.6941059827804565 0.22089000046253204 0.08921899646520615 0.11209800094366074
0 0.8501989841461182 0.13973399996757507 0.09097299724817276 0.1194629967212677
0 0.4215399920940399 0.786870002746582 0.10408700257539749 0.1284170001745224
0 0.032951999455690384 0.31113898754119873 0.06489899754524231 0.12993000447750092
0 0.5907769799232483 0.8947870135307312 0.07410400360822678 0.10624799877405167
0 0.9276940226554871 0.08173900097608566 0.08307900279760361 0.11741700023412704
0 0.6068819761276245 0.16489200294017792 0.08799400180578232 0.10735800117254257
0 0.6674119830131531 0.8801349997520447 0.0702499970793724 0.09343499690294266
0 0.076664999127388 0.16654300689697266 0.09463100135326385 0.12832100689411163
0 0.6291379928588867 0.4796470105648041 0.07730899751186371 0.11272399872541428
0 0.10190100222826004 0.8176649808883667 0.09775199741125107 0.12727199494838715
0 0.7571820020675659 0.23715099692344666 0.06840900331735611 0.09727799892425537
2 0.695855975151062 0.6210939884185791 0.06504099816083908 0.09392999857664108
0 0.19300000369548798 0.8109530210494995 0.09690999984741211 0.1367419958114624
0 0.2217710018157959 0.06664399802684784 0.0836229994893074 0.12894800305366516
0 0.22208499908447266 0.08792199939489365 0.07913000136613846 0.08268100023269653
