0 0.5844690203666687 0.18267999589443207 0.06941699981689453 0.09014800190925598
0 0.8977890014648438 0.19966399669647217 0.06692299991846085 0.08858399838209152
0 0.1734050065279007 0.10714499652385712 0.08813700079917908 0.11418300122022629
1 0.24418799579143524 0.3680259883403778 0.08604300022125244 0.10089399665594101
1 0.0300890002399683 0.22916699945926666 0.05874999985098839 0.12097000330686569
1 0.3102560043334961 0.6272850036621094 0.08045099675655365 0.09946899861097336
1 0.2591390013694763 0.47479701042175293 0.07783699780702591 0.09704700112342834
1 0.14136099815368652 0.28442999720573425 0.08729899674654007 0.116737000644207
2 0.07323800027370453 0.3162660002708435 0.06943400204181671 0.09704499691724777
1 0.986382007598877 0.04586600139737129 0.02723499946296215 0.091730996966362
