2 0.16161200404167175 0.4282439947128296 0.08855800330638885 0.11022499948740005
2 0.03929800167679787 0.4721130132675171 0.07859600335359573 0.09970299899578094
2 0.3316099941730499 0.5417249798774719 0.07349400222301483 0.09316500276327133
2 0.031140999868512154 0.7967939972877502 0.062073998153209686 0.10806699842214584
2 0.12396299839019775 0.9574739933013916 0.08890099823474884 0.0850519984960556
2 0.08598800003528595 0.30187198519706726 0.08184300363063812 0.10601700097322464
2 0.0792350023984909 0.8404549956321716 0.07095400243997574 0.0913740023970604
2 0.07681799679994583 0.21097299456596375 0.07744300365447998 0.09768199920654297
2 0.05134600028395653 0.28203800320625305 0.09822099655866623 0.12314900010824203
2 0.033713001757860184 0.2772290110588074 0.06495200097560883 0.11071600019931793
2 0.0747160017490387 0.28309300541877747 0.09987500309944153 0.13429300487041473
2 0.020983999595046043 0.27816998958587646 0.04196900129318237 0.10087499767541885
