2 0.09615200012922287 0.1948319971561432 0.07373899966478348 0.10700800269842148
2 0.6563230156898499 0.4195510149002075 0.09355100244283676 0.1254359930753708
2 0.7915560007095337 0.27417001128196716 0.09052199870347977 0.13060499727725983
2 0.694998025894165 0.24303600192070007 0.07793399691581726 0.1077599972486496
2 0.6200590133666992 0.04483899846673012 0.08339499682188034 0.08967799693346024
2 0.03229900076985359 0.19547699391841888 0.06320499628782272 0.10993599891662598
2 0.974951982498169 0.35992199182510376 0.04957500100135803 0.09187000244855881
2 0.7657470107078552 0.3869909942150116 0.06645800173282623 0.09020700305700302
2 0.010610999539494514 0.3862740099430084 0.02015800029039383 0.11853399872779846
2 0.779803991317749 0.4585080146789551 0.05802299827337265 0.08632499724626541
2 0.9858559966087341 0.28196200728416443 0.02518800087273121 0.08525600284337997
2 0.7728639841079712 0.450531005859375 0.059790998697280884 0.07089599967002869
2 0.8224490284919739 0.3163929879665375 0.06249599903821945 0.10429900139570236
2 0.011117000132799149 0.3720279932022095 0.022235000506043434 0.10328400135040283
2 0.9893209934234619 0.27986401319503784 0.02062400057911873 0.07971300184726715
2 0.4334009885787964 0.5318790078163147 0.03116999939084053 0.12309899926185608
0 0.20849500596523285 0.791841983795166 0.05244399979710579 0.06521400064229965
