2 0.18064400553703308 0.8533419966697693 0.07142700254917145 0.08300100266933441
0 0.9098799824714661 0.5946850180625916 0.0479310005903244 0.06228100135922432
0 0.7756760120391846 0.2045300006866455 0.05364599823951721 0.0678509995341301
0 0.7288690209388733 0.2441840022802353 0.05981000140309334 0.07376600056886673
0 0.015436000190675259 0.8510310053825378 0.030652999877929688 0.09624800086021423
2 0.1680929958820343 0.5343390107154846 0.07112099975347519 0.08846200257539749
2 0.349837988615036 0.3961769938468933 0.06485199928283691 0.08146700263023376
2 0.2394780069589615 0.46164101362228394 0.07463700324296951 0.0942320004105568
0 0.8659219741821289 0.37140899896621704 0.05509699881076813 0.06582000106573105
0 0.950311005115509 0.5301370024681091 0.04729999974370003 0.06558399647474289
2 0.7538110017776489 0.047621000558137894 0.06532900035381317 0.08152899891138077
0 0.6635450124740601 0.6225330233573914 0.043487999588251114 0.07049299776554108
