0 0.8222330212593079 0.4448480010032654 0.07209199666976929 0.09209299832582474
0 0.1583860069513321 0.4742009937763214 0.11286400258541107 0.1351969987154007
1 0.4838080108165741 0.6650769710540771 0.07962899655103683 0.09582299739122391
1 0.4971430003643036 0.7700200080871582 0.07635100185871124 0.09897200018167496
0 0.4243040084838867 0.42489200830459595 0.08082599937915802 0.10212399810552597
0 0.04373199865221977 0.32537099719047546 0.08560299873352051 0.12646999955177307
1 0.3583410084247589 0.7916970252990723 0.06755000352859497 0.09274400025606155
1 0.33788201212882996 0.08083199709653854 0.08001299947500229 0.12533600628376007
0 0.7207679748535156 0.9728950262069702 0.05747099965810776 0.05420999974012375
1 0.2728689908981323 0.5786600112915039 0.10347200185060501 0.13261699676513672
1 0.3790299892425537 0.5455650091171265 0.08552499860525131 0.10559400171041489
0 0.38023701310157776 0.545993983745575 0.08180999755859375 0.10653399676084518
