0 0.4815489947795868 0.11412099748849869 0.07618000358343124 0.09624700248241425
0 0.45501598715782166 0.42657798528671265 0.07367900013923645 0.09557200223207474
0 0.4860819876194 0.30013400316238403 0.07814999669790268 0.0991159975528717
0 0.5294560194015503 0.3789139986038208 0.07365699857473373 0.09543699771165848
0 0.9321249723434448 0.5327110290527344 0.08323600143194199 0.10762500017881393
0 0.535535991191864 0.21314500272274017 0.08461900055408478 0.10015600174665451
0 0.8732920289039612 0.5621060132980347 0.082846999168396 0.1104229986667633
0 0.9665039777755737 0.24776600301265717 0.06699100136756897 0.09385199844837189
0 0.9049990177154541 0.452349990606308 0.09456700086593628 0.10428900271654129
0 0.4448690116405487 0.25990599393844604 0.06592199951410294 0.09075099974870682
0 0.8935390114784241 0.9763439893722534 0.08765500038862228 0.047228001058101654
0 0.34619900584220886 0.9435290098190308 0.07186800241470337 0.09205800294876099
0 0.81802898645401 0.9741979837417603 0.06917999684810638 0.05106800049543381
0 0.944150984287262 0.33239099383354187 0.07883600145578384 0.11274799704551697
