2 0.33563899993896484 0.5817220211029053 0.08027099817991257 0.11229199916124344
2 0.5597590208053589 0.8268920183181763 0.09176699817180634 0.11456800252199173
2 0.3692519962787628 0.2895619869232178 0.07640299946069717 0.11231900006532669
2 0.53814697265625 0.5010430216789246 0.07281199842691422 0.09942899644374847
2 0.6050829887390137 0.3763599991798401 0.07272099703550339 0.09715399891138077
2 0.3177489936351776 0.07081300020217896 0.10082799941301346 0.1348399966955185
2 0.47461798787117004 0.323309987783432 0.07292100042104721 0.11550299823284149
2 0.5535079836845398 0.31181600689888 0.07769200205802917 0.10378599911928177
2 0.8104450106620789 0.11176999658346176 0.07856699824333191 0.10075400024652481
2 0.4654429852962494 0.18274299800395966 0.06722000241279602 0.12075600028038025
2 0.6311929821968079 0.25810399651527405 0.07486499845981598 0.11487899720668793
2 0.5188609957695007 0.16433100402355194 0.06906700134277344 0.10585799813270569
2 0.011745000258088112 0.25157099962234497 0.022878000512719154 0.10335999727249146
2 0.8255019783973694 0.24735499918460846 0.07154899835586548 0.09641200304031372
2 0.023930000141263008 0.3937459886074066 0.047860000282526016 0.07259500026702881
2 0.6301779747009277 0.23849600553512573 0.07570900022983551 0.1064779981970787
2 0.01269499957561493 0.23408399522304535 0.02538999915122986 0.10068199783563614
2 0.818153977394104 0.2613550126552582 0.06991399824619293 0.10430999845266342
