2 0.8809319734573364 0.37407898902893066 0.10068999975919724 0.12004099786281586
2 0.768796980381012 0.5973929762840271 0.10265900194644928 0.12589000165462494
2 0.8519459962844849 0.7585039734840393 0.10437300056219101 0.1316470056772232
2 0.9352380037307739 0.6429229974746704 0.08077400177717209 0.1151840016245842
2 0.40778499841690063 0.6808509826660156 0.1627490073442459 0.19265200197696686
2 0.9639880061149597 0.17479699850082397 0.07160600274801254 0.1174279972910881
2 0.9741950035095215 0.713329017162323 0.047690000385046005 0.06998299807310104
2 0.9673799872398376 0.4704729914665222 0.06233099848031998 0.11301299929618835
2 0.012350999750196934 0.4356299936771393 0.023358000442385674 0.07021299749612808
2 0.7057179808616638 0.3212299942970276 0.10067199915647507 0.1292479932308197
2 0.9703400135040283 0.28408199548721313 0.05548499897122383 0.12599299848079681
2 0.6669629812240601 0.8352149724960327 0.15260100364685059 0.1936579942703247
2 0.6624249815940857 0.4370259940624237 0.07159800082445145 0.10545399785041809
1 0.7050510048866272 0.3203420042991638 0.0993179976940155 0.12883000075817108
2 0.013167999684810638 0.40489301085472107 0.026033999398350716 0.06202400103211403
