0 0.199864000082016 0.7524009943008423 0.07215499877929688 0.08876299858093262
0 0.22369399666786194 0.5434269905090332 0.08206400275230408 0.10475499927997589
0 0.1360969990491867 0.7254840135574341 0.07427500188350677 0.0919639989733696
0 0.2700909972190857 0.41296398639678955 0.08213700354099274 0.10408700257539749
0 0.4462049901485443 0.5112000107765198 0.07317300140857697 0.08962800353765488
0 0.5554869771003723 0.57396399974823 0.06651099771261215 0.09482099860906601
0 0.6371750235557556 0.1709509938955307 0.07878399640321732 0.10150299966335297
0 0.7042919993400574 0.2026900053024292 0.07947800308465958 0.10989899933338165
0 0.16131100058555603 0.5057209730148315 0.07283700257539749 0.0984560027718544
0 0.16289399564266205 0.8020399808883667 0.06002900004386902 0.07498600333929062
0 0.6116949915885925 0.35724401473999023 0.0750029981136322 0.09518799930810928
0 0.7493100166320801 0.07625900208950043 0.0794449970126152 0.09711100161075592
0 0.3241429924964905 0.3532179892063141 0.06471599638462067 0.08741100132465363
0 0.3321000039577484 0.2325569987297058 0.08422599732875824 0.10086700320243835
0 0.774815022945404 0.3687160015106201 0.06282299757003784 0.10043500363826752
0 0.838362991809845 0.3954879939556122 0.08442199975252151 0.09625399857759476
0 0.8872259855270386 0.4309079945087433 0.05967399850487709 0.07381899654865265
0 0.4047839939594269 0.5610560178756714 0.06545999646186829 0.09723299741744995
0 0.8275859951972961 0.21062099933624268 0.0621969997882843 0.09731599688529968
0 0.5189300179481506 0.7336050271987915 0.06676100194454193 0.0823810026049614
0 0.3647730052471161 0.5006409883499146 0.06619899719953537 0.08990500122308731
0 0.10916899889707565 0.978082001209259 0.07005900144577026 0.04377700015902519
1 0.5831360220909119 0.9501969814300537 0.06916800141334534 0.08915399760007858
0 0.49271801114082336 0.5461220145225525 0.0729990005493164 0.10111899673938751
0 0.8234289884567261 0.3070400059223175 0.08462399989366531 0.09623400121927261
