2 0.8377230167388916 0.6965829730033875 0.0694819986820221 0.0961190015077591
2 0.5617390275001526 0.11417599767446518 0.08706499636173248 0.11866799741983414
2 0.502219021320343 0.4198009967803955 0.08745600283145905 0.11625199764966965
2 0.6417279839515686 0.10112199932336807 0.07780200242996216 0.12273500114679337
2 0.47758999466896057 0.2793489992618561 0.09095499664545059 0.11211500316858292
1 0.7423409819602966 0.5435130000114441 0.08018200099468231 0.10376500338315964
2 0.7836790084838867 0.7579650282859802 0.07769499719142914 0.09087900072336197
2 0.44872400164604187 0.16509200632572174 0.08232700079679489 0.11170600354671478
1 0.9356809854507446 0.2018129974603653 0.09565000236034393 0.10169100016355515
2 0.24506400525569916 0.3945170044898987 0.07225699722766876 0.10555200278759003
2 0.7663210034370422 0.6508939862251282 0.07530300319194794 0.09973999857902527
2 0.8324739933013916 0.5946509838104248 0.07571499794721603 0.09110599756240845
1 0.7465440034866333 0.3064649999141693 0.08673600107431412 0.09819500148296356
2 0.8915770053863525 0.314393013715744 0.06381800025701523 0.07257500290870667
2 0.8218640089035034 0.8807029724121094 0.05586700141429901 0.07841899991035461
2 0.5810109972953796 0.03179499879479408 0.07091400027275085 0.06359100341796875
2 0.7437390089035034 0.30632999539375305 0.0836469978094101 0.09969799965620041
2 0.8285009860992432 0.43025100231170654 0.03985000029206276 0.09647099673748016
2 0.6857600212097168 0.7249630093574524 0.06745100021362305 0.07099299877882004
1 0.5803580284118652 0.029696999117732048 0.07236199826002121 0.059393998235464096
1 0.4802969992160797 0.6421629786491394 0.08087299764156342 0.06782999634742737
