2 0.6992890238761902 0.2721650004386902 0.07657600194215775 0.10536400228738785
2 0.25500500202178955 0.312857985496521 0.07049000263214111 0.09034699946641922
2 0.4394559860229492 0.19214999675750732 0.06885799765586853 0.084415003657341
2 0.3132520020008087 0.23958800733089447 0.10789400339126587 0.10445199906826019
2 0.21883800625801086 0.22352899610996246 0.07116600126028061 0.09303099662065506
2 0.06301400065422058 0.07030700147151947 0.07513199746608734 0.09779399633407593
2 0.08212900161743164 0.17397500574588776 0.07296500355005264 0.09468399733304977
2 0.02635899931192398 0.11584600061178207 0.052717000246047974 0.10121099650859833
2 0.6520500183105469 0.1886029988527298 0.0691789984703064 0.09394299983978271
2 0.7762669920921326 0.1542550027370453 0.07215400040149689 0.08919800072908401
2 0.39190399646759033 0.03300600126385689 0.07466699928045273 0.06601099669933319
2 0.12484700232744217 0.048983000218868256 0.0727429986000061 0.09020700305700302
2 0.023107999935746193 0.03452000021934509 0.046215999871492386 0.0686580017209053
2 0.19006599485874176 0.03988099843263626 0.07205700129270554 0.07874500006437302
2 0.7190250158309937 0.2028529942035675 0.07838500291109085 0.09864900261163712
